10403 420 -581068593 1303165292 -1646888563
444953491 -794575837 -1151404669 1646391734 -1076153857
-163069011 224633652 -190387724 -219628 -1231273080
-1714476697 -1998978959 -483741991 -1778698020 -1389881184
-1455513403 -1232693159 34438891 -1588344250 -841053324
-2091239448 1788712901 1379782907 -895711455 -976915824
-1686003465 530577924 -1487317806 1800967025 -591183778
-1463213239 -120502977 -1599556018 2038886727 -1770146857
1082404273 -276380822 -1326074062 45137727 -2145491577
-323102042 2061069475 1872999046 288194668 1378894010
-1584642529 -2026556309 -1949932282 404567037 1058429266
-1617598616 -1159064488 907555170 1629417099 -1045745819
1166189690 -1643329740 274997316 -1539657680 -1224327661
596258886 751024294 182278859 -774193686 206302580
315633056 -759006580 -1663582915 -634531324 1055326592
-2116089745 578951286 -1541948607 744596888 624603368
-1132413208 1057312300 1668272484 612138113 896359953
933870302 861634472 1562839728 254814992 743320583
-512232936 -1338267 -897262379 -765104664 394837174
-1918082651 279707489 928263406 1000211932 -63405733
-1210159529 -1513801895 -1898813300 1088491687 -1980081682
-1228144665 -1537728132 1437438825 -845903900 1699766783
-196209530 -1315681922 1328095504 -574046847 -655497461
-1707452972 -143349075 -1021370558 1574580174 -650955601
-978744204 1375438743 1651015656 -686689062 234375184
-352305522 736024506 1084222880 300816115 -1773295383
-770962138 568823985 -501192184 1706583315 -538325727
1773579660 707548893 -952584425 162867659 -1413520410
-1969686113 1917278722 183611263 -840330115 1436648800
123183324 -2081889581 519306400 2052299880 -29479444
-88439031 1657078376 824123224 150483651 1327982541
426612560 -1617278286 1780919420 1193978546 1344188427
-1675738037 -1849846149 -1230045043 1818143562 -1539850745
-380726670 -1628062517 -1054347462 -2020462440 95704982
385060465 -468085762 1184649704 -16441888 1521033328
-531076062 -1302301905 -1768796864 1451417471 698574931
409171429 936837896 592537117 -722285973 -600857411
2100369975 1436318321 -505489011 1704589293 936585987
2076497420 1734445647 -1915317163 634887844 632007785
-377678402 599415233 550945582 -264126961 -1436401238
-216978728 -1879050488 993479278 -961399066 258651464
-1535262635 1826658042 1957794577 -38066123 182035108
-1122144614 1805008076 -1762809075 717596084 751324897
-436635980 845894696 200285119 313727955 1790800545
-1483556497 1139806834 -1406873119 1890897063 -238431747
-74393897 1714745067 -1480600439 -1781303989 -1206410527
938666857 -1544711086 -1303844147 -1558956815 1304510654
-1653882054 1066168862 -387373434 -1231666053 -76859372
-1108929492 145735363 1649765191 -1194786389 35422995
-1903748080 457781089 1390585408 1364034125 -63375819
2093516119 -846627368 1985859753 -2052356166 1576095929
-1919464271 -1351740238 -16952897 -1586451370 -564531277
1498597286 -1528372045 -1746363349 -1228843609 264428991
903305510 137791975 -1223198092 91753394 1111825143
1521930903 64035333 1664647830 1560763490 -428263928
-1779139168 967510624 134358103 -1506456754 1571001982
253249595 -1494898146 2020397423 -14070009 -1759276308
626143649 -1498045908 209035303 -1830497859 911744464
-1785865577 945237888 -1935648300 -1961698217 553189008
-1022881705 -92559411 -2125543209 179903547 862883597
1361753538 723977878 -1927660047 -1043215246 -211883835
1450527246 -784053944 -469312970 1593277100 589381709
-378255631 -2137681719 1620344963 -208039552 -1870018805
-212988226 -176030648 515368958 753439628 -401357570
-555415268 364797418 69503094 1399783609 454684407
-675212403 -1147552770 -1986027753 -868792750 -254984622
1295167048 1232823669 1086315465 815138703 -1891041881
-1308532762 289306651 490309635 1718419001 -1668490887
1549822664 -109470694 71850571 -54199596 -609378272
-1538935049 -1787500942 -325150484 -2127906262 147173362
-1650944040 1878710557 -785976941 1410189028 -1281297176
-1720339955 948579537 -517571686 -1767570479 -1068071614
426848523 354400490 168519617 -472540417 -1393094785
-77966281 1240989367 436102603 -1928267573 350897510
-167355652 -713481539 620244945 -1674819242 1143810738
-315800054 55689373 7470839 2046059682 2140472137
-1463345532 -1858751854 783654828 846882071 -1159991676
1966612230 1824615043 2086088748 16073948 -786441902
1714935178 485251460 834783718 1686288558 -73297258
-1697710434 1758888731 1138033769 -1088322453 -861858527
-744533212 -917434093 -290106409 1126647349 1747940305
992680657 865052445 -713666049 812901046 -2044455623
2095584795 1216233869 867932960 -799106150 1069856784
643821270 865053296 -1570566505 -1839728090 1543338562
-951521777 419829715 -911070578 659406828 -1468937898
-242661626 -310282049 -1857098451 -165001566 514975384
294868471 670855324 -1670578773 -110906068 -774672988
1710967 481376133 -600479447 -41423476 -2116454077
635370912 2080700823 1086657279 320997835 -838822262
1125355781 1302753970 1532453710 -2079445627 1205217980
-1076294540 1254247639 -1804292909 -1067942368 218353022
-877322761 -1681936955 -1453809102 -91987441 1222914831
-227299102 1779493536 1248464369 1023219465 -1261067536
-1285390704 -1428107700 350629869 -1770825086 -1543077621
-2067066597 2034718597 262311524 398978165 1057843884
-497479207 -326701676 113021138 560135743 679141503
896305128 -1048376579 1102467645 1428733406 -198979397
-533275319 -172497706 964037007 -478885540 -1761556772
2074647257 51697521 -237569292 1790155615 195505709
-1543004559 -844058170 357389079 -178609662 -1133646847
-1144928372 -1644207603 -1429334034 -1115568791 1802754862
-1800816320 -232918354 -818281222 -2001256266 -509566498
-1465602828 1643518641 -1713908527 -1635424357 1862974893
-1554428101 1784556936 -1493326136 -1517364861 -1078335841
-193603735 -1982615372 967784392 122306300 -1682363670
1477422486 985535230 513271252 320496193 258802173
-1291442319 1423436094 459063659 -807824141 -1306278549
-550839292 415749782 1738720140 1849609256 204751204
288192583 124297219 -824450683 -392382648 -299873127
1095749315 -1928826408 -215670760 -1861757447 -1175286504
-1940571028 1131541256 1863611755 -431675767 -399359822
-994163370 -569115686 -1952749940 1603491066 -1395113424
1713276460 -2001840140 -14723455 -117663202 -1808606778
-998228816 154383513 -1727734786 -365820118 1737877719
-234048978 -591293763 -777884975 -1128554199 -2084180152
1218386188 297053221 -1138446896 1933904046 630704542
537441894 -386996066 862127200 2069027526 1686365594
813298057 103456199 -1778195572 258399410 -2124200508
718306879 1652067711 -1088592604 1830298572 -742335679
1950758107 477800256 207555930 -1837465026 -562156921
591342512 -1289411424 1973783269 343841545 -1304913305
-1126544281 1825048833 301980128 2073565448 318685972
2038338418 1307392619 -2052537057 -258771719 -1778194699
1891740209 1289306280 1192325634 451333125 774004631
-1745182379 2108065033 1834441908 1383611830 -899318957
143128787
