10403 372 -890367756 -176347491 -1270803509
1942554262 376589115 1929290808 760939937 -405451067
-1159293399 -1004920070 -1153364842 -35633455 -121324042
1843645057 -1211381528 -1542608741 224105558 -1008355225
1354600865 1104765961 -520148917 -2116315858 -101872927
801363274 -1168602333 60418109 185803868 34983085
-612494539 1622928229 857690428 -617295498 1252228469
-218669868 -2050292128 1559661112 471564009 -1330659767
-788456811 -976352271 186634432 339067563 1294172790
511521653 1747495394 -1948812494 -663688618 -1420707403
-586132827 645378149 431861648 838049966 -1210262613
868951961 -865303328 -597536192 636256445 1862647089
1905466629 -734432848 -1238679467 277483706 -2051918751
-331676381 682523378 1922492890 1931542830 -1281797498
1212178334 1127748636 1141627821 -331999477 -2083349324
955171721 -1133416309 -657969241 -496168461 -2080817506
-1615273728 639542076 -643750 -1270275675 -2027752588
-745195845 -588051745 -1985047190 1275025227 885682565
1403316443 1291187287 126773781 -516308782 -548069853
-605930101 -258495025 -1161792132 2091173963 287828721
1200478274 125454793 1364499684 922348570 -444964813
-1774602238 168059503 -1492145133 1797775815 -1187432993
-2132099690 583590107 354586638 -1236583790 -948674320
-1996645245 -2009947112 753700077 -1729093672 -238186743
877238030 -1320610944 -1544282798 1932511879 -1756675648
22351995 1926812155 835497699 740585484 1550859892
-1767700462 1255115873 -58851426 101641940 -1660886944
-2060707677 -299053594 -442309964 -1234214788 -345531624
1638454068 -169629021 348079217 -1423801365 -2040356169
1919253145 -1799157441 -697257505 -2146059036 -370035652
1995713953 -1872607336 1450292315 -1547260072 980301737
1683364067 1515344661 -1606471904 -2116632560 1265090136
-89210483 81422871 2082997158 866674253 1065353330
1205862051 2118778901 -2052371780 -396556431 -126701947
1354839513 -402199847 1940718638 331518973 -355367606
970360282 1205946484 1366362802 55313479 -687302692
-1054564857 1416662288 -457064712 1293790394 522129081
-1030278823 -1883128597 1145454283 483401831 609587469
-645078802 -713794706 -1555684144 2036972919 909509973
-432332185 1105243984 1922138754 -2063613107 -1422595271
1066203442 1192487484 2079041994 1499481316 128955593
776996048 982511514 -603194412 -1190821801 167781591
-362584977 1915526683 2119313774 -683287976 -1650339998
-727058798 1058500525 -1793848552 -266109186 1075333395
2113804794 -1807707784 -757925725 -673199854 -275391216
-1218774085 1246786728 -702979869 -1907079173 -534046082
-605632445 -632812 58265772 -994062673 1140498887
-960788523 371193689 -2127817974 1317434423 1597313145
1043416640 1410662607 -997606175 -822698541 792132272
-1595265 841894262 -1089225126 -1899109796 977670712
-593674376 -1434631210 -2036426125 -1079861908 -117497111
-41675634 1158246319 195556876 1877333363 1767623315
503985727 -837175463 269546510 196751898 -1033766448
589523125 2097285172 115486610 1781243109 -1072971473
-1864476493 1211293526 1436194483 1847500244 -793222906
-188724323 993460075 327583846 -111850731 3003769
-119536652 1494922149 -2103361355 586605898 -319084666
919260967 -316735174 -598305864 699030062 -1069382609
-1757393071 -2047396918 222301953 -469964715 -483971956
1311934266 444101741 681033299 872058216 589189861
-1817906770 -1663619449 -1613246067 611995367 1844685308
990334673 -656671785 -1818336710 -127308480 -935437032
-1379683805 784453951 -957447339 -1711445015 1514858349
-673443706 1345711319 104796688 1146457604 -471912463
2002614702 -1756406609 -1456678707 -1562925278 -709907326
1441590520 -730777720 -1146098645 -810239806 1343252587
94065687 -1716864489 -1103101691 -649049817 -1337919798
-1644685567 -1478606308 634686311 -1476498090 -1130811392
346053789 -1510488343 -2121039722 -313244433 1121290152
-1483551686 1661729714 472223689 -63457265 -842396982
-322745942 224439980 507496791 -1003872914 1987746086
498197724 1592485958 -1212972320 -884741818 1657772516
-2130280344 -1026493475 20679711 848183539 657015634
-1630196702 1928329948 -1531074794 680431873 1352370634
-856070074 -361094917 -913038234 -435381781 -2063010419
1630268072 799526237 558962742 -2012179862 1801176917
-1350019869 169369242 -1169986618 47177249 -849872087
-95864693 1719427544 -535886360 1345066175 227926335
1104976722 1914057284 1426074823 -1441992792 1765738871
1619382116 2008165935 -220491826 1776434652 1120995598
312298801 -565084828 1419788933 -463372700 -1430452936
416488275 1912293764 -1311029607 1824382659 -774792057
1179394271 190475420 489958637 -1040871417 -1998516509
-601853934 -946498463 -416207523 -1578730039 -1727695583
-647068453 -1123440900 -761335521 1157014749 1439567557
1205438880 1785114913 -1495751729 828440532 1079086439
-671209196 2015213902 28552854 1560014457 -1418157888
44526987 1199291511 1802169511 2023041428 -807993899
1836103375 1655378469 -250071092 8273506 1899951796
485638290 518727552 116758848 1694901815 -1209184445
201139656 -601813225 -129123470 -2114722831 62402460
155818454 -120893416 -1950322127 1909804844 1229798462
-1855708937 -1471346358 1617849629 -888286879 -1872845382
1957642673 1742039785 -664420612 -1787682337 -2042693680
-199005327 879803190 1117310717 1325339809 731654852
-109121310 -467415125 -952011426 -1263097061 -1439695035
1606022940 -807700587 446662685 -275475633 1058757343
1113731433 1807901547 -17506111 -507137165 666796472
-641812259 1792947328 -880910894 1814212965 996509243
-333904037 -817772385 -1365094117 601093013 -1399979194
-1684824890 826008280 1000647746 -1367615515 2023726801
-1934524028 -1567043742 -1869400058 -1644826474 -1640347259
529897828 -1220062263 -878524570 727168656 184850023
-578414590 -1815302566 1944072562 1831053579 -1907365618
113620736 1933862501 -322438325 479332668 -538481666
1151200617 -717116531 979484612 1520434648 -724334311
-1239279426 -2017848588 -2107524922 -197949025 545367162
1073091551 -461791664 -1220267524 -1880230646 -1630845228
449387022 -209078088 -436491043 1209915994 283571373
1883028561 -1237092389 -1891277932 -62893768 -348241591
-405346054 1994249326 -1616844616 -1191130245 -385771925
631017578 -4654843 1037040790 -587349576 -1810747905
-1605410945 1077426763 -685512855 -2011612429 925546496
-41851141 -1230593765 -2094393144 50330788 708907164
1775687196 -699495401 -134126582 -1008055990 -1515694921
-29345548 103673766 -482179009 104979590 -2107237757
1577062627 -1240422259 -1408484939 -975000922 -609356020
256849026 1185740909 106315685 -1154439296 -784964717
-1578396497 -555423161 924040732 -1695396287 649493220
1878841642 -1993780191 -1875291867 -290625445 2125214641
1009156918 115605421 -1071660526 -1975287990 -1739929775
-736251424 1217901081 -1485234275 -1120328790 2074676758
398211645 1234639534 1910149405 -1562690460 -1449619033
-1944680888 -283289577 1956948423 -269336425 -1388660911
622843704 138278158 -163577398 -1764292386 383303635
211105190
