10403 576 -1343073182 587932620 362827253
876906036 -1573713577 14319429 -698101131 1154020924
1202800545 -1476735712 -637561521 1105370865 -1144755326
-420685170 1180314146 1055071980 -1705459192 -1523067575
1814954012 1046952150 -363857076 -1499212074 647681322
1352118893 -2030950997 1975794267 -1066051583 -1493983049
1249740180 1743575526 1863622623 -1008261812 281324117
-2112890620 1601327760 -1685118589 1730718928 -1895420132
1619442551 -1866197233 -1025363135 -201626053 1778547011
-633866617 -1816643542 -384521310 -517534 -1383839266
1105490372 605583846 -256547613 -2071798902 -471239135
1627125078 836076467 -744146149 535664640 -1736125804
1001502066 721940233 1531926828 -1571130168 1900413917
854400529 574113646 -1766194320 1748024083 1277414629
798384925 373415099 1531979081 -522738575 -1971950908
775299747 -902626885 -2040957643 -1680555117 -896076991
-1313547321 -1691580443 2034909483 -1112994402 3956836
957673982 -178431664 -196851135 -1495140662 -1253867304
727753014 -965632335 1462631452 -1647832333 -1768289048
-125321299 2010962696 353152298 991564517 -1089128248
-469142590 -202932156 959005332 1158468815 -1793524696
204128041 -408023298 -1687333989 -2041608755 -1408591209
547898468 2080355969 -1344649786 -193468537 21192371
219296317 719795226 -2142482935 1629087560 -334370428
1443005253 -2126367586 -522261380 -507784991 1911237032
1738752786 -1714845237 -396804972 -777853163 -1871814329
-1306772210 -251924592 -1088427526 626985873 1608150361
277050227 384622606 -205979480 -1593668483 -449244296
1601739116 1462828169 -53672776 547336814 1247562526
-1028323245 -425050599 -1182703710 1341612695 1413157769
1389406196 -1447071407 -428893886 -657956749 687686843
-669671014 500326967 1811926630 1856772979 643709780
615069498 -590105529 1213085030 1075282730 235066153
-441917157 2069939342 1944585939 -636465965 -1209524495
-902687448 1633384505 174566966 -1371029850 1830851771
-119117083 1938881828 1691335590 592924100 780572456
1240289510 255389746 1027753430 1653349826 -108937073
-141942370 527402364 -1968467682 25836293 2082658935
314321361 139903719 -485458605 367153174 443174696
-926960201 -1156810951 219986647 2048411380 1207331441
-1447693504 -337547010 1869621774 -1552402346 -825539377
1263004377 -1324921856 685367066 829443178 921547680
-212668014 1360812670 -35826452 -1916675043 -1578395992
1502480758 745165085 1742495736 2122491530 417781101
394653646 -1884578519 -105144991 -356763416 -268476086
-624932883 39132270 -1114515725 -1757336215 1438847797
-246349736 1053843918 -769183101 -626196618 -498967479
1875514934 -1632268198 -1847218501 -1652202318 -877388352
-926514145 364206687 2136618242 -1660540838 -1700060070
2050995171 1033781500 -2003241634 -695419778 -1522354139
-119732760 -1168650953 -487340506 -1679420079 125638470
-652139029 1341874019 -1575435032 -292912994 -626977154
162062285 1846421714 -848148317 1355844209 191206278
-1573836371 1732206110 1952046163 -712742706 1232078156
828403165 -1937791168 414633829 -1066666279 1886961527
583705962 729263041 -194162347 -166729918 -249401294
-1540115375 1900980781 -1547870121 -690800184 1266094218
-537516220 1492965092 906628554 -455249653 -1318920065
1095492611 -366398647 340824237 143474574 -261768001
800972919 -1597663651 -10185031 1269421177 -736386429
-2085384114 1466191195 -692084395 695981720 -134275665
-1657736722 -1376597889 -933539698 2066623075 -655556110
-1585198715 -102258206 -760410905 -57535417 -757623657
-1061153876 -1334622177 314446087 1035147805 618124026
1167999881 1135995063 -364219353 -903542556 686956549
1366134299 -881559720 424804949 1093235436 -1770382353
-978962246 -1725337224 -854190467 -906220141 1926526300
1100622935 -1563430082 -1663440638 -1352649047 548518460
-875210888 -21308248 760313755 -1288734021 -1608759539
-1803530718 1882664156 -1906643050 2103902115 1280466270
-2076813668 -667708286 498668618 -273363601 -1735049577
-1856509588 -1277937610 -1793280995 1310720409 -712119336
-358800762 202130221 -822800501 1784202034 1124739443
-298547328 -224284102 1147266824 -1598008425 -770383979
922901836 -1117571711 1737929480 2052485329 1656520918
-405678933 2039405404 1277982234 -113799053 -262988448
359526087 -2109195241 553701353 -632386990 1657727002
-1569154556 98464470 1253583887 -1953877250 1769569975
-102343334 1872876356 -716925800 1105525579 -290321278
1856216753 1139620840 290135251 -1200596388 -906903326
2006378429 1709586979 -1547610364 307265215 -393503191
-1429823643 436779094 -1992619989 -1568342459 -1195540517
-345505168 1722089186 -1885796547 -1394215014 -1563477547
-1588688201 1490740148 1973689085 -370731946 230409999
-832670721 -1383604359 1817246157 -1187645169 -1476867984
-182185420 250910759 2012756940 -1658489243 1895135886
563186586 -926628270 -875039169 1846557699 -432049269
837935442 2057488552 1614270161 956899776 460630420
-1267023491 530109087 341595411 373547207 1540874943
763256928 1739365779 -696852710 -621598508 911817780
-717759471 574803881 -1773852465 -180124934 960602750
1916283060 409993641 -1436370505 -1360287568 -378429385
-1787458564 -492022377 -1311548973 1507558614 -1654360915
-1185782191 1162817036 -1544791068 1054930164 1397290650
-364906759 -1633508840 -849822149 250403021 1902119585
-184795512 -2037224469 -613554146 27568883 1495986617
-1187444232 538764859 -861334533 50317666 2124641437
1173706598 652404825 1787588241 -1939968683 797654188
-3440683 310360234 745819567 -1987533419 -241206944
628420084 261506129 722261918 546708198 47685861
753522396 1553081533 -896328296 1849683005 720005577
-865011097 235048929 -513185609 603469166 1806606162
1559636557 -1784646310 1621077053 -2069185012 -1993240584
-25900813 1050243813 900395297 726659367 -1412793219
449257170 1426601212 -972634696 -293358740 -729762616
235738406 -67898458 946687450 -95519390 638491814
-2000914982 337334201 1293434830 1113220740 -1604829824
-12196072 -1420351131 1742691317 185191869 -451885475
-501752155 -1714781910 -1944695884 -741548388 -645225202
-1628082104 -579321252 612610837 2094371242 -439050639
276720281 481039444 -1040501492 -1038875999 -1402117181
-773232877 814809021 4225098 1351768026 1581177958
-1329698310 1774281818 -658465640 -895152099 2133122015
-872188766 -1036123603 2009205583 1441506652 -1847782032
866408000 -1038108142 -1091173602 -503952696 -200813296
-1467020069 -1005479210 -242838516 -1583174457 -906967085
962059042 579247798 -1994527800 -565044819 547092738
572241559 2087196042 724745560 -435883472 1237580292
697385057 939586124 206368969 287337484 1210120565
1370934606 -848085324 -1081380177 1252810804 671269621
-887782339 1163397115 -767343688 -729606197 1022162815
1966361655 -1669799782 1930243567 318765613 1889736048
-1710748456 -2015792357 1494200202 -1244083961 -1334510340
295265373 -1007444174 2127923803 -401000040 -2081895720
-20314298 -345687383 33286308 -1759028841 1897490791
-1349947283
