10403 276 -1362221133 -335787652 561802496
848293819 -639093088 -40244889 -111009379 613088918
71508829 -1914518230 -336103098 -185209119 -868051698
637912329 -654995577 542200392 679310991 -813818472
1829687604 1029927535 215224884 -1274119341 -158388399
1733623962 -410442319 -1913950434 -738582558 -1100535683
1346534682 -616101187 1239196867 577067076 1755706011
1721921188 -101118456 1097489459 -2135659912 1947221135
-60264539 839318638 876400901 1161451250 -1274528898
-290466023 1873384038 -29430079 -1216839217 -1973310768
1471061671 -1336878320 668313804 934002679 -1303163332
-1639409461 -2014599191 1371925250 -72048215 281641375
-123968653 -1906079583 -2009555116 2127335158 -625430352
320071906 536527515 1338956665 -2102143523 -358047973
-1203641326 -1688448120 291809570 1601876572 -357171063
-818724213 -567269337 2130942733 1109006192 -705894926
-1005634780 814347966 -1574672913 1492607093 1106227361
2080339415 -781986882 2053051316 930122390 484285160
-1365214307 -2143114409 1840216411 2027266649 1114526764
-2114555474 1755720808 -1057286278 -642459773 -1011771599
-1665612891 -846623325 -1212935654 -1442983408 328528874
1166767252 2070512801 -748698813 30386159 1168797509
-1129910424 487420682 -1230154500 -490378442 1037159415
-1896980723 1097337545 1591709311 1152036774 -609576644
-1857023938 -594314208 1584247893 -2138793073 -1637866941
-282568047 -2057667068 1516050566 559970176 -1708878766
-19095893 543979177 197116173 -514787061 7605666
-1493543240 -1443386158 -1565840724 1008925849 1593693595
-415133897 897578845 1662894080 493075074 -2015926732
1442043246 93926015 -70660699 698028721 -897350809
-140709714 67912356 638330246 -289846440 -1953755411
-1730844409 -2097117461 537876041 -837845668 991556350
985441656 844231082 590888147 -221198175 -1989976875
-287757165 625826410 -1507345984 2141709402 -1840960348
-2002653711 1299925395 -717404673 -1205389995 -1930255624
-1684100582 1353677516 -1909708378 1919438407 -2084753667
1039814425 -625795761 -484648746 1447453676 1248646254
-1641799984 -633807131 -1090437185 1050736275 1288719681
245352820 1521004630 767942736 -1927075582 1181611963
157563353 -227091459 -958198085 1428682610 -1926418712
-1488764862 -1208196420 -2020333207 709575979 913623623
-655161235 1608163664 1222013778 -479628092 -1204898594
-927373169 1144008277 1696782721 1161748279 -247015522
-819045612 930133622 -720551864 1269516797 393887735
1332858235 -1158747911 -1107319604 1030852430 -431353720
1585863258 -207669469 1483857425 -86033979 -410343293
-360614214 1360469168 1485951050 -1768343180 -247055615
-751835293 117837647 1742023589 -1419698744 -1995085334
-1448383396 -300751402 1601999575 -1067749459 1471566761
909195423 -459254842 2141696028 66179486 497304832
-1388173707 -577192145 329607011 -1494470863 -57743196
-771393562 -606089568 600555506 -2103068853 1730659081
1934600621 1703774507 402860034 -195071848 1566993906
-1909503220 505786105 -1370097989 1357518295 487187517
2001188576 -765936414 -1353331372 1549303566 -1957999969
-1485989243 -1565291119 1809254599 -1029694578 198411396
1676216038 -1020020424 -1299321779 -396903769 1175801867
-30973079 2131485333 -176989081 -1322274244 -1516606276
1609015232 -1655908566 215190955 553997867 1612462047
-406779347 -2132472630 -875613242 -937117106 1504244348
508616677 -1748296463 -1274578263 -1326227829 1850386704
1822513864 -541363220 -1538186578 9487967 -339098209
1391420363 1167659977 1764400774 -1583815254 1076898610
46184264 871363697 -1735143299 -395720115 1029309631
861229060 930124772 -15143080 377560130 -1663938509
-388862445 -634159657 -1702715819 -1933846334 -597113074
-432991930 971171508 1846618221 1441263673 -300438255
2015593139 1081759464 -1508301408 1324012468 -577491338
-1633193065 1741379191 -1943964973 926514017 326607598
1310085378 -2047861446 -752644080 -983406007 1611321429
-319478235 -584771913 -2043144852 -990195348 353968656
1632493562 -798871653 -894807909 1356742703 771128957
-699918406 1741772022 -334486626 -410284180 -1500473547
1836281761 1945449273 -1242914085 664135520 1092983576
92427228 -507103842 4389967 1766169519 -1779739141
2039068249 -407692842 -1438667430 424877378 1934651128
-1885543263 -1056393043 -216853123 -1857712977 1403331796
-493835020 1094644936 1932946738 780741891 2070626211
-1554265913 -91700091 -1583500206 1743315486 -1975776842
1957102660 -532673379 -926336567 1719592065 -1736268573
-600089512 -890659184 -565468924 335802502 -410911769
1602083239 -481754013 441482321 -1672985762 -677839662
1806924202 128004192 -1223009127 -701497179 -344366667
964165383 597158748 2069911324 453891680 368171786
-235423477 1989609547 1079033919 -1527578355 -1606299478
1192267238 -1770709394 -1894551716 -869332795 -1039375087
1093387913 338446955 -7162512 1524946216 169118220
-1651843634 -1249447233 -1023657025 387527915 1846706153
1985581350 -908045366 -287160878 205497000 -2097419183
1929737309 725335213 1544115679 -88475228 -68366524
1170918200 -1854858078 717991379 -374654989 881211895
683602270 1133556737 -884179140 1555564029 -1617236846
254883719 -739241098 -1788317987 -2004770714 -781850831
-1867346824 -1223112587 1750760070 248709967 767157258
-2027614639 -1481085786 -323455767 -511750148 488224029
-1642736886 -740387089 -1729740506 -1351646083 -568351210
92299281 -1360549912 -2085140931 512461406 -1523400721
-72792486 559581057 -1314970322 -1178527935 2117134892
-1516805027 -557792366 1381409719 1936534614 -1804653123
-1983303194 -724268911 1199646824 -259369227 1924135142
-2054634993 -888012790 -1015161247 842675766 -1805589463
-1894570564 1187615565 -1408932854 1779482623 -1906125066
-1019776019 -338364282 549716321 524307873 -1910124732
390845210 1094065609 1166985561 -1547941974 -2042678912
-766271271 1286579337 -946847120 2093304098 1801197797
-2083749623 2064943570 -997143844 505059765 -271678903
-1661076028 -501432710 -1769701023 -244534719 -1947954526
-2049077184 1642002649 2052990817 634949240 -1019951710
302135637 1828531537 2098160202 -1722952076 1759067629
-1564604623 585552852 -882074262 -1745577303 -1922666695
913709722 1125103104 593558377 -923238135 -436129120
1361913618 1814333829 -1674255527 1240340514 -836211956
-1317076475 -777323191 1487424980 -110094390 1246603089
395423345 -204207198 1546561472 -429087063 -2029423791
282486008 -1005265678 -2038407115 -850553967 -298845814
1260379572 -1603228211 -2093454303 -9210204 1444218330
1425119401 2054933209 1211995466 148152608 332832697
907378633 1085847376 2022019266 -372921563 -1429213815
-743829902 939169852 -304135339 1600986601 -1817762396
-1660939942 -1744034271 525595809 -965482750 -855766048
-169452615 -749391583 1151130424 1091452002 1051258901
763019313 1436480266 1664305652 1930271213 -1377044975
-47436332 -1942623606 985233161 1008944121 1503616986
-1778977632 -808804503 -503857399 -947815584 1971796178
-285481019 -1125377991 417964322 526744844 -705785905
-1475262585
