10403 216 -1992264484 -1778314209 -453612691
1376231266 -1204753626 2101171725 2011097489 1159849748
1950371778 -130675488 -691241519 136725855 543778486
1047508872 1714185209 -1633747838 554445944 -1418550496
1935702860 -18310421 419451085 -809640582 -1807768241
-1088377523 -893910245 1349812844 -826107665 884353127
866640668 644344999 -2116232227 883422526 -1305938176
-231817945 -1770889185 1732914696 -1952103406 -2111138558
-727618387 -141579564 716708449 1745368973 -65213284
8673838 -549772507 929354956 -1009930173 1164938490
1471790327 -851965611 313191046 661306170 2019034434
711081739 208539836 -301038936 -1277000329 1382577753
-1208805279 1975699582 221641091 1420503159 -1311225034
1340002119 139947054 1187165201 -650167345 303536088
-846997899 1822834286 2072582547 442491924 458145030
1454209666 229951694 -1151231271 1296499131 -854540340
-1425888035 -1342415771 -371232034 294313383 1734124590
475229301 -1006308040 627748921 225436630 1005701480
1294756047 -1040602373 679308321 428881673 1004542981
1149453126 -51917471 -582605845 1181303881 -149108799
954341567 -2121724168 -1458928651 -1139972051 994468989
-283941626 -603090736 424396817 -260867785 262560569
1052984641 410888651 -1456483337 587105854 -1484206904
-1320520860 -1858537474 -131384814 -761378039 2049655022
-1512932514 -553181366 1722010071 1400477021 -1081921080
1832367307 769978637 -2070515202 -1453763650 1544083017
630809754 -1560929812 1151430779 -1711267725 -514689117
609654508 447656570 -125774189 112856690 110696734
-1456531202 758811772 -948552470 -649179085 1153367248
-1861464627 -852961139 -778461705 -763287840 -1111949400
557287169 1716270416 1773174449 1749311808 1952141743
-1771256516 826700698 1184208750 -1007283399 1954028207
-1398923350 630404553 -943073954 -479569606 1061066693
-1305567750 -1246492605 -1301754425 1790266719 -1015221004
1411913769 -1676794772 1517893366 1076855480 1959772152
-1974452903 -378777649 -2035649358 -906503121 2080742431
2119540851 -882675983 -2104735858 1369955443 371186671
1990027694 -626940432 -273935008 2003508747 561258703
-1517780722 144091854 1520059715 -916588332 -1792658879
-1431857617 1833814335 1168025819 -229814631 -1416837639
-1904136358 587873225 -544798088 1376235095 1234265666
411147776 -1880930608 855651307 656825132 1771596404
1899570523 760410370 949600272 902615228 -434950335
-118800063 2048252284 -1706189555 -1975910226 1560595530
974147337 1823237698 139596543 376474816 64915543
916393106 -1104949307 -46656426 1421257771 2035040220
-1212919813 1801449062 237888390 1211586195 -1654035546
1369611577 575014676 5808105 1435938486 1629914966
904678433 1055282092 -1826493822 1989451186 -1159160821
-1753286509 -567022923 -1226858066 -918199109 161726046
-2089333711 2016361480 2074268357 1089061189 -1360236057
321761306 -735437867 -1295109885 1818819331 -113178821
773117285 89212683 910474519 1234760359 -453688690
-665399763 -1759409747 2031419863 -126818236 -1670158705
-2097553920 459481429 -193556575 -182425016 78813232
-396777640 1181697861 59136016 -1455162974 2023915097
1681955188 1220457830 -1869623358 -43582618 -291001892
-1349819324 802528203 -1350404963 -124353836 -2026927648
-1280613779 1530162724 -693685264 -657766832 1650464497
-226227676 -1898572742 -249299684 -716092373 -1242428311
-151008141 -1128920826 516565670 2058966659 -1724266402
-567281674 -1165098646 -163282440 1659347239 26428993
-247747907 -607287594 -1817218019 -1952726087 -1666871845
-1587429684 1368518743 -1594798544 684952139 577541245
-1660460368 -1670704596 -1879467477 842443888 -1251264215
-1395549236 -891636979 -1390366760 -2114476154 258561604
-1398207403 1888118488 10066500 -441576126 -1628442420
629941614 1150224796 254106714 -155042510 1465727296
-1434650894 -497146794 752797089 757897933 619327768
-1597853201 382602028 -1548866064 -242518679 -358225994
1559399623 -1001198157 1819078200 -1467586038 1832445128
-67951603 1656274081 -408046385 -746190518 323963562
-1143159236 1373797410 1180493501 811586860 -1927118367
-1500025086 293264584 -1328889677 -1210010860 -1504496718
-1778977151 2113210145 -1390883245 -188648354 -1305427436
1964653959 954583024 -1863466537 681184703 994357914
-1242250826 -121176229 1778207456 571026319 -2105391451
-1625097517 1246176187 979356496 1321145588 -1760902880
1386129428 960793177 1672445897 -1787174276 -368397560
1083364619 -2006803476 733345362 -242140615 1648857211
-901896675 1548075880 -1642254770 715352973 -1971462185
-1688381241 175804725 -688457712 -989126475 1868540060
2031089847 1995824852 764562213 175618005 1389412374
1391454014 -264380575 708369077 -840097258 -1742883940
1030690401 -27006977 1310475095 -1639490100 2144160730
-350178986 -407933766 -1357130850 848350577 -1084249294
-669934371 -604462492 -1652984069 1712005473 -178718358
-658464083 1853855928 -1978456088 -637804869 493699490
737997484 -994128820 903951438 1747074234 8758651
783068139 -1632246208 1691134132 165293628 -513656754
-1996833582 -1095203330 1058458245 1146048618 -182020412
-1419302419 915220505 2051598802 869135618 -607116033
1251689724 1934124777 -456407229 501010166 -380892899
1831818900 -1255554961 1047711553 -358640774 -1671608541
427322247 -1732432897 -809477404 -994007152 -5380631
-41825958 1348527849 -192904984 1650014410 -1404661966
1648987524 1548086223 -1779525088 -702531079 716644127
679768561 665865050 900064551 -589376098 1527128621
-871024006 1780681027 1200878574 -560295378 -859405148
-1482731829 104040281 -531700430 -1093463503 1630106406
2123601843 1338880901 -2110526678 1731335556 1156457628
1444706359 992583597 1993187173 -1043392510 -1766022390
-791926375 -2101695759 -427527049 -935341487 -1422735240
-551377065 955312004 187601025 -2128473068 -591077545
-1428494948 -1623532980 41666546 1834751710 2074407526
-1504812696 124411676 -1425465904 947680739 1877728226
643266507 390547250 -1120192875 -1022173985 -42171689
2021718836 -1444777255 999961213 -1914777476 1884894312
1915384422 1800259304 -1539778928 -1436609544 -1419739788
-2122536905 915013590 1966581040 78318217 1767521962
-994538024 -462123905 950052395 1400091728 632889435
-1412979722 850442264 1286523553 1480650226 1171573157
-8455895 1251023223 -1327352257 -1895030220 51334068
1762077176 -1483237927 -1646844673 544784725 -1976115321
-1329630310 -803520307 197137592 -238956923 -1690196449
-711170637 1652459913 1013393675 -1888450426 1764714209
-1740935876 379255112 1897671437 -1344703681 -1367924922
793340425 -368583979 -1688772240 740255215 -1572390690
1521041072 1425002114 1235787478 928754236 456384438
-1714752008 -1222022335 -2061810053 1334539891 -1104740605
-1625482295 -687976314 -2137663187 1834688733 1536735753
1318886254 -1815673704 -1426582590 936512553 -515633014
1853782254 17536597 994741443 920616856 -439128588
-1266493907 -158287218 -1458615603 -1388733099 176240266
-566235561 -1399529553 -804869383 -1552780486 -1928260336
-181338025
