10403 240 1146695615 861138920 1160329344
1655843204 -42942573 431312193 -1687734847 180316406
234400614 519049221 1114364482 -1167283893 -940907975
2079433902 753359388 789569874 -236015831 -2010775297
-829569432 -1525828997 -2107672530 -805584493 -2138089078
-241168772 1460936305 -1925940760 1132602643 -1013428835
-43823444 -1062204826 -1101486578 -1732696701 -1250818112
-997170123 1232335375 -1808760109 156780319 1031408388
-1911616307 448831264 -361310454 -1539765835 1207392868
-184269600 1902612895 -665247116 -300592780 310097760
-1889315228 1059053036 -1486234767 287310667 239791343
-1446746805 -1710984537 -2058854371 924274173 -1581115259
-807167649 -1600590372 -257453026 -1803261296 -217803686
-1294048089 1053034033 -1120865435 2117656025 2135194034
-1945918836 -1102568828 -778465951 -985115565 -907124775
1819065076 -1164792749 -1887227977 -28684155 954802055
-1600431267 -1693033416 1121022913 -692821940 -1943880177
-302257205 -792025280 -1395190574 -815846878 1610799159
-1859855624 -1757188903 232691661 180678978 227308630
-912784163 -860085054 -1715139551 89793981 1337975166
1272135902 399015515 -2116056376 -1690597423 -1662181342
-359156074 1712095801 1617101743 2048511450 -1610556516
-17568684 -1617105794 -1389684011 -1472526593 -11350750
-1135022025 233139325 126005825 -1055771222 -1558228120
-1685530315 1390981788 1236967301 -545114133 -26470404
-1699767536 2145130952 1236293858 -522976022 -709508911
1024649480 -682110373 2127155961 2020086818 462713502
621283044 -1234742314 25319547 -728411013 -504810220
136164578 1735356510 -395795156 -922482353 -566985902
1240934736 -1003554970 -1029055943 -1197629696 -777462721
210150306 60931486 -1447297920 1158203654 167502292
-1596107449 449327688 1195117370 1811186316 -1044942187
-1128102387 2124585408 -743670511 -338057044 -1746308352
-916542863 2043281750 2036150471 1483955136 -1806903692
275967106 964959348 -1216810985 20170235 -432504480
-1845704824 -958532867 241583391 -791104383 -1523748295
1049099042 -2145605591 -101399885 543811116 1139072324
-596476221 1174645696 73792831 -1842785765 -88901590
-1202430655 1459967476 -1303681789 -1789073140 -1132193592
-2006193940 -982483659 983621011 1580383703 -13912814
-974935981 391440323 1602361819 1181997390 -1171785322
1780883285 1421810131 -12495727 1084242279 814806046
-1445278141 -1031021434 510006403 2097732771 -843994878
1335642500 -1826438875 1617333590 1953773604 1740228975
1141838645 748766318 1633660672 795846553 -1190713152
1502828898 -585185249 -761057036 -1722741887 -1352781790
538018208 -1126976085 -2091373399 -1091765150 1898499788
1434102983 656077539 -710483099 705807057 1351694298
1083656059 1468972266 148557907 -139427715 965078648
-558482827 -445307384 443842554 311679126 52142093
981902795 687397617 -3741340 1016196220 1170616282
-1550726126 -987734001 -401663879 1225460321 1621535401
1280006439 -2060316476 477420376 269909315 -1428999267
673233079 641164511 1247084233 1757966574 -2051707316
832977656 -236948322 -867883659 389062061 129744320
-1238789253 -900089384 -352934885 1834487776 -1647818083
-754743049 -1854288726 -754070394 -920331788 2101047127
2003512006 -738442108 -1243663738 1345788408 466384017
872821497 714189153 -1546477377 1513084931 411529348
999090238 1415527574 367972548 -1035124086 -2094900137
1808519511 1637850951 1763802234 -1321758329 -281098642
-202125543 -1231343864 -1387597877 -241797704 -688056311
-1689827428 160126689 1762204584 -471499205 175826081
1585724423 1047383174 -1188936171 -1896558643 1164845373
1740534833 -1591072065 1997363507 544931097 1642328934
-28143371 -1575622604 -735255190 1612639391 2131907846
-789041800 -751061417 -1362771136 11521309 -611613518
1651761346 2111229864 -1046488967 274321514 1963691419
-455271578 -768651628 1541433753 -594020054 474950849
1799886663 216958826 -413817289 951865619 -484408195
1021046847 515488694 -62780963 1312829661 -1503493979
-525208348 -697632114 -974284956 -1117647594 842510472
-1783023481 -1069704329 126668406 1308805584 153713088
1474028444 1695953973 -1291463254 -917717246 425531862
798753727 -252056962 -415654411 1362001949 -2029694630
-245682332 -1771521593 1104607977 1642468906 140276946
-1873269990 1735216001 -184485999 468816340 -1558700950
-1856650092 871781215 -1942457053 2024791508 -2144416375
492782481 998228252 2072194837 -1033260370 765834753
-708514947 1603590006 -977380457 1664991187 2014623428
249930676 40901332 576075408 -1405484789 -313331412
-1408394212 1810628587 1006975738 440125537 -1882569541
-1007079591 -1667357321 1857865826 -1476913815 -1722784362
-798795052 353283525 -628178497 61856641 -330272466
1570116375 -1113200598 -489045194 -1625058080 -1368376435
722769084 -1029039577 1155157253 1479121209 -1943871774
-1852425511 -2004276436 -1216569519 49381331 -52475342
-1790450053 -26791402 1245756596 -1945150545 -1356536183
-1924329603 -438446568 1169466539 -1478820895 -1278673357
-1972988478 600830050 1669206627 851602172 728803027
-986160875 -1933143230 -1258321396 1882419796 -1431448178
263910710 -978712965 -503636083 -1380743241 -2087135294
-2062404322 -925910595 127222412 1802335986 66765658
2042830301 -993980195 1958535859 842053691 288641349
626787671 1624633131 525936731 498371938 1348911371
-1785505737 2001919923 -314978393 860966515 956914948
-1676264614 -1147208705 13948470 1450717424 -1669468163
1305108880 1848264448 -628952393 1809190016 -1772176111
285898998 -1358562321 -1643544269 -1682538532 -1362126550
-1367037841 -1768014067 1342387151 2144119043 771237170
1933262913 -1309254352 526223963 -1690357416 1892691875
-1298760569 -1930710453 -132387775 1895480965 1349861220
-1481358464 -834425500 1951719986 -821023821 -848259476
1944083139 -862645710 -1283789179 -1725646616 1264846751
1869926826 2019008402 1255635324 -1478356451 1168207856
592080290 -1016962164 1551143886 -1768347770 -786630695
-21018478 2134497044 -928978284 -1049467314 -1669904552
1633979929 578544784 -306801379 1930910436 -1978551925
-1770784551 -1097748515 2043208254 -226302311 -273755508
-1669874670 -1860809336 -53944698 153339755 820814650
-1327017191 476968563 473768855 1959697454 -735362511
1909297934 613799478 -1280510474 -1863799162 -195042736
-539850690 -1110075115 639683067 883611674 400361337
1561997142 511383181 -1872461930 -2042678894 -1434092179
-871935648 -424906366 140820777 1846108741 2032660511
444327281 2089945579 1496401654 -1574870905 956279847
543510158 1886888058 1474539991 1740075004 -1297191164
-937196550 -1484698699 827441465 1941302717 -1636131485
1457846589 -645152527 1402531790 -505550156 -2050344935
1244939719 -227079247 -391484299 1798144994 915900036
-2034659817 -1163502455 566555268 1184601898 -1370151589
1116542080 501094276 -1029164341 552039390 -1781263657
147509060 -39642007 974494199 1971407616 1660418509
-1050813919 -1504832151 -1256508677 -1939490742 1948488949
-1313030003 -1947923584 -1577368281 -1624535358 2112094219
-669411117
