10403 312 -1265993495 -2022821678 -1852106693
-369889130 -324342076 1707024374 -638151922 -2059131865
-187485936 1663780551 1488897265 1403212444 -1353080381
-970916598 169129829 1308405760 402338079 -1281784146
-1469626 465603723 -1345331703 1084582647 1233020105
-1850762633 909947820 -1357348057 1785767816 -958375759
1874210346 489301148 -1782189413 145973986 -1049088491
38528528 418269313 -993118971 -681738053 164038920
1895647249 1294681447 -242756210 -502105614 457305462
-60057170 2064091355 973182091 681562691 -1389577028
-900172480 -475011815 1817325017 -1765393800 -1313541227
-425523176 231354136 833104867 -1620050828 -1874796352
1414251331 -94343929 1336214111 -225912408 -1893278556
-1058352866 1090685782 1426738492 281371369 -361830241
-1356198637 -1508316 -32526916 -1281168381 -1192799959
-231345107 2001644376 1587424274 -1035236737 -26451204
-2066786109 840515440 1064961995 1178370879 1446689325
-1680465496 293847960 -631997670 547459954 -1929459414
-1745885873 -1350032345 1719017970 346453368 -1861676119
273169221 1712720960 809146777 2075029981 1056925628
-1595415996 -1481621115 299789009 1165197127 -1013884386
229180545 -269267562 1977770910 -122127694 -1383560366
-1678956236 -847408771 -1617971884 -1855760594 -251847812
325832885 169181054 61017829 -904297580 1374488779
-414365975 856645903 1820937185 -505470452 1378614123
-419499503 -1560216066 526959385 407702713 2143152809
-183218374 563577217 1152577196 61734939 1322951997
420394587 818573340 -40836831 -2011047317 1037780713
-1603907669 1794187672 129997244 -1667475563 -329545130
-2056988887 -1582456353 -2014870668 982258049 866609232
-470455999 -747623014 -700675498 1342889444 390117895
104317779 -2111614483 -817561861 -1749542495 453313754
1438717468 -898924817 -309984172 226251873 1963640818
-899926420 -43758507 -510565998 1672698332 1494283272
-359853769 -1473981713 1684086406 594407441 -29648333
-24241762 1395387618 886206407 1253942079 -1155449851
830660812 -1057599915 -331409622 -1407991223 1912632089
-1864201719 -1739245547 278546119 -1563347248 -681924600
-1392302514 -646680253 -159903983 -335782032 -2056455579
575288875 -799612262 1558686794 1276480011 1369097302
1776749621 -1660950536 -1194332998 565747307 371221926
878553668 -1664274173 2136715106 -1551586986 -1604259068
454239948 613939555 2112061917 -173800431 -32587302
-1522816845 1283648564 -1352947801 437501241 1854463993
1873936725 982947017 1116272808 216773799 835619841
1412162033 -2043803138 1206275533 -279321361 845720826
1370007613 1178039810 -331050464 -1514424646 -461418092
417259823 -1373425757 -792223577 -976013462 -769473952
-1160964395 1522891403 -1756686387 1329980705 1545667961
-297607749 920819270 -363824917 1969636912 2122805691
1595329856 1164877809 -158944645 780140392 1296356612
-805617533 811290718 -1288217579 -814074128 -1023167219
-1711671991 1420003968 -1630187110 -999177165 1804903198
1760124318 -1164618577 1679489397 -718807630 1341389088
961014264 -1499810889 -2067166818 -1343162088 1550795911
955791828 318074562 -1309535389 1239293931 1023722391
-1895403384 562113708 719778131 1449025631 1577611128
1550218834 1775235913 -71902166 289301901 -1541269402
1076554573 1065069192 -1503839858 874990447 1249984776
-646856647 -427512699 486193866 1408305349 435918111
1366226230 -706661132 1183187029 -1575513645 1480323136
1236858845 -253151559 1280088800 1170482665 -1638014010
483242279 469986366 -633696535 -1881939013 328219653
-13712425 -1644128201 532782030 21266437 1308749907
534019212 -1033425310 -1826010118 259800868 -825418406
1502304397 -874240228 1194286339 -1374153869 1873514905
56806511 1838955640 301140862 -1519221010 322709684
-1036993101 -1323514328 -1079667218 2128501641 -1193828651
1563498229 1326283847 704748752 143425726 -1365693443
-379922018 1535939894 22980319 1240499687 281762532
-1747780753 -1288079083 1153660255 1975632806 -108865378
364091294 1550657221 1449792655 159930952 980741662
-164415091 -861951363 580253639 -853247618 -912088679
-1895644328 1235595870 -1705623951 815184918 1181582369
-32687406 -215986609 1483326759 2020905535 -1644597008
-25604006 2106815074 -273130685 -1028143330 -378740722
-858749773 1348849063 -976785088 -1387895960 1731300825
-688332841 532512320 -2008986691 135295607 1580244610
-1478780906 1564459438 -1200640514 1187262901 -607167273
-586248840 -1293248430 1670981525 971741185 -1369263724
-239429741 711879915 -1746330917 -1089691046 1221509878
-82675082 2092736506 -665993552 1891081778 1635202173
1955465631 1319492886 -182237200 -12740639 -1406799750
1885264843 -1068831006 1199251037 -1657673666 -594012247
-1095681206 2123146468 1925272408 935774097 264765541
330332489 852490240 -1985114254 854666193 196034951
1617970588 1628284016 1845747343 2067038279 -967449213
-968151390 -1217469000 1298016271 -156280330 522208995
-730853827 -929879391 1402680844 452944140 -2022773906
-1602709684 969957776 413707585 -888399820 -525746686
536504947 -922520799 1537579911 367448536 -1010947301
-2040692679 -15657491 1516627250 1848720680 1922412738
-538727582 -1754548500 -946593344 -932967999 -1627418785
1570239271 1701038805 228642706 -1525111114 1427194257
-168638490 1829965609 1171047095 1279172184 266241759
1571375981 1038873701 -1717684991 -1851319118 -938886545
1505819243 1061561163 1396062595 1939747942 -395816455
-374475745 38920033 -1897849299 311375263 1903538840
1969507186 -2139846377 -212173374 2080921387 -1853828533
-1033232664 -1391673474 1359008587 -1686258367 -354302412
675555656 1986873938 588108952 -1980976792 323157474
-651952140 -1592939932 -547610737 970516420 -428698201
-1149885404 -404957510 1102744468 1317419010 1605565882
331030103 1098185177 657713543 1545215724 -1443580888
-1579458449 979417432 -1477541485 1583472114 678994568
-200831597 -159380342 1304262411 346387554 2034933058
-1153317233 1467106213 1403739382 1116423766 1289160882
395731821 -2030594595 -912235120 878221296 136655584
907565932 1226910902 1715372950 -964811692 -1398179452
-35373093 119434194 -1647759516 1610624375 1235875131
-974433917 -173469252 1726412668 554017303 -356322200
-763321201 -1592521995 1081437626 -54837279 545692648
1210184560 -1489355419 -664863926 2119550615 361830911
-557664931 1875893252 1471551424 359641295 605422893
354713953 -78008164 -823654192 1014001030 1105938462
1397282428 -1296989816 787209310 1715404232 2142783118
-1292791381 173242884 1676222989 907373946 4294241
1888254836 266082274 849982862 1498918295 -212055756
1162197655 -1036430157 -613420974 1932009655 231176563
186543173 -1463431299 1714653212 429055497 765681205
717651107 -1840628946 814837426 -983208590 1108201510
-1698021585 1017024349 896713067 -979985322 -237425144
637265238 -1869887773 245265305 833543140 -718874898
2139647371 -184087167 1616241380 -637871223 1164378201
-820496269 679644036 -770615560 967724474 1564242095
-1163520854
