10403 144 -1536657847 -464908683 -678518142
1003792821 -1631002156 -1695316078 1468267536 -393954327
-83880711 71088738 -894364290 1171207343 -1138810247
459297809 117114224 -1718655743 897325408 935146674
1733899283 1125073990 -273641056 116432563 2116743086
-940345723 1175707783 -704130230 -1213974206 -510229149
212402436 -1466980934 -2075030941 469044915 -222628731
-1288655303 1104687229 603397177 1097744645 -1330267493
-1941174169 1790668377 1773992359 1872726437 1504851782
-1135498402 676858155 90278676 1752396607 -475359539
-488461780 -546009998 425706284 -329845074 1237461071
-1481018730 -1222215418 -128671457 295756438 -1090643957
1222548869 94729316 580020346 -142673853 1189397526
-1719464491 1782819147 1638041886 -1435615115 1633029043
1029067003 1670349344 1471396061 -1493293056 -81285127
-1076420481 1556095801 632339010 -99321134 -277055360
1644555518 -1141304492 634104819 591531925 -1335608742
1306820116 1219083885 75681 930509742 118174607
1569037426 1834469796 -12316562 -1185910871 661368844
2123663338 671148146 -412953781 -457436356 1642043810
733804411 877179668 -194746190 -1549208966 -1432077869
-322167014 -1314927003 -2042066305 1841543223 620729235
13831110 843544882 898761529 -1491474304 -1199408456
-269729318 957425693 1254974043 1727866968 910698932
-191884474 1230682167 -298385838 1469441186 -498789224
1718402264 -1768978702 1796379593 299597050 2048050349
-732891431 56257920 2100977978 -1767627021 346003671
1184716785 461045301 -520191954 1946556610 1274949346
-2042888275 -927282707 -1981349071 2038271931 693120870
1169321634 -1257759002 1133975797 2072229119 1623865229
1256271588 1393212213 1921687744 -1795498622 -1331965185
882220559 -746890916 -1203516030 288246939 -1998443536
-2112263162 55025334 1877978407 922666790 1058050993
-1604576451 1292340648 160652298 1937241249 -46496539
1694066294 -1389819485 -1953349147 1913106095 -1016229873
-1905040632 -587197904 -2125531271 169445356 578355665
296918848 -721230698 1767829040 105704265 520337308
-397767822 391792054 -716075113 -19985671 -1182313308
-1561969241 -1973744270 388931068 1079629941 809244573
-1183618797 216457218 -697796658 -536636913 -1403304632
-408153643 -1000219352 314078198 1483831151 -1320166827
-1263844407 -1024976349 -541008586 903759986 1450246484
1697195298 90150315 -436418871 -782345549 381114423
1200760297 -217350742 1119290186 -1331958697 1510133251
363421430 1846327287 58374852 -227371911 754360629
-129997097 186593452 -164784640 399782425 -615205697
-896240548 1958519818 2088229822 -477474045 -412151388
-550630459 1283785895 851437181 1029556822 1174056737
-1617189952 70739056 -831087831 1160111615 -534379596
1887255083 922241432 -556593603 -978752331 -41462377
-830836733 153616285 -2135954088 -669077699 1820148033
-1617362812 -1911056608 -715731900 1257890448 -808465125
1912698562 -468407890 1883982298 -29131068 471867696
-322587043 413356226 -1903749665 -583545291 -403902449
-680510923 806148944 898604731 756797919 1337745794
564422819 -1146971609 1463195060 1628284207 -1040122294
517637967 772470668 -2114549977 -35517007 193377982
-261740893 -2003190188 -834856302 334366906 433073426
1282964264 1668207950 749945497 1816507035 2108926045
1414219958 -1515889798 1584526541 -1792234671 48737489
1835206111 606055987 729812524 -1718981828 -189347401
-1366120696 -198582484 -622030081 -1324561988 -1008441088
-2137185710 671159647 -639566833 -1367706438 -1282097681
-1454572855 -890426653 -2121350879 -846116237 337079917
1160654934 419482088 74302136 -1593789927 126484400
-660896718 -357610211 256013642 -58465664 -739974634
2084482492 -1683522082 -1290594167 1593387491 -1685246887
-2015642589 -13914108 -388222008 -520202059 -1646260431
358257005 826330925 1126757922 250969729 392208626
-1318748476 -1053928499 412067258 -764532432 -1816978747
-715415500 -1793931772 1141187098 -196239814 -5889348
1416581935 589703235 1872652751 1716841848 1553221503
-991043948 -107829200 -1476556247 -948202342 -1578960389
-677416752 -674260409 1988123421 -1797498601 1287529517
1010291762 2011143426 866135557 1197415962 -1081518326
901622820 -1662200453 -925975715 1200067139 -1235038828
487864354 -227591887 238340865 1873809912 -372162827
334226511 1680173928 -104876784 1921223025 -1870609167
1331803070 349371776 -1012486471 -2096114025 1191143797
1963785048 -1162241012 -624580326 -1437789136 913321770
644605997 1496620424 367068025 -1646624790 -794883189
-815063907 1532201820 -1269195108 674965899 256492412
2029750263 1646582111 -1699566625 487916078 -1181441431
-1910136187 126628470 -2001141018 -2124492663 -662863507
-1639531119 1999601897 2036037492 1100906080 166710362
593458511 -2087587310 -1882820054 -994078742 1940611924
-888317460 475244445 1361939368 1881308156 420947475
-120283947 1230178107 -1395578302 1112543078 506643263
778675356 -1640583128 563703532 2020190505 -1030571066
-1175421995 591467948 -835321818 -879045123 -1108533679
-436955387 751493145 -1006216213 1607005192 2127052841
-412528047 1020055928 1196432968 -1891241207 -1294734150
-951528901 583993382 -811379652 471006249 -2031957458
947456236 -1947699754 588770480 1611863613 -1884772035
1052161319 -133947040 1991747884 811222359 -1726118360
1541380568 1412974231 -1585694910 -186111222 -339319183
1011769772 1402954011 -1963600585 -1437377369 1184641895
-1782775288 42787390 -673442102 -1068917678 254041054
-2117028370 683867971 -1716775524 -1173215717 1158292848
1265748237 1894664761 -1376110627 -1611201792 -553250383
-1933853551 -6531485 1997318154 2121585820 -1169883219
1189347058 1698292764 -311580641 844494909 1554371920
-2121695011 -1357133850 1606054149 1260039007 -262042770
1191066388 -478462708 940335280 1726019774 161648057
-432832874 2127435388 -532152841 -950063487 1215452125
-1242577798 627925850 -1818149914 528130092 1887095214
-1224795737 1706022406 -50109879 441652938 -1120158858
743063226 833236207 2009935286 -1346606267 -280504195
-650017842 2004398641 500412335 2066472566 -1170565632
-750897295 -615597410 1245145676 1535136264 996307353
-910333085 -1939531755 818953214 -1011110797 -1145488658
1130086218 286393864 -574780656 1061351479 -1378852066
-354528691 756089670 -1882368858 -1707339058 1637131701
537379381 2009654445 -1720731009 953680851 -1500039584
1203463480 496013812 -1898420934 1808775244 -744583498
-558436536 561653747 853673902 1131967504 -1182817434
-613215835 -401940220 916207852 -432272027 129100846
962223551 -5733105 1055477941 754369713 888326320
-1530845771 -1608865729 -1358010945 143548966 -908084490
-1502864213 1086126495 -1860058036 -962343181 -1912127226
1193110291 -868768653 1543601563 50395233 777959208
-696014689 944582709 649729168 -1067389065 1732916875
-124339856 -1777734454 -595802015 1395709325 -1967825589
-423965683 1617550810 161239627 1112362768 202713858
-1077465886 1424052809 -1105244543 1562519019 1969061210
561094603
