10403 168 1235864388 1056494511 -619403753
1509644097 630307413 -1730514635 2094646245 -1048531041
-90787892 762975449 -1011787856 749260901 2014086263
228028277 -196220210 -555984530 1136368422 -1030410989
249349592 -716155339 -890348960 -1884320781 -429510260
-518656188 -175649995 -2031146812 -967240656 147134268
-1943252631 2133665058 -725637844 1634132352 1125293964
-2070055427 -982984822 1817829312 1592448116 615196959
1286954752 1919727779 -1592601124 1354508966 1447459613
222326131 -2010397973 -1931482340 -417968862 -961604772
2063128490 -1717183570 1979440761 -376980194 212242817
986778478 324918669 -188767072 1349271675 44980478
-1610090659 2053816682 -1225003747 -2084904992 -1396963375
285907995 -1287407294 -2059770894 989167230 204035122
-297794384 240149955 1615045094 -514937279 -636925832
1845104713 1946141333 -775195136 -1556232600 -1905664146
-199634814 1245572092 -279537709 -1182954534 -837428727
2089259671 1008024679 2065669005 -2039929978 497145599
-1673731856 754262963 1214449499 1070402285 -21233242
-1288571357 1954014448 -2007315180 -1323793446 466277814
834071573 -22257170 2083279380 -1190911942 1139360092
-2044197475 1401551576 -1044634099 -1128013714 -1819847542
1641012611 747763134 1073115663 563177290 -1911542211
250004672 -2007835595 -1121126244 684413679 -1149139299
1921281998 -1752595437 -2079841592 1167383854 1330453952
95093244 433092013 -639281515 -1605179106 -1393873026
-573209339 -1312816381 1907948355 1062810256 -2147455557
-1917330331 1308578859 1009220649 1313546064 1597429897
884845856 1295802996 393260536 2122096398 -1295609626
242709059 104962588 -657196990 -1988249844 -1132568471
593181985 -1501568315 -461098547 2045205967 -858051659
-1856325278 -2014643383 -1038153516 -931131056 1405216563
570791725 -1713472162 -854166494 -1639439305 1210075877
-831449272 1203105836 -158692017 -2088369500 -1692609647
-1742831063 -1202016972 288282913 1842501602 1525104017
375156 1170082668 1090143046 -1698640642 948182914
-1716019793 2067462468 728942070 -210263462 -391503242
-1174197803 -540721618 -1224351916 -1070640242 1228754909
-752061616 -1764778979 582633654 217652926 1298380030
1690915153 -1625785170 1458657099 -1182109642 -2144009389
-1614065139 -1773047505 -153484046 890001477 486310133
-1682236140 -590670163 97605917 1574750654 1643760722
-666503756 -55973714 971457373 -1115541628 1587520663
1205717440 2038580757 1467743294 335104660 -1157582148
-186511345 -2119430926 -729129252 1901430172 1644651852
-1121645196 1771215304 -2139269285 -1583340905 1276458196
-2095767532 1655870328 -279750032 -786787674 2133604370
-2068018245 336534205 -1738966315 -635922475 1988677750
1351913928 1345803926 1419072984 -308108335 1801769672
639351486 1346275067 -1809914317 839524788 925120309
928803885 -1853457947 -600227212 1094817253 -1747538222
-859046487 698212277 387256053 -1531628499 -1463398942
790858842 -1862804038 -655009138 1018675859 489574275
100289814 -1553705783 -542495251 1177523139 -1675461298
407085147 -1081246160 795349533 -6315441 335321163
-1069152705 198020177 1592249533 -2020966003 380645664
-301295813 -75893523 -1339623239 787411674 -1263172849
-1086173977 2037461321 -647912220 1509056130 868396011
-92911965 2106913862 895999039 227197104 177752635
1455961938 -898749114 985348519 -705324737 -100348926
-1392085597 1257138149 1046924633 1088981789 -1636668438
-2119023912 796525089 762352188 835108569 615628053
-1328643506 1294864156 -1425216858 -777958449 2052595981
225471074 1910832397 -1377349849 121108629 -1605548613
1278444486 555087913 -206875739 2125614635 -359686660
-844365542 1090058582 1626147824 1350865642 -1735125006
-336887603 -387916701 459021939 -1607161586 -1153545054
754327594 -1576378828 -1198480837 -469627922 -1563350502
1381979114 1187113045 1716502048 -1176409945 -1004124298
-2052849025 1510633729 -1540605583 -1174959702 1979990910
-1053559466 -887879140 751743072 -618893186 87974933
-1889722941 1588679389 1775426898 -43018970 -243623088
-1763383630 -1264016569 562349027 -898449296 1123998236
603409025 -365616596 -1871504326 -1080896264 1281549709
371288514 1249156671 1512538072 1593827209 -1448219687
1393167715 -803869561 1506337391 -2007458364 -735336764
-239128985 -181993159 793169703 -1101970304 -861242184
1258211092 -2099475338 -1231490911 105611593 2109213289
418843732 1413907765 -1034523761 1484324957 1679310216
1932883688 1411152095 1478521197 284116682 1840542186
-1188529940 575093547 1580496966 -1036034428 -1486746570
-664149459 1421637803 1504263344 595242218 -608847068
1072896913 -750842499 170035148 881961396 -1417317658
1010445554 2104212683 1274219331 1736686659 -6515947
-1331711692 -836906354 1135017909 1801278277 -394558813
-1840697790 1853638880 -1830477305 1715661777 -865065482
-1748036951 1905136481 101909747 -1177196530 -1911653868
1796420411 -2135420027 680681354 1970841679 395390793
2081127155 934429779 -917503484 1710876015 617952277
1063878802 -537326373 207276075 1487656549 -813195071
-693705261 1348957129 -446583492 -1762167559 1269002611
2054422078 1127857051 419347681 -392939140 -1374545717
1342827769 -1894370413 -642641859 -1416950248 1533156341
-62772382 -1269734859 -850759381 -1334582843 -1836458664
2106002830 71729636 -128893491 2033251249 -645214204
-841657538 -1821714647 648093436 1812825482 895468230
819332358 -605830905 1009741764 -82101119 -123151580
2092839051 641867639 1169438883 1741694235 -1442405227
-622839732 -1155631472 757925877 -884110406 533718706
-682748053 -1397709575 -793620859 1056310746 -53308603
2077847736 -1501254465 1612527852 -1164648032 -668373495
815667331 -1873597189 895508079 182976830 -449730005
1536357977 745946720 -877283645 -1032324180 -1566649232
1434079392 1011605381 -1020498256 -1147570732 643459433
333891642 974081218 -910209065 -610861900 -195825096
475930650 943360094 -1740920065 -1001219935 499439301
691614327 -836034667 -1353904827 -1997331082 1033762077
1064037124 -1662445186 -781753844 -2079849041 1012720563
2063211078 1923512281 -529425205 1012959920 -1914754819
813913809 -2015252790 -624694490 1305497512 456015450
-109660937 -221908464 1020501967 66496166 -91254182
-750583112 181678023 1358285456 1440820939 773559918
839122044 1646003269 -929105642 -1112211637 134279724
-1994652731 -1970554586 -1604289624 728803822 -1326084612
-1504466923 -730818133 -216483506 138622477 -300364078
-1630773832 -44311906 -1974160534 1661147767 83224163
2077083718 -529011621 206019219 -1809677401 -24707793
-613658195 1395601504 -940853062 -2030260114 -92884242
255854312 430291583 862076700 -1932409807 -2001399430
-652988732 -1533707101 1920571564 -1584958531 681348796
770921261 -1326005086 -1571367093 -1716411831 -1563061475
-1991345814 -1378068890 1129455838 18262366 2139633300
-941241668 -1757810638 -431535181 -1702060885 1810205934
2142787243 905333949 432628943 -77224453 -1643132891
-1016743202 1830416080 -1748297169 -1458891970 -1945288163
1950065512
