10403 516 1639792944 745619444 858328598
-2048468602 2045253492 2045369107 -380491673 1830267480
-1435139545 990782784 200581313 956624538 -513345760
2026857836 -1333795392 951026397 226028148 1917341425
285255773 1115711382 312811832 500285394 -982126828
274431185 -1715886060 1455004123 -1815084371 -1139032719
612517942 117819966 1500970236 -886097607 1942596073
1255003785 -1847488923 561764706 -1946491911 1617429679
119599908 -1187762134 1680921228 -290020785 -547359640
-1542464325 -1946785061 -993896823 -1017426318 612260688
1022491797 -1199687781 -85452887 1528145853 19665208
1626669952 -1415581051 1747895215 -2041362005 995326475
-1313379997 -706720328 -908402038 -57639117 145242929
-1040191157 -318914657 -437379735 1180770564 -1027554917
731444209 -1007366572 -359085133 -660366748 384021073
-1692873043 -1015174554 -1236575850 1357866795 -31997246
-1598889541 -885962932 307457314 1125110914 1416347333
1756464534 1292953 -70092052 -1530675884 1723345532
137098244 -1271793735 -1824733776 399262429 314657118
-128478382 1314670867 1969896235 -1990502192 -1284006046
-1024476099 2133027943 -110275067 1028509776 -994212229
-179078248 839254096 1306315086 -1567223479 -208518047
-1210738050 -1083735248 -1654649660 -669178607 157771168
-1414601517 1440334412 -302412615 577762167 408538743
-636569653 619792373 -38949707 272816724 889213466
892958104 -2093334932 1976266117 -795329259 -1645537528
-287847876 1895136805 -316080696 -210406947 1841157222
-745323649 414972588 792026554 294655123 1718959841
-570348238 1193478258 2006648307 -110508688 -630572171
1541380493 182369114 -1277158132 1839948498 -682288039
-48758711 503200043 1382598585 -1273322509 -1794380785
1364802227 1464900019 -506395785 -937518437 -470014481
-855787242 540418257 -2118961658 -1809436226 1081244914
1522911568 -1861422938 1004841625 1463567468 1447190732
-1935248980 76282182 1930702671 -15003184 -1370353082
-234715000 -1338839019 -935126400 -773460814 600962170
-1070095811 1205055745 1758158641 26681388 -951701564
887252023 -57859652 582121174 -1250279441 1654904266
1523805123 -208080925 -724243995 145159513 -1648479097
-1473748597 629486754 870045229 1973526350 160329543
973647691 -572244016 363751971 -1683328292 1455285244
-1835807054 -533492291 1460504887 1522888335 -1875132294
-1544692600 -153302720 844680281 772938693 -1704118101
-1433646662 95554987 1489888735 1804176969 490810412
-1555328820 -1127583798 -90376218 -1388358419 -416504015
377262583 -159770952 -1471924972 -1883864894 833978848
-1424992770 -343037795 -628054089 24932370 -899924561
1675092425 -557028555 1718997904 323403437 -1296583773
314814703 2080583638 -635464307 -323153156 -1896075464
2143451504 1064464652 407454742 -637204657 -1762737406
-1868209547 -90793050 1309903599 -1151680519 1198620626
1749582453 1360298386 -653296167 -1369559115 -430186320
-910806693 1039385669 -607233801 494970740 -329042458
32104777 -599078124 860146515 -1141995764 1021562864
-700016640 544593421 1990140594 -2010401733 1188966379
-1502113122 -938624638 1247673189 798138890 174154509
329859560 1756034939 73887610 1275786737 1402689228
-1347589143 1639768904 -642980449 1091487535 1255230249
1892686684 -2142643279 903916949 -524417059 -131569290
1817100111 -935876103 180245172 460148896 108368839
1902437656 577965164 445363889 -1260205743 1455034053
195227823 834274808 -663102617 960986007 1609617132
-1631400147 1626288913 -1068791212 -601458666 1301861424
-1141548265 -484329047 -698801347 1334728696 971722615
-1638799523 -263236328 1902271745 2125312160 -750009458
-665735990 -647893545 736656045 1084901092 -787398471
-841434204 -1814075429 738995657 532922889 1021655343
-1669499235 1247090818 -429493 485160226 -1358003849
-1324711333 -39853645 -2048583610 -2097748749 1096103877
605597890 -1292128845 525873053 -1939229420 986244213
522061711 -1842747861 -888021719 151244513 93558775
-1146273710 -14820166 -1335440201 703506017 2130497876
174263481 779858781 -191748201 472860236 81308788
-1173111210 2146948148 -1163431245 193823897 -111299341
-1055575985 821970256 -1438619300 157029367 -884110658
-1080586514 783733234 -840234148 433062722 1514459700
1587853036 914564888 480375385 1188861830 -1451499203
149750763 2095624097 -1331013636 -1188432182 1444161297
-1986408144 -457483353 2079395847 1591122809 -2012319752
955658199 -308937256 1680875162 948019748 1952906901
-31253318 -1082586866 2098673874 -962885501 -1639590770
1025024920 1037265159 1411577554 -650239101 -1874888638
-690978232 -1340584971 -1105797540 -1339747465 1250155452
1727388114 -689175094 -2113128740 -978266252 588730545
376701260 -321727204 -407262213 -340420165 1716624499
-839114110 -219416294 -1894460664 -604680031 -999438448
-537991350 -1811211125 1256440196 -564385628 -2069443883
636942212 -182739424 1021493632 944114395 -302580936
1560080585 1639963169 543786133 -983645587 503230270
980317816 -1242131006 -1171610190 813337724 1091073971
-346284724 -1118608841 1852123357 -483591041 -275165297
879440672 -666845447 1690380026 -1438530692 -1743143624
-65856493 -1986618135 1449220784 -550434152 -1013125727
-1473346020 1373729317 -1831642067 -309217365 1371088889
1172264374 408423370 1897414593 -1907777194 -1953998638
950327369 964334606 1342535059 -435014364 1075353410
2141024985 119215305 1131715085 -970799437 -1075163887
-1723134923 1376921908 -1134741733 -1345050094 -1823775604
-1828001188 980370848 1278402215 -1959983231 -49401925
1772693589 -840243512 1890090078 914998420 -703974835
-1865377117 -1871160807 -1410856398 695017100 -903973383
-252720144 -278649358 -220418443 1083205833 398282426
724247363 699475925 288214767 117745790 961837089
1732529718 -1973121868 1010976552 2096326817 39503168
-594163692 -582756920 -424212834 -1427694079 454780005
987521382 1750063648 2049472219 -738867361 1708397304
-880925989 1927969679 1796981640 2139203156 834874548
679119327 -266128195 -414621089 -51422453 310036199
442900263 830252335 465344644 -1795763985 -1738343116
117797180 1200562228 1137226807 -398916475 -266779566
-1449919674 1147003546 -499719459 1786575888 1393472298
1390456319 -926467518 -2052264729 -370108685 1139108310
-668877220 -151130867 -2044192112 -659346463 -780900896
-1965044037 -1489191236 -233497966 836104154 -471420682
-241116110 -1670387826 -1978355393 392226147 -1955762694
724042046 374359822 -1761212653 1465811175 -618431890
825761500 -1217724477 -2005469268 -431297736 -730395318
-484002972 -1084456681 -1431221576 -1202827981 115928022
-1444800789 1830083475 -1963111668 -1541768985 1186324623
-1413566050 335557142 -1266421314 733316626 806624904
-855143060 -1682967556 -1663416965 -1600851072 -1397915364
390006912 -501711986 248975107 -1520329044 1489278459
-519722643 1836686617 841852523 -727981160 151783987
1929792673 -1785655629 -810873579 128065794 -98058082
455351993 1107000756 2003036342 175066370 -785096148
1214186172
