10403 108 626078387 697581555 1874064526
-1577662730 -270767417 416670430 664657152 -1581306531
1942720911 206142668 683843873 1374321007 1048948102
1751076357 1664157095 -395733182 578505956 1281551991
-1411805617 1089461560 -845341677 -1083258055 -1654494990
1371113954 1519495899 49926099 1203313585 -573157660
-9170279 -100137533 1519033813 1167310067 1968031376
-523342630 469378286 -748890493 -659717124 1713060559
559512642 1466236995 -337857965 -1132656874 326094757
327177421 -1438737388 2061840357 1207802149 735744907
693335450 636506507 1218429083 -1863362376 -609787877
970351277 479142768 1929233121 92675633 1430968969
-218591363 -1574570354 734239713 -1667085760 -811733039
-860920963 479588024 -1638379884 1657421996 2130005504
769034717 2128305393 -2146964283 -1607384676 -1934963351
-1218427199 -1108787922 1183525863 -1274337018 -397253567
-1087748174 543192999 -70401691 -528923870 -105293999
-7039482 750610547 1483503209 1763325547 334397347
1295085751 -881044106 -1579892782 1458273993 -1153388245
-1386737890 -2119061751 -92241457 252084622 1239082886
1404917450 755505689 -301621734 -1762271771 -2039257990
-2051690435 -1394139029 26938673 -579302979 -1167527347
1944430483 -1090633122 1558192446 -553178544 -789798797
-359420295 1626106720 -622705195 -934566216 -1224625841
1268403211 -1503448690 1464151115 2006491334 -1313526944
649267361 1377150320 886580013 -1739777093 1674658772
-1587268086 271409219 -702613164 1219928124 -1343947530
504838386 -516988430 -2014188309 1114690173 1762512103
113292289 -1983985800 1659637616 -128966193 86669751
-567837582 1815242337 -190821076 -336060287 624843268
-1478250149 -947705051 1799252009 -1389863737 276857113
1742982512 178585271 24100672 -1750859153 -1422172680
-1451741432 -401258396 -1202084259 -1884415540 -305198478
-26737787 651985618 -156717793 1303299900 -119196136
-444993475 1157004327 724860033 -1678936337 507982641
-155156423 571209507 -1278842016 -1292081746 -1704027040
1526611957 1692276551 -697720281 1901411401 1203174875
-1363872819 317546280 -256628172 654001259 -794415807
1657523014 -2094525984 228240607 -1341440450 954174651
2036405646 -497459383 -236412191 686089054 -373771695
17945975 1075378311 -585366317 1888095761 -1607618605
-292305388 -496585228 531648195 1830779575 -739604003
1544244685 -102925033 318276060 -91212323 -412535021
-855074496 682897265 882173157 1557107535 585412489
549901568 889653737 -300982471 1384636391 -826408414
-1784308505 -2116458249 1333397184 -1612069007 853925307
539126036 -908030948 -2022380840 1478935486 -1861755449
-325520918 -1389159512 1424234088 -869735433 1678425264
-423361166 -691043990 1117125529 -1343363564 720727227
727536865 -852228704 1406404037 -466155997 -335949901
-1872871499 -1278792379 -1392549277 -1951603768 -1388571191
1526714012 1570687322 -897773579 731376924 1010095271
-318207333 -1968909465 1041192941 573699896 1033774824
-530295614 1164578755 -1459478096 -1074476883 -1813406408
1253883115 -947094320 1518079194 1391859416 67986801
-1692907137 1225197809 -1743246408 816527641 1831287461
360518314 -377682751 387498486 42117537 552019033
-510525330 110671271 -769748030 1368397177 -504684881
1223539317 314302542 1911803750 -1831541038 -696567630
-669405781 1566078612 -1890062830 -425338142 97893429
1384224759 -1129106935 -760951643 -1012432091 -1083490653
-1235257392 -77446746 1152272411 27836167 -2067624684
-104075580 1687126233 1556531061 1120554930 1711877782
-2142001597 463346309 1784608038 -201722950 1294873197
-313078709 -1491211874 -1336879666 1400842709 -551521033
745107420 -1871067659 981274293 1070225382 887041080
1345260301 -276105168 -876327404 -2076517287 -497965259
-712212013 1311412309 2134091182 -1861262066 2022444320
-1011507923 369024859 -78971284 -1672559630 -1950203711
-1095686946 -876068022 912096029 -1466501448 -761357366
-579815188 -1105781949 -1717282389 865438305 166521605
1161414529 307441121 973381270 -1255414567 -1718527300
-486507402 1132122319 993251920 596060909 -42800184
-1516055953 -1677504515 1331566063 1289913227 -1213906231
359402769 663132241 1342370819 -1940405223 -1773275038
-360744685 1421701435 -585865398 266862601 501415811
-602425113 312477744 1573033430 -1766901615 1600483314
-874089552 -1683123775 -1092943856 1407885746 -1243771721
-1183733296 994799411 1532596458 -969745082 1739601360
1321780996 -1775979799 -1592252353 1976325162 -849550548
-827607193 -796551796 -703258189 -1919232885 92010819
1873974222 -1581092958 -1352946941 -1169540559 -828338027
1397064751 625900610 -1181520174 240886876 1668555369
269361230 1621748367 1575771849 467845199 -1428063505
1652897951 -504569811 -1700834213 -935475889 2089322153
608368639 1263635961 -345724785 -1361879839 2079610142
-560354755 -1862687087 -1186104358 1015088204 -145345072
806034663 870284360 -1008289739 -991948570 -1786169420
-1752426896 -81063017 -1123767704 635589503 224321412
-1572795559 -1250242040 1135760713 -1040710548 430409864
-65855758 -1001882765 -754302865 -1677065725 1313087314
-1596236005 -737019137 -803144836 -1997251658 -700331398
-1987939237 -35368568 2016202806 -2110744550 2060766839
-415563581 -58186934 1283101932 776519815 798893085
555113014 -620103602 1629192282 394916804 841393862
655299434 -319646209 586684966 1006977555 2113086547
598434587 -147735282 -2124500251 119739210 -1261109101
-1879389761 936431898 -1218617076 978827672 -1083672902
-1548749041 -980850952 2036932763 -1458049892 1715336258
-923456803 2081343512 2105943569 678608903 1611591480
-1404478404 2016803520 844533014 -1694564970 1324409220
1942627657 1770818693 -1569684170 1709073556 61034779
-1633801049 -2023079602 -2043090940 -1505615288 -1830087261
-1546300057 795914549 628492579 -326395124 -1040472796
-1928939333 590387847 2133952124 1675074115 -1894916115
2116420599 -2110273694 476476093 -1492652001 -61653248
506401413 147251568 -305643213 -1294469331 1957249201
1000801682 -1833904779 806241127 -889727247 62608199
-65364084 696831555 -489473732 -319260242 -954894511
-793936523 -1185526348 338082229 -753412602 -793163380
-2008279039 -2004888095 -478208453 1492588266 833819718
1640346840 925339923 1517248597 -1156311383 1857586494
-348850931 -2040932971 -1638224599 -1796179007 -726333184
-127491508 1125579658 -1922957617 -1157754592 1851552194
1172535215 1876211393 859495651 -38365600 -2095347150
-1312223258 -1149970040 278772703 1015891778 1331233662
1902297813 91453600 -6090550 860673341 -83499088
-1263144949 -2054661552 -185228950 -1370928573 -1174849910
462137974 465660127 1171471175 -1278585626 -787176387
114812100 -395749714 579686241 1624532209 398080047
-79528840 320683641 19754506 -1122458240 -1846315879
-1170847034 1139454085 -2102975165 2078502480 1856396539
903245218 1345300817 1513427927 -2010342754 1076879793
356286174 -5205190 -1885205698 -171587178 1699292206
2146412723 819753028 -1812351729 -968413557 1736413242
-26444372
