10403 60 -406442810 974780355 -1149278324
-827368135 -1905582581 -1098748017 -2069568051 1491683754
1992507388 496027573 -610993509 93177851 41082106
1138882186 -665138709 592168756 -420123910 -187524378
-1258303672 1584677286 494180452 195509597 1710930184
427582322 -1939903185 -449270367 -311817867 -731812498
-1340772319 1989184570 1120278996 -1046524960 -1551313740
-1994177279 -889463279 -1592574705 1915046712 -1489044746
943817988 1123792007 -180593973 -1879138634 -401617576
1288255670 531908077 445318768 -892462126 1287870549
193548235 740354613 1922398153 -827619527 1537413429
-608172588 -1212408283 903124082 -1306408160 408648769
40439742 -806358043 -129005143 635540519 -106717193
1738044176 -1574825055 -134361045 1158429356 1023412591
1672545820 840919702 537757240 -57387996 480111180
-975903180 522482757 -969245828 -358535421 -1410019253
-1528728428 210230824 891247390 -1241923464 2035090834
-1817563869 -859624363 -473164923 1178039226 -1798558228
1256888754 -381800140 -1917883662 -1442706951 2134910364
436939826 -1095889143 -206447824 -1616232597 539782175
-914076588 -1043480805 -1199871332 1511760505 -2050746162
116317789 1403650339 935588827 -657413730 86005770
1770092817 -1377272796 -1288670111 534171914 -1210733980
1576432035 759658103 -728783502 779061493 -1968103136
-1614056476 824386302 -545526191 -1855351320 -1666589850
-1295790928 1401982427 1738779108 1841407226 685788427
938740432 845105198 295968435 1012501038 1223292391
894535569 1508296272 1360280572 -421082589 -2107038036
516792311 2073341651 1928526215 409982430 722605334
-1423472995 -1951748420 -1812667744 -693418026 1817069126
1360483663 -256047444 442010317 -1539205001 -1783601727
1163318869 1080087037 355978263 430181684 -274916945
1287838014 -982235226 1922572529 2097324418 -367761438
-2129490755 1678215030 2074100638 2011474845 -2033897754
747143584 -1323826820 284498132 -295304986 341025923
-185285933 134436274 1066273594 -692755496 -462974070
69183857 157988587 -1069954970 867693132 639527781
-604515305 -528606567 1488826782 1486068653 1862146499
1020347242 797253591 1111268520 1464741249 1739523014
1094324383 1689618105 447462611 -129809424 -798419824
-1209662403 -1016832023 2134867709 55981734 -1730047456
1122872414 1577946980 -442239410 -1362481769 -1932628968
140113462 -644924687 -1764767248 -352646391 412489909
-445463202 1428238721 756145311 -1207073952 414009932
440024529 -507601448 1495807143 1998698080 -1648856447
-1876725837 -763602440 810486867 -1525480412 975090343
-643734738 -642858843 147455065 -1877950427 -370599677
1574355136 -1970023213 -1315992437 -811166841 -1212802152
1968270282 1726140218 2065802927 -709930017 939601740
2000369714 -876516796 -1800190472 899798659 298046716
-1741751195 1479609604 -43494911 -604791446 1297988376
-645524154 -1746642827 646996852 -361662039 -697003292
-1814330246 1645121857 112614287 -1963239559 -265672345
1127528084 -639991644 -173996723 303747037 -30870795
1424384367 -1334000619 -1055850577 -1023853187 -1780999137
-258738469 -264234397 274456743 887860514 -49430844
-912343603 -2104258825 24425202 -927340847 396417807
387658611 -1674339437 -12735878 959400277 695336338
-1467834381 109681161 1750375961 2032002593 -2116821512
111963974 1309644273 -1036657179 1178776641 27732092
1792855313 -2022272599 523034820 -1369800598 563688043
-1670694448 -768785778 -1026447320 936235443 -60430415
254808110 -1051872963 -780327171 -1445504098 484395682
291618832 106459925 1886438141 -826509404 -1110394204
1810299381 -548299915 1242787036 -77323069 1069759010
-31466931 1201270708 -1331110777 -1778481504 -1791925567
511400746 128291605 1322790227 1904383011 400317264
776450726 -595863172 -1323120826 -268739110 1686765411
2041189916 -1820245589 -1140835850 -1356647033 -1360643156
-20673161 1678259922 456937157 -1406523191 61526790
1228514061 1478543536 -970636302 -1421788504 1881199746
-1543699512 -1084830211 -220291992 -496503770 -365881240
614448054 733231668 -258233267 -1662070678 -1039457909
3047390 436094110 -1966670257 -1274741416 -1408546532
561107740 -1923453899 -995209598 -125298489 -2042695493
-2059989130 -801971290 -1427647036 -1925311675 -1607593019
911394490 1289715667 -1659698297 -580270760 437125361
1316287016 -2087740992 -824519865 -32340578 482112360
183346891 195985795 -1799166744 -466596597 -537379507
-1638837283 -1189989594 1005089109 -1323700053 -18674144
1471458002 -1129381679 1383355098 -1596228054 -1483533659
1101267736 -890278759 1070939409 -1489968336 -561552350
-1788779139 1705341408 -539878859 -1351441998 38112748
-63794525 1363475887 -1811596510 -1389858538 -729188886
1315300573 -1805261048 1795112589 -1016566885 1945642830
-832313429 1800181468 136264311 -1052065703 -7134550
-1807278839 1464779182 2040949793 -1548712801 329680397
1406562464 -226481394 1019570012 742733527 -1232298202
1002966170 -1688333576 -1493081995 803544456 1608107106
1385955587 1831239832 1490015767 -376432609 -1519908575
238392189 1591398003 -302505033 581436488 1019040376
-1653277985 -894949615 980360181 477943215 -1575160511
445273906 -1984183762 -13338841 795895574 1268492935
-2037262809 -1464665796 -84748416 1164269871 2014213176
688135636 -1695199059 -1682243214 833592603 -87118049
-1464876775 384824485 430383000 514001777 853466393
894845741 -729161249 1072768796 -1520942386 -451250132
836464674 -917873267 910000498 980579478 1333416445
-1712337687 -18336865 70872691 -1830096824 -1576102821
-450094797 1641327126 1798753533 -231887936 677931418
1691583394 1748508631 2132797427 833846116 -1371006100
554784495 -2142707210 1478560267 1666038837 644388828
1167233594 -2092534020 214142513 266360741 761691457
523870326 -1644848549 1129254462 156667815 14639741
-1698649119 -1771506329 -715911643 -1112813168 -1198698858
874387146 2036890898 800966364 -1875909273 -1671647394
1428837970 2077099901 1411347490 665960156 -1549690534
632238185 -1002208582 -1774358412 34900774 -398444419
159954804 -1410429346 510550992 468122737 678240815
-1442597384 1594561171 -73331121 94447744 -208745807
303520185 -410568200 1506203085 1919738858 1965169284
1308260115 -1702545137 -725380056 655049710 -1810347020
-55994372 -1262584412 1232689497 -1354516334 831219295
727184490 1574043730 -51515073 389154689 -848912007
-228037198 1576490592 -824796733 130562714 -1579725649
-1233808076 -861169379 856669299 785419109 -655279562
1347689100 20451586 1204138324 -419461685 1552014191
-1800175885 56919981 1988004459 -1380195016 1142871636
-333102313 -8888451 -700503508 1287108599 2133444955
-1144153736 -524846687 -2017642636 -337970747 -1131619099
-1291349502 1195173646 1234024078 1454825832 -1704682125
-1087711242 1372669789 -1795609749 -54806803 670110595
-1653916795 -1147570670 1230073901 2134696032 -2135200866
716143864 -406994762 867077870 -803911957 -1264133612
1474474642 -657581142 2078322983 -1066570970 -1866752431
-2097486136
