10403 444 -339695390 229284664 -676192172
-705423949 1465571009 1074158875 1637942589 704065357
-1776515581 44173106 350839753 -1694635659 1291586072
805597867 1543472387 -900153483 -2072507740 973463079
-128741242 49582451 558097971 -1012094478 -1097390804
-1603425552 673892135 -1957230405 -701782564 -245182325
-311185258 1276983623 -1128049354 -1236902545 -355985088
1688694582 -805730322 -1585770450 -531753109 -1495090171
-2001947900 1710342817 2144287258 -836700254 -1474641355
1414353838 597037281 1465782916 1547569468 -1568315634
8922620 -1151432314 -79397298 167583180 1292891774
1976038181 -1398233431 -1164058223 2066010689 -902631190
1707859028 1793163053 -271616197 -1621139506 1587268929
-1072444260 -384417823 102278346 -94994053 -2089721747
325776149 -2142097098 992361127 277064114 -340575969
1487301720 1372932273 -2011942096 -1964917623 -379175064
1136651010 -1028751684 1776355115 -824944419 1017690259
-1154662104 1604075928 -73643289 -1419351253 677146383
-1966728795 -622258583 753439036 -440518497 2072919390
1461122445 -815731408 1195616095 -1700037200 761487916
-270238094 1088433360 -531594408 439210006 1016602286
165266816 54674041 -2042061250 2036183750 2042393317
589866160 -1944352538 -168224370 -980266600 1795513344
1452566534 -1662941214 1878248920 -776854735 1158277218
1373641830 -107125584 1150289918 876627674 953863228
1549780446 1852630817 -1535473993 1244379045 -807863805
1507007393 629560799 40390541 -1338919819 301482360
1354373007 266873789 448297653 -1980221537 -2034774034
-134655178 -1884269741 56798260 1670992437 -1399488985
-481209915 269055633 -916327557 -139143622 1329889413
1358211739 -1499797615 -19586974 1175687666 -1167544671
-433171788 1660494540 -1630561550 598426110 -2099358578
1545270335 862590170 -130599766 -820287023 1160024033
-1421606656 536414515 1237578622 1570429650 1603029229
-62051022 -84970079 -2044942835 304645634 -730708719
-775439112 675157934 -478631763 -1030860167 1753785494
-137769016 1991932044 1028536142 261675389 612288622
1671759236 -811570163 -1634642712 653936284 2058947016
361023083 -677276619 -66437711 703716503 -1295408632
1022230859 2124537675 -1804588703 401330 1920492922
-1604742940 -622169660 -351137215 -1165646968 -1121236440
1429990594 1112653336 -1942227006 -1179476157 -2114016068
1023857801 -991053777 1632182614 832743464 -1260972846
1133434982 -1322163532 1645816228 1647841269 -695208859
1495229110 -1860138347 -425391381 -228194184 1938516074
-486385973 809306188 1171645321 305215746 -364234520
2096353924 -535065236 -1116119840 684509896 -615471079
-1297205060 -1127013640 1645772086 2045144841 1017326381
-1293532610 1723244788 -1612868708 776858727 -648715734
896530694 -1459479071 -1588166564 -2140259786 -1545248518
1382491615 -796163050 1506136285 599887950 1949976240
468581081 1675683630 1713478239 410918838 -346909925
-1103252558 -2035108857 -1544274272 1483084016 -1551485275
1760857552 1346312748 1924385338 1809906694 -1427744024
-773437254 1722186724 -225824170 -211751909 -294280892
-2133819445 352203151 -1706699291 -268005098 1430881548
-313960603 -1944831235 581995080 804968433 2083813181
-1634403782 -427679080 154333973 -368535033 1274864821
-510319123 -585067647 -959009596 1968351779 763150179
-547252264 1193561185 -1600614571 -45066441 -189943639
-319018337 1837690732 -505767671 1592556868 -926084516
1146359110 -2197898 -1034681167 1241387241 1904625164
-1471979693 690933184 1257591824 -1145511487 -47939626
178038130 -1482196925 1347769648 1405551723 1257328863
1815901268 -615308205 -1320721849 -98098226 563455954
-86572773 487974868 -945408249 1286219561 212726753
-145420552 -398548664 432247047 1591567400 -801927637
1750638044 -1124297945 1361682759 -579658261 -1663651717
2147095917 1478656784 -747869046 -17652647 -1272349640
633318254 -837336059 219928755 -2103491313 1678376277
1372210132 1857917964 1909587425 -1241815564 987543689
-1132745196 -80636758 1734660402 1564153975 1226456276
1936545033 -667774890 1971550135 1855407795 -1840550102
-1125996919 -829537805 -1473234614 1888063818 141695189
-542396939 -2121874997 1428557534 -1646840926 971785493
1186369702 -1163378323 1423500409 -863030029 520226702
-1517772367 1958967789 -116985612 78388368 -72287880
583337925 1083874305 -2043182012 -1799446223 -196300160
2083560340 -49870087 1584411121 771037175 1884899338
-291744158 -359350140 -197489065 -868922028 -1702323589
-637293752 -77039310 -254274630 2072973749 373614948
836296435 1146895054 -428566083 1533060382 -71366055
-1089474788 1634700168 2045628766 -631057026 -1064549743
-2126043098 -968344394 -1085429611 1902603616 -1538923221
1325348304 1242721549 -1874323402 -745230651 -581648832
2000174018 -503167834 1248875987 -53320897 972893130
1531583207 657094798 1238456517 89555730 1622859392
551954014 -709393543 -1632489359 1445830484 -968610576
-1284293922 -1870719536 -1468360178 978536545 2108549613
-724813497 162144431 -331204261 803990058 352241885
56426819 1094434548 829512808 -857472982 2028739734
-1432005616 2134758983 1220136506 773468630 1282742851
-1236311074 780210392 -412368976 1214947293 1547266183
-1161400628 -1022450841 1943470595 804408920 -518122149
745450645 2088061971 -788582399 -2050525725 -943969853
1356063101 -256512124 1684137754 -903584395 1101976158
-1757888494 707653970 -1083648954 531925692 -2122960187
-1839750958 1350582165 350032352 179918482 -830201210
99167160 1813513600 1297238029 534309237 -1071877808
-1531961691 1538772341 -1902294441 -1043889511 -1889105398
2032798363 -1636090574 -1650847973 -505268652 1526884731
1629992884 -1762583836 -398632966 662986551 -697220677
969001153 -1058661245 -5306388 -1211283296 1670372165
1831191834 1785385965 -1134977273 386209770 -819607335
1750404162 -1867798441 -1297421950 1024308605 -289956008
-515042536 1639503113 400414224 -1167969071 1817096429
-521059759 107160609 2990077 941112359 -572395213
1200266326 422967050 1934617947 -301462330 2005424435
467888882 1410597228 1420615722 943742178 -1860415865
1345835790 663790924 181687168 -691782786 351570147
-2092574010 -420161302 -80981432 542256889 -1375226277
-1865908203 618075817 1152198978 -13407617 12742457
-153364779 -193138016 -1349889370 -117642703 -860942214
-1741241992 -857305681 708985242 1079526894 424478815
230840403 -844816225 -124354377 -115661972 1115551343
-63788992 555984096 -1186759120 -170928158 1278679490
482878214 -436746977 794976024 494557922 -1814410949
883720263 1794105481 806554942 -1526085343 841184451
-78828717 -1946521436 595784782 -1965766322 -994431448
-1144283196 1900991619 1449174260 -708278635 -623437929
-2052304397 -238051729 -1821970083 1925855292 276814028
-1704910912 2125141985 -1526467298 1258775207 -621537878
1328604297 295431294 -158598833 896031350 551755726
390936496 1637920824 -661980746 721968692 1069739166
1534714015 -491489854 -1172709379 899338581 -1910022173
-103474907
