10403 600 -953358009 -242549970 -519629176
1620582283 -815640727 -1534836424 1770126310 -429757567
-816659693 -1957237566 -2056435852 2115169143 166341741
1867596548 2067536426 654538645 1116781615 -2128898762
27270496 -720217181 522845377 -1623343952 147594190
744324921 -1085235381 1807854842 1103214076 258876991
-2046633195 1306802220 399419650 1323663837 1622859991
2093607870 1143397880 -597325349 607914041 174272904
-1817256650 2086709105 2131350947 -1528968974 -1498008508
396111623 232054493 1482907604 289509114 -2093297083
1147847327 1583034406 759420080 2095478099 -989089679
-2041868896 -528678594 -319688631 2034939131 1152834762
204923436 -1218243025 702699237 -1496491108 -2053689870
-2048722835 518918567 -1494506546 -979252952 160906027
-2012341943 146099800 -715243770 2013096673 -940450189
1217758946 -1166230956 -2139700393 1533683533 -1899218204
-1200946486 -406414539 -2053959281 -1886116202 1663501888
-664928509 -1941260511 -468754416 97384430 -1556695143
1872334891 1152771354 -270161956 2086611423 -613077579
1140652876 -380331614 1989695741 113591799 -612187362
130907608 1211602747 -367525671 1680051304 1076998550
-1772572399 945988291 -426632494 -2135184540 -1418502489
260655101 1294303732 -511070502 535105573 -2077795009
-702500154 -822550704 795754355 243319185 1678709696
-890866274 -433961111 1653785499 1192831658 -828832564
665337231 -561014331 200400252 -1608915502 381673805
704160775 2001261550 1341815496 -435538485 -1617465303
819107448 -1735511130 -313813567 -870829485 -963430142
-856936396 -1326691913 2049678765 -952240444 -157492502
402005333 -1430072593 1947021558 -1187393504 -1003605533
-1941351807 -1848984336 -1931644018 406572281 -1499859317
348391098 721390012 2130246399 958414421 1846561132
-464856638 -495201763 -1096463721 105087998 -2123997256
1452725147 -1856603655 -927626936 1279571062 405692849
-210317341 -1471984462 -185401084 2060905031 -285274851
106511252 -1903005894 1429574533 213846111 283196134
1521369456 741264019 943878961 -815779360 -2011543938
-2100876023 869465915 296785674 2029684460 1317106543
-1331886939 671397468 1782955570 904633645 858262503
1549658894 -1287484184 812558059 230147977 -1283853544
338642502 2081674913 -1230030541 301930658 38246292
-933939689 420405773 1273034532 -277171446 -1027850635
317423055 172533462 1593584256 -731736893 1133466209
-752145712 71126062 1484104153 1820147179 -1108191142
657054236 441891615 -847417483 265926156 -827592734
1055626429 1415418679 1443167198 -1470842600 -2128565358
310976096 -2097512564 -522788000 -734232606 518135720
431989964 1419480572 -954604622 1194070512 -855133756
-977002152 985466234 -996089424 1928507324 -1319255980
1875772354 1016634400 1471978684 626180688 2099595234
585150056 848869964 -701554436 -371142670 -2100685568
1657474932 -2080452600 -881734214 -418150960 868580332
-571027564 576054226 -1705969824 2101513548 458030368
941122434 -1657388312 -731175700 -1535430084 1171903346
1382705776 -453263324 -861860040 66335898 -404497712
1793804476 539637396 1369722498 -118281024 1709277500
-670279536 -1467649502 1656876552 -645207796 1601714844
799110674 -1960344192 1602536980 467566120 2123920698
1531307984 -1034542484 266915636 1065405074 2113874272
-542779060 -890912800 -728029278 -417484888 -1494101108
-1852262724 -2108368014 -84264720 -160927676 1569123672
580019258 1568054128 -1800459204 1086075668 -533569086
333136096 338691964 149767888 -1515465054 1643539496
1960734988 1801485244 1583668530 -328771648 -799620556
-1578435640 -1761483590 -365064304 -35832340 -61972396
944934546 1657631520 856020428 -1938506784 -2107331902
-675698136 530155180 1424763580 1463073266 1562175792
-91169628 1943554744 195064666 -1249929840 -1479589508
-697109228 -121360062 875903744 -2053219396 -324869296
458250530 -1787167416 -1128986612 82247772 870460626
-53557248 -656180396 -2037749272 -769613830 -2092867888
-1635224276 -2141499148 344815506 -387081120 1633971468
1284734688 -298721950 -817188184 -1781208500 486033276
-2005435598 581117552 -636367548 626416600 634658938
1148237360 -1312566596 -870144172 -1419619774 -642165856
-599445316 539314640 -631163550 994491368 -1161904180
-1430743300 -1035247630 -1794544512 1468856564 -1534454648
1733616954 -650140848 -196211604 320180372 -1179535022
-1331296544 -1558839092 -405327712 -1635176062 88830184
1480024300 -1778270148 -469090190 13740144 -703899100
-1686126024 -935800294 -1942587184 -1951787460 -1990650732
1398514818 -634703936 1105745212 -816552304 234273826
1762150408 -68537204 463194140 1383892114 -1743668096
686865428 -1884417240 -561034182 -335594288 55233644
-261589324 2041126930 -503971872 -1838550068 -1391741472
1296415778 611251496 917528844 -794796484 -140061454
-1959749392 1455490884 1152450648 1321433658 -1971525392
-2054819140 2110214676 458263746 -1802852768 642921852
375475408 1724816418 1900873896 1134050700 -157406788
804083762 1901886272 2021852852 -1494142648 -2136071494
-1943611632 -243889940 -294250412 1755049746 -1268252256
-638595124 382922889 2049267899 1134170892 -1688325478
1007097871 21068889 -982757138 210703228 756957165
1601239191 2007442272 -65322178 -1309455349 -208491379
-443880006 -1896037384 -770891871 117700947 -1950467980
1165756930 -1982241641 786744929 -347550042 -437356892
694477653 -188088321 -1529700712 -1553701962 951707715
-1075617403 -233184734 -1929737968 -1213171527 -1970774677
-865631140 596650378 -1252246145 -1964855095 1519453534
-193612276 -2141771299 564902119 1636646160 -978987986
-1981478181 -2119164995 -2135780054 1210091976 -1828579599
-847333277 -1687782300 -1707855982 768189543 1616342065
2044622198 1455526548 -376295259 -1881692753 -1063821720
1991059014 -19291149 2068415317 886222130 2111906048
-1480058391 1421642843 1499932332 -1063087942 1246882415
-214484999 399537806 -981928100 126962637 -1582142665
932442560 1478313630 -1430433941 1180358381 1571783514
1600872472 948686209 641669939 -782071468 1082342242
1714280439 1428478017 -644215610 2141170180 -413850187
-763053409 363830008 -1082544426 1113783139 -216435931
1694302402 -1041363536 -1918194215 628378443 -1516766788
-116958742 154967583 -762708823 -200547266 1612315948
-228333699 2065728967 2138742960 1092067022 -1073355781
-357014435 855047050 -595571800 922929425 828276739
374342404 -807518414 -1663591033 -1556282415 293281110
2048447284 -1360392635 -1293575537 1603965960 -995311578
306921683 -1844973003 1590022546 -757033632 -2088993591
-2132213765 -845774900 1520276058 1871343439 -1372021223
230661166 1749221948 281378733 860436567 1496341920
1285230334 -952463925 4332493 899895034 -815028936
728272609 -1957240429 226281908 2049628866 2137729751
457169697 1750317798 -845333532 1800289045 -702864577
-1108228392 -657243402 -1926169341 -2109548987 2050715234
1431463376 1156502265 -615374805 89714588 -99385398
438597823 540502537 -308272354 -660780340 1281065629
-1169200116
