10403 504 -747563088 64757754 447296320
459509133 1398783899 -2113017818 1096141165 1708091174
-360121818 39243560 859640033 -1443319412 1011011841
-1329837687 1228271388 -163726767 1370481645 1555668485
-1579041563 2043140585 350382049 -1492450790 -875292658
-795994263 -939224830 -1703312307 2138979644 -1572009133
-852977591 -828130414 -164893790 1027030125 -2030557719
-2071955087 -1840837611 -278527294 -2062586824 2088214733
-321664434 -1514345463 863523301 -2010130987 580126236
-1662854223 931551122 -2113990088 1192469713 -293158370
-642167034 1466218796 1908370890 1574525446 -420183366
1881024505 -1079552013 167466544 1254269397 1390901982
1900346443 -2025384776 1192321742 1958698085 1308073527
-447658526 2135875342 -1731291188 2133728190 1660118139
1238186301 -1583122668 -1206724225 -255441708 74242884
2111715078 -1576071985 -1497065226 -1901620853 -1977693229
-437976594 423654731 -1690681485 -881576897 -1801294937
787802259 611341831 2084006804 -1899642068 -1247105353
1636998120 693553323 173071558 115451649 -342043125
-1587784744 -506970736 -662092941 -1134575577 -1977980449
2050418703 -1193978668 322804030 -763367201 -1202777332
1531487779 -680975097 -1182124073 828281038 -1328866953
-1509621224 -1645558554 958147775 743252860 811461992
-866338566 -1082765328 -1588332508 -1045981844 -522429473
1408882733 1749027562 385149607 1459816160 160381977
254870458 -56353644 -171126345 -1875476743 -1323678068
-494535896 -1458678354 -1025179644 -688868631 -1051749649
-1241693798 -1402536263 -68918902 -1397914630 1523970676
1469388813 -2114075616 -770920371 -1540726827 -39514232
286319957 922325161 -1152685087 1525376801 -949305611
105807133 939032414 -15916502 1265205637 -1390692810
-1971059175 1483653648 -2080598481 -394141651 1928361654
-367876698 -377246327 1778852181 62676253 -1317637919
842484430 1716892572 -1053286647 2061571386 805462589
296301689 315364337 1523627168 -1077327987 1974328766
2109623668 292181101 812811586 1356862674 1321256744
1861500158 1951617490 -277970810 -525544763 -1308422593
284584740 898237873 429551458 2024779511 -14751028
-389669014 -880209623 -1061393941 1000916926 -1749264606
-935217384 -381916118 938832351 600849833 941290640
1499636131 1606542720 1776920208 907385754 -656127661
1007472930 -1656632145 -1039864649 467912962 1016943063
-1129501913 827723443 914181179 489025495 921439483
-1435555488 -1532125712 -1228883685 -453267644 1643386623
-1821440574 -1496642715 -953680473 -1533380908 -1397020420
1689418122 778348671 1219436849 2117208360 1409431663
1919947882 1546425072 -1912272706 1504693112 -645669513
-1528594369 -1110992048 338531617 -294666402 1469783003
701183343 728666649 1480897888 -130842515 1017049729
544619907 -1439811690 224978920 1122003090 -1674055904
1504194844 -1760882164 -1127186203 -568253279 -892162224
-428732438 -910753845 1120946532 -654900328 -1412768998
524975558 735703141 -177065866 -1951834150 213190930
-787599364 1883441735 544827681 752051142 -819597457
1212268656 909131211 1017773811 737309437 1713665358
-1712314739 1251885549 -352038681 -488164448 -560782292
1768990964 1267033334 -660912020 -127192489 1545155944
-1155341054 267983897 1579789388 47439892 -1811183724
1179653379 -146316041 201032076 -1166344919 1675974386
547867792 -1833700684 -1893117309 1082088880 1322742209
471291366 397816205 -673106868 1239776690 -815536155
-1301950478 760016482 -997266031 1721778622 -1090372514
-668847 1223181261 1019016803 131110292 1553514972
-861826581 -983031296 -1262301408 385457843 351719234
-16772640 2145337738 -573063627 1391983973 1080523086
305290853 1980087592 1859492712 1082820994 -1531494155
305026386 1442825269 -400977866 -1374012291 791341248
-1628917012 -1086264549 -1283283312 1285187566 1502281127
805227572 441248304 -400503647 1768372599 -1026888897
-1985088448 -2003704254 933399639 683533840 -1893694846
1872103477 2052272308 -2018975892 90618512 -1589378409
777071015 1889891312 128373193 1789595438 -1022508912
1057882636 991116403 1218183508 1011928205 858580290
-1480245947 -1051571580 -1046338930 -1264524707 -1843143738
1459550298 -1516938119 259267050 275069070 -1024678391
-269821299 -269103565 310218756 1579157348 -1185790261
2100380200 307886100 -1800238053 185207886 1831458568
322434426 570253101 559060417 1339726694 -1525049123
-1465073192 -1466931056 -294186954 -1308090543 417136386
-1236921887 -296041190 842132605 -1151707880 1079149095
1348225348 486259442 -1835566555 -1196333507 -903231610
195358747 512999461 2048185094 -944245850 -589119584
-418994761 1097103583 -1066139448 -141187241 4680531
-901586381 -263842861 1009849818 -550627372 -1237969411
329610978 1154181914 629354602 741338321 384965673
-446061065 -762573515 925412189 1867191594 694462772
-1525763870 -546166191 -1358645034 -1467461664 1859851361
-50813689 -1689467804 -1570070375 511994101 1882890752
-811088950 166125500 -1394683243 1389464867 1335770160
355164829 1261221593 1480532661 -2086233609 1496690028
-1909342214 -2139268113 1026438285 -141669550 -280179358
-1018336222 271677072 -1827902375 -1924888676 -2035711241
455546781 -356255504 1359477994 -340989843 -1349749214
-2107579432 -2126120356 -1391907011 -536086521 1802898003
-952860618 2095095431 -1272085283 -43667634 228604280
-419696212 1457269142 -910052496 -384263097 2065277443
-2132479012 712585374 -235198143 -1972076237 41156370
390003526 1513782390 -1273268497 1464996353 584480578
788929661 1493380222 -1038963324 542111349 -907490117
692000490 1361630581 169016741 -1352684829 -1929950120
-338375636 1903710130 -156942883 2126483216 385883036
-902652395 -926978445 -248244191 -1982286993 802651591
-1646624186 -1393898102 190017309 -686720371 -981704566
-2071591632 -1826863091 -1288020553 -856505405 1624803118
-1762002010 156786911 -261843730 -1028630967 148005003
-633018354 -1256081108 1612931123 1679529216 -220905678
94863470 -1547684793 1843941713 1267326257 1663086616
-1986445219 1173712831 1217157296 110647138 -1692187606
1452508372 704558210 -1380808043 806647313 406913202
-2094741768 -1663340813 133853909 661489584 1498270720
1994367100 1144513549 1089927323 697133848 -207057185
273190216 1737042842 -1759738461 -1356865323 -722296
-1115961965 762085983 -1919183619 -1512652606 1650123982
1440957328 -1407498841 -1390401218 2088506452 -1265357663
2005714220 -2012108787 -1931750794 -1053309100 -1865043308
-18955738 -504271290 780879068 -816640848 -1586959723
726655843 2083732853 -276526768 802040149 -1169981396
-449101623 422314087 -865136793 -1389447428 -1168913561
1813494056 2118039045 1879674505 774056469 -1461389774
352187472 89162665 461381005 -1977965811 -1942254236
2031596007 -178921744 -1317114007 -838101186 1662457381
932358229 406970895 -338660579 1930994161 -888739267
-1682989179 796651020 836993298 -508164166 -1982528321
1725815262 66297437 1524363718 1115561202 1046303570
677379985 1614236279 -297343713 -1026835625 188376288
-1830625600
