10403 336 1995406819 1683380496 -1645414322
1633786877 -247876086 -304858991 1267645111 905720527
-2137354468 -2040315621 -988887878 1579437564 1578882421
-1009469482 2021151596 -1193841630 -611293376 902267467
-1516376843 492525719 1969972757 804590869 197424116
1615403555 -1301769959 -700815328 -473103396 2130742227
-427624246 -222303363 -1102479452 1317707863 89010638
-440099266 1893811353 204832462 438623309 -522976526
1787001181 -100162406 1540667927 -675409628 -1873423663
-2142669872 7134940 1197303149 -881631833 188551706
-1828372167 937297123 -1108804395 2001638453 -1762975835
-1522576946 -1752355257 -388462929 1409461261 -234056937
358294929 -1385272593 -1189749085 157243918 -977856452
1850138789 -994295042 1988866041 -1504455323 103964313
1331322315 369980626 606198909 -1500974265 827052463
-1303388660 -778177158 -499970121 -1349037421 268030628
-1429025435 -2143150589 428904117 -1128021878 1496027811
1667764787 637250057 -1921419604 -716043133 -1044572253
-1611730078 -1405930959 1769226078 -1185096503 -235906297
-997733074 1952659066 -2127317947 -2080713698 1847022043
225642748 -1832589757 895782924 952637118 1038589298
1243617278 -1017512421 -859178831 830596946 1253546134
417254661 1221789560 -1880948536 1512547819 -456741466
1370395633 -307953672 -1787844443 1656882418 -904931252
-1175145180 -392045205 1730830615 -1070387874 1250199367
-1951171060 1557975650 1435560462 -653066960 978349408
-977869351 -1871135488 1699232941 -1502286480 340958870
-1725366398 476683780 -1847908547 -562762708 -1810377413
64490264 -757116260 2144578110 -1848412931 580338144
-166995857 -35029265 912937296 894418123 1742008274
318345146 1620334291 -182759141 1555783527 1414947507
892608809 1808194285 -258876147 -264176678 -1825906102
505838246 -1980632439 189882480 -1609740592 -137117686
1841232930 -1508341546 -820057824 648006087 -72940691
1874903078 1018413881 -2029477769 -789411134 1795123405
945734058 47164405 1136602619 798593972 958586690
-93408447 1177344619 1052620752 -634308349 -2146493008
1869025725 -2125925779 -2075489174 -765831289 496421138
-1138376801 909511901 24918139 -1779099768 1010991634
-1378331074 -908230558 -1135339369 -2063835217 -195199674
1777131141 -1038156893 1421108751 770810733 -1609563010
-1646971208 -907207522 1539772073 -578548822 1009231446
590992616 952142720 1201699489 -568348901 1077225726
544141254 -395062581 -1086825375 1770207893 1803708400
1655244923 -82862399 -1145694284 -251347968 491016359
-1689434791 431777827 -434307768 -1863915816 1539615407
738847242 1392490885 -695330137 -1841189378 407875968
-1651362856 1989587947 -1196246832 -15317249 -1156507918
-383434087 -1393306958 -1112843788 -731016775 658121195
1238731592 -1489101852 -1549135882 87985125 1027582064
656143641 1557478967 -1734119346 1802514395 124432593
18791049 338719705 1094519573 1022892261 -1831150227
1991618303 366128760 1416980605 296913550 -108033458
17962044 -1338924825 -793532262 -765045255 -1997771572
821869378 -1268966193 2055241199 205397319 -1632950107
86626275 2050301831 -157142453 -54879551 -1841189146
1948088921 1873887123 -1494919027 610781724 1906084704
1488541797 226983760 -872782581 -2027296488 -1393862994
1240866093 302427561 -846156723 -1586741677 643055765
2047519888 1223212069 -986271245 -378890381 -529052734
-1291102153 -1730632481 1599258173 -1057857482 -818658468
-1904743 1519066784 473432960 2130119216 720230753
-1587770443 -1281507069 746312480 1583677726 915163346
1957324050 -1602649124 1369206343 468159238 200032869
-1900924219 532869478 1249133634 2042906213 1246263508
-527254996 -983149721 1457381802 -191391283 2136628324
1066041852 1682145755 1400909086 -1532757516 -790719588
2047812625 -1486477689 1930513361 -863532591 1121699622
-1894776971 -227463886 -176168734 2103004987 29539307
-1984499326 -1191816132 1443733506 -916271500 84158815
1159331103 1853365956 1174257110 1274783881 143205396
-1727312184 -375259069 -1632394426 533254399 1436746248
-2035126144 -1727394249 124002334 1388871164 1914125856
1890636115 -259743610 135356648 -732325184 -1393327012
991650549 33932670 1475903384 -333700360 -1400864344
916613485 749444177 781288250 340801600 945261830
-2109807962 -224532518 -505433875 -2047141508 -997667409
-1122519585 -1110906078 832877654 1149722412 1411511106
-904344341 -429389299 -1825208065 -892876529 -162641985
-2012229357 -2101832999 545761856 124463658 -1416606264
1787464100 -668229432 -1473573712 1996982475 92027591
-1443171723 -168505283 315049714 -324434660 1257349990
-2067181246 1880093251 417349025 -1916510434 2101069141
-23239823 1630182052 -2057096439 -2048011021 1431740078
-723503628 1702318505 1441015688 1461249163 147170492
1012750743 -978282138 -1554865037 -1385705417 -795514959
1505867178 1074165601 -1409517717 -1726810185 -399038577
-1851613912 -1051943474 743581102 -2094559002 863396494
-1784308766 -891399045 1276385721 1632857533 361232239
1488918095 -261066782 -418309024 -2119315798 806395132
1597395210 1041920154 156261785 1016940843 2102834926
-1856033270 -1780558699 -552289785 -1236358007 -204033402
608705484 1192458900 1748458471 1470156736 1393732303
431798554 792268061 926922016 150843427 1707133120
417469514 204774296 64689428 11243211 1200889668
-1306329356 755427300 461659437 -145135883 -1989877824
2115614408 119229542 -1906518596 -1961531562 -1685641375
2120257784 -536865914 -799293763 -1068654873 1139525945
824901885 1561228522 337091166 -1222027758 -142510126
1442473944 988175439 -1838218912 746199220 1472208711
461154488 963706484 -1383361258 -309395138 144198176
-1212765210 -976026578 60715232 -1421374501 -1935022874
-1324748755 1578217859 973505536 -623333566 -1956609891
1257603564 -273020975 -2064491362 999786281 -1417585968
-1346657588 547121216 1083101245 -2074841963 -797986679
-1813921960 30495938 391040624 -477773049 -1443659751
-1595501674 -1536271548 -656345645 -658269776 -421808746
-1542272291 541180336 -2003044595 1243538598 -89985147
1175471000 1703586925 -817480721 181927212 713888578
788486819 -1196891052 52190172 -725077917 381971124
-1992399178 -1879565412 1630889529 267807115 -1255620254
2093063416 959639017 -2090203084 -1809544862 487315200
2096605338 -68905280 66008764 -165155938 -2096840534
1544378879 2122557513 -816881526 692484041 -2098806367
2050284229 -1913894109 821839823 -1942051050 2097818772
-1144540770 -194812600 350986662 1509805993 1504057561
663281041 420590131 1668781029 374683199 -1588968003
-1079405202 1692548980 -1604276954 139163341 -436165389
710460831 -1667225982 -2134868821 1656809314 1074169830
-1277900310 1988259749 -1711062670 -1998728699 1918315512
329225442 1700746860 235781787 -352501154 -1745987299
-487214892 -69834529 -724318935 904733698 -2137081690
1927467320 -1041527637 1452259742 1445304426 2116269282
1419394775 -578642155 666181625 -1408157773 750937331
949820858 850406938 711938295 -410750618 -119931620
-1525406716
