10403 36 988235038 1242241300 1123032722
-1941345024 1720908082 2093600924 768649165 -242289817
-1474957804 334638754 88684288 -1806169344 1146456741
1794625055 -19447256 826226833 -2040799280 188422667
-79750159 -1550697180 1213356955 2090383449 -1730423119
-170379067 687639956 -1673161941 -1538043620 -1437688301
1935113322 -534131533 -547584166 -981239981 -1965566991
-2049756170 1781639879 1790190481 1078529499 -1365186164
-2068836928 -1881953427 -244068227 1339025974 -46494045
835973724 580951728 2059323787 -1376444938 -236283998
-673770542 1238504228 456489570 -85152968 1933233305
791583866 2017611377 632141800 1213330464 -878927666
-2070916392 -111959644 1776586637 -1085069290 -92800090
1999490600 -846839844 689813457 18440783 -1721075150
-469933365 1432590899 1178885674 1732962546 -1205918793
1294044047 313696421 378964033 1683823075 1151291119
1608839308 70035198 673332517 1240515044 1146374033
-1063779863 1303837651 -2046705167 1002268372 -1405152940
44210664 2091237871 -2089556514 -430973401 -202529402
-2107188952 -349037104 1960000305 741515235 1159105596
-1831296081 -1374675314 -596834183 1714524101 -1303920602
-809347139 -1285934506 -2111811677 1669429994 763424161
1322595353 -1545783590 1770258265 1584940808 1958084338
-2090301995 631735580 -480704028 442577126 -770694231
467574593 -1075591088 1215015049 -728480174 -821488833
630519831 -1904605854 -1905419029 -1184464752 1653766266
915563211 32856801 -2106561975 -397009794 -126978966
2028738314 255566626 165301396 1687921471 305003934
855611330 -1570420934 -461909358 469876223 662044111
1538995342 1377602849 1127776708 -601581861 -293074709
-1006662375 -779756231 2024191573 -1043866746 472179213
-520221204 -503335618 2045778974 -482587877 -52144752
-159795205 -951065783 -1432806603 -912022515 1832880933
997890786 -1835820707 -1821277362 674587417 194396290
-463343231 1598589931 -95051510 558436140 -24803370
-1965608166 403652359 -1970406077 -1002021647 397213050
-1364043815 248278870 -2127903984 -632053791 -1244967978
-1359868729 -1969136380 -373250458 985973453 487335448
-122374817 -1935299732 -156143541 -537738508 1189996525
2104318383 -655697599 1124624547 -738651344 575458144
2131208287 223213156 -1121466442 -1082696942 642396449
1720414524 1684478543 1409891175 -112336390 368950342
557188812 -1210297835 -880531752 1210615552 -1994386243
-1161209806 -256065808 -1665291730 1727650270 1940418177
57786370 629795943 -1892286172 -1070187763 165092524
316579291 21126608 -2110645181 1190989636 372765833
-1076573799 -1617145759 491371981 -1955674772 304263420
-1315832453 809600509 1456346888 1210655598 2145485541
-1490457443 -523376339 -651634897 -1562913394 178431112
-1547998478 1096988919 954679407 -1418471590 -582118026
276840155 1063735150 -1742604688 1314017304 -1333356152
1990839801 -117002327 -546869151 -1961654847 -1766767257
764186412 277106409 430319765 -1960046933 187594971
1822707081 1299766261 1421204209 701457096 34099221
-822527773 79315371 -911745987 -247193504 -1677753799
1289592856 550491950 -844970685 2002046022 -420309925
581819548 864064992 -1837441075 -1432710359 -1222074738
-549418698 -1274907149 1091520173 -303341715 -458395477
1696552397 1465189493 -760508953 -848309984 1783332978
-1089071000 561521695 433358900 1437601293 -366835587
-34008839 -141995051 1510788026 -612988593 413340841
223066276 636984059 -1660245878 -1558780423 1874474290
-262231643 -1243454416 -1804358618 64577154 -1900994055
-1583747199 219136245 637313594 575511741 1871194619
1357882178 -1763437592 651983766 -1261207359 -757831992
1342072889 -1001762144 -668475137 2105548593 -1823431188
-51644784 203646544 1846259059 -1196154882 -1794926864
1304204884 1964084738 958962420 1217493428 1431762007
-827304190 716562953 1307684809 1926535370 87293824
1751460751 1183233044 -1799144454 -29974061 -167786032
-125558262 -333729082 1882481987 -160796893 -1617748721
2143639217 469579342 1201772760 1961744085 -801130606
-41156252 1495995027 916160319 -147422408 1238201211
1751417200 -1908002202 1761470830 -194976844 -1261487332
-2086388934 1159912078 -1091073998 -2012527197 27461247
-1271011576 -1141120503 476591204 412771332 596628744
2124469424 -1952066799 -1907691712 904922521 1590322442
-486832133 42044652 -1989085900 -1995318531 921139343
1434211347 1734277457 -798356296 1684485924 1162975871
1958509194 -815085321 1709553931 540609787 -1852836765
-1508491365 -1749045573 -1699050481 -758249846 -362808113
2017024610 -783363283 -1121311167 1636818247 1385349489
-1467930863 53147155 -112501730 -880567310 1322344424
-881980219 386841481 -1373598252 -421457511 143340282
-708824720 -1432696716 -976102211 -1592341786 -47109207
-1503700898 -1085544828 -961906516 1921279793 1846344173
-724550715 -2087602194 -295992404 -1262687850 2111963959
-1072827267 1268715496 -1373885064 -1399186042 -1772085099
1166511740 1135088728 -314845450 -548381503 754653808
1349163410 -960023211 -1364099886 -298493912 1361344581
1985211627 -1507607128 1133158399 521991404 360763891
-1163809773 -771176020 685904785 396007966 1343002196
-1884085125 -189776976 -433467664 -1937448863 -863089468
477126640 43575589 1553166549 -590687439 -844441147
916835591 1199514673 1650726048 -452108377 -172486596
2030869975 -778167622 -2032596036 -1090481859 461530937
-48361432 -276952570 1678109854 -1953786945 -2020947856
918428632 -844134946 817214823 -1372465464 -1940292034
1834002363 -801472707 1708209581 -2055790329 -1087674697
1495611331 -1365539148 -135271165 1351513446 -70378004
1548787540 1031323935 1409555882 938203800 69394155
2003877053 334143873 -1979469223 548724238 -1330407728
-1422284713 1749150025 1102582331 1002044300 1318295190
2048467615 -2062878796 -121855295 -835582572 1187211464
525540172 -1712769089 -507252576 2101248852 1138459473
1761882244 -33789165 1827033749 -1180236678 815390867
2140748334 850177720 512976842 874993238 1456832609
-2127092572 614763784 -1319834570 415942865 -793249892
372119981 -1048178671 895623526 -2144214723 821917894
-725572309 -883941885 306132738 908838511 -153131115
-2028987331 658488561 1992825292 -19177502 1741843369
-372624535 -114200584 -1351723161 103760810 274687629
-487907028 1756859011 1511868957 -1260614158 746807489
1719171485 -232211433 471983133 -1794243990 885365008
472855546 -1152384066 729888450 -815422820 -805703328
23846274 896575286 1994708839 -1067241507 404645893
-151623774 -1133394523 -709745525 -323654874 -722430082
-1403574820 1913143928 -346950664 992246201 -1719570837
293739609 584246893 -1757943212 685401620 1964713426
489942971 -149839706 1866594055 -2106850269 -411811533
-342542812 627432760 -1620666436 801184879 1140678559
-377849995 -1325666206 -1711948007 1096149519 435667549
1748811408 -1553306173 -580519989 47986979 -601404600
-1160824154 1865433080 -461486151 1024300123 -1147447823
1207974641 -1582730701 1418383129 507492096 613993071
2102046324
