10403 468 1183870128 1733426017 -616602456
1287470771 2062525960 939163922 -1232160692 -632198569
551672168 -1598332295 1239863669 94887414 -1579958831
-2098989558 -263425391 1175881812 -1708927902 -335682425
751880340 1388130320 -1352501880 1937134764 -425792029
-769922547 -1817661222 -625730989 435019548 -176922710
-1737673465 -1805009185 1118283063 -1948622898 -1280942098
-21564985 909273132 -242646528 -621535793 1336986719
57902443 -468711054 -1532673037 2102852037 1714726483
731469134 -1098500674 1218264642 -1016428710 -1269643472
1660646290 -1597359388 -2035826331 1086639374 -188686903
1302093166 -40730589 -1621883140 300364049 -689619127
1529573960 1811836776 -362225063 -51237319 39751255
752020851 -206184605 -1532801843 -2128941052 -744778905
1680768049 650447188 1662884673 233298225 1250203728
705920301 -1388860911 581569134 -470276601 -654068657
1896908405 -1262209219 -873776212 -358897797 -650948047
666430513 -465535680 -991942122 286351710 2012526865
-1523169345 1780827918 704172054 -268634324 -1893951678
815287472 -1665984601 94855136 -1608335732 -1317059067
2122706138 -582966033 45699464 -1291488422 -1153140195
100295775 2100961998 966565486 2146102636 -1972626572
-700037038 -881730539 1315998810 675895561 -547595358
851157375 -1684085739 -1688163229 2142524388 110720767
180485231 1739498890 -1016783346 2017733339 -1150487100
-1151157307 -1053851340 420420510 1573711998 2075682228
1999123958 -1232415842 429842586 636591031 -256757167
-1796539454 527266791 1252231377 473228474 -145713248
-1261165795 560737176 436604555 1527274699 -1703481599
-1134632285 -50978494 1851706005 605495488 -1714014854
-1992754515 -863515270 -1470005315 -283693568 -708085888
1909563817 279642187 -773066935 -423264509 -1785502504
176677814 -639964491 1688298658 678145684 -1762631664
-895612252 -855955257 -2008688389 -2022165700 -1778511241
498180276 91464162 1018502607 826781746 -1530659177
301084485 87516087 -152753625 1295549320 1549099158
-141485502 1047685273 -792619974 -584796431 -1655631844
-2097327804 -1910106108 -1754774049 1525237960 1562378870
-1121645589 -1390562832 411492638 -1611773310 -1698883505
1855122310 -184052426 -912722937 132426969 -347405965
-1603863073 1296184541 -358065815 77818710 576557484
-476684146 665668214 -1858989307 -1542206086 -1780587954
-1932514650 -1764786242 1678219678 63362186 894837489
667398287 -1034526063 242870573 -349594433 -1626531715
-1294783689 -1094354047 1979681157 -291840393 -1944544033
-1429296194 955785566 1816335613 -1543083683 -169216436
2121893356 1572664402 -193631057 -1891179498 -91920978
2067344492 592088597 -99475677 560891063 1925374056
-1400498943 112742241 -1035866707 -1740832817 -2017607394
-212677270 167921302 42662484 1090852323 1063071833
-1536194450 -1559970593 -300277658 247019450 235667147
1189365161 -797281396 -553507706 -2115044545 -151130133
-1757638928 1407774946 -1386431914 887533177 1294466253
2142140946 1766231823 1648145677 93731696 1560813927
783381231 -1009908065 1400756268 564988533 -1970818584
-1782852308 -1817299144 806361556 1505304207 -823971067
-2068898957 -687242627 1334951814 -861934750 -1786189458
-709538051 1906108885 1825524926 1071017873 748091836
1988397776 1142712169 1259610800 1483865895 202127264
-1205714298 -832868295 -1141391315 -967882644 -547933347
-1431820264 -1523893759 207708715 -1698743015 -1199181387
-1877113259 688765876 917196632 1136893373 -1779714608
2119099481 1974417969 47923125 -1709677175 2142696465
1429886243 -1906019471 -1445112985 168287001 -207854063
-457728583 1257102913 -53021752 1978829476 -1609443991
1942435913 2018455068 619759809 -906165150 596099735
-822012600 222158387 -502888422 -1078063322 1826401971
-1148498868 -434017897 -2051463535 -502328925 392372913
1660254639 1452773989 563350165 1805127247 -272061128
-1151629998 -1658729337 -589458099 1781402695 -2072493135
2064369966 -1215436653 1857004856 -992789116 1166291344
-1686633643 -1956094038 845797852 -980656237 1243415024
-1017361270 -1533808434 -401932175 -254748145 -1978419999
37286826 1965273499 -1972238091 -748279585 -1194515980
-1197265017 -1969965294 -1122016056 -333151922 -692101049
-902955455 -1669582410 1247585363 911100621 -1457892628
1002552087 -1580422401 99211164 1967303196 -880283401
589686510 -2054467160 -341843825 -145903060 -477614194
-858803693 1933502768 -679158686 -940217592 -1375610943
517499646 -1930027022 252064210 1315503975 248003366
-908739551 685280516 111377073 -2060082851 -2118853708
-1549534748 -1191946403 1918178586 -104373753 -933037179
-869377384 -43067012 -95494778 1710244186 -1801547984
-645243908 1641369848 1309125659 1421770370 -1777615882
-1397270371 -1909478793 -1910034712 -1304339087 -1695466300
-1927407977 883470143 -543854924 1356122110 -2118343292
1109795140 350829753 -399926737 2031939965 -679108095
-1078028299 671402225 -1102836514 -1579057281 -1910557286
-980587949 1283366369 -1559055999 1276548618 617924793
844763303 -1831391484 -225986722 87022623 2034083243
1329473685 789317368 7897688 -125011336 699369800
-1545941523 -747921105 2099358257 -1449544297 -974925895
794365879 -914029968 961630907 -1592082446 556790044
1521170713 -1974893196 775214161 -888537249 -934746982
-2084805592 1999020464 809780648 227878414 -1924916834
261951530 251431781 -512800833 -569602430 -913389423
-690809262 2058419357 2143568052 718908262 1216976654
-1786470407 -1936154481 681000949 2041291183 -927306760
-18996216 2133300820 -372917018 1792231298 -143422451
621478113 513634255 -1676405293 1964252112 -303640289
1728217003 1901181731 -766439811 -1387167406 -1178731319
1760933261 1339865018 -60599021 1434402591 -1195499678
-2001222319 2027363032 2066449167 -307638541 890719145
-54975496 -1440716964 -951631485 1760048944 186407904
1243848256 654113189 117144642 -637007043 1173679094
738676256 1099357782 -820666602 1335172557 -154526658
938839812 1592452406 -1876730147 -1490843006 -286985613
1336824594 -2003005517 -695342495 1555136119 1030462859
-313636636 -294129944 1003060739 1529858931 1369213077
2003349058 -1117849084 748865625 -1640844236 83965888
-31496638 1367061236 -1513574667 1652956711 1378468572
1541930743 -845030869 939305347 1897344231 2077915757
1032255278 1516213987 1596538753 -1876045558 1244611988
-1602204347 -1277012801 1715517063 712718235 -1825465860
-110173893 312227698 367026700 2138716156 -405621059
607336359 431066352 -679273517 -43897205 -1631320681
1222927175 1585258302 -1353087120 -974727290 -1205523469
-799077438 1042112910 -194452129 -971473411 416921789
-1810897779 1198875230 -2081381496 -249419042 210932093
1286513257 1700825976 403028836 1748844867 1357497949
1231011769 -2138772974 -411179278 1400480638 -1916191861
2133948757 270078983 776903421 2002540900 -467686260
1392376596 -1671679825 -5135234 759118307 -299139638
1712705718 -1704727737 -742173719 -1912880150 -1388354272
762735305 2039608554 -1539541384 -1539962355 2099647089
1830865215
