10403 360 944125846 45965194 -87096100
67788741 -307047280 1200003842 -1937179174 202451358
608583771 -699408198 2018702907 1143617494 -546723681
1976003153 596120350 787224232 1134325128 -2066331459
-360532239 -1948518771 1605141366 1938427475 1028772033
-1580396633 -1772872939 -770488789 22208805 1139758549
2024262712 -1968021228 -1415250340 -211341145 -610081641
1749899583 501437121 192344001 -610971336 -1380270397
1899126764 -997662812 2075258259 235322231 2082751220
1012013049 -820128054 -1322097596 1310389372 -366234185
1384814428 535888123 -1351615637 -1555441223 -1541028300
-1020384861 1964458711 828218703 -148576063 -1592871428
1660814694 -991162101 -225749356 -1227076681 131863704
-1217778738 334466213 165578689 -606089503 -2046484024
-219315752 405239531 -1336675266 239702143 1218273568
-1265928212 -928688684 957411899 -1106081620 -1713027793
664842866 -1487813339 -1058275991 2033368348 -1937219949
-403619574 1192744634 316419000 -2109440998 -1536267352
-1994911950 -962085673 -1476598252 1622572990 517102909
1402470013 -851721715 1020286332 -1407855903 -1456491357
-1501779892 -1226043254 2046068431 -294129014 1150396380
650505496 1863169990 -234277597 -1554429704 -841380407
189699087 1575374997 2109425067 1513058929 -1652704646
1241911625 796437969 1370918500 -1820142980 -167838205
1196216374 -22270028 862002907 1510017425 -1439637129
777485554 1045905139 -507955249 -34581086 -415105144
748493779 -607775373 1439031394 -1779136635 -229646066
-1696099821 -1389822245 618353952 1320587588 860210046
361433859 755004788 44259288 1335386153 787593647
-1762989977 303907741 -1034935061 -1872823391 114986370
-1681221328 -1933359922 -1583174909 -1572903588 2041013417
1031267563 -1735717876 -2027854001 792826580 963040853
1664029502 -1511115912 -2075983540 17645765 -97159720
1489332077 -981169013 -1414440168 -616896988 -380928740
1666639011 485579855 1249155121 116320380 -846139081
1212712546 -1541111030 77024672 -732063906 -1053002609
180428947 -714959456 -879704526 -1553192428 -989010374
-2084401473 -1430447527 -1891609840 561669093 -381528739
-561363170 -1889604751 1999073058 -1848757793 -900005926
-1462336489 89001354 71964133 1436282304 698819430
-158353884 1581044112 -697377893 -433433972 -11569435
1510740970 1256624289 -245012764 1257743888 -1160397642
1961544765 508009589 -1742411645 1152407779 960200474
942650258 1732360739 -1700440084 -1243105636 -317032454
-1754183668 904659819 613069492 1822013487 -101446834
634409307 -212824345 1825142039 1489663084 377958913
-631787880 -1866504652 741859881 -573676789 -957335576
-651791459 -1641516191 114623048 -263164008 -219541560
2084545680 -602701963 -675189199 2097142852 1782244373
231471661 379238831 400708321 208651782 -1328830748
279551178 -1847738344 -1373463674 -1010453147 -2145379269
-1867460515 -139062507 1449259028 -43088383 782141071
1495745938 1887313232 557399916 -781021895 -1029202898
1499760831 -1234333470 566969386 1181794865 -792468794
-1805595639 2090087795 -938369988 1199799745 -1733982410
-2114061777 -1364966089 -502260934 -884021532 618159611
1599251558 -2035819304 1084563923 129241734 1438951689
10058273 -1720194864 -855197391 257155211 1418659822
-1409478630 -2125296058 494013077 -172099473 -878642854
-1581261096 -1968991659 498451832 -1496794673 -857823491
985419457 721901280 -516453537 1747689949 585050776
-636577322 -1595180524 719689736 -540738443 1333479897
1727705000 -1153526146 -411187457 -1641577946 2000508462
1174084931 -236866915 -1014421250 787766261 -575138863
1160837750 -270672872 1853109629 804680551 -1689329602
-1528366947 1188093028 -453811001 -1218587988 -861470948
343775440 -1903874428 860371282 -1287621184 1341394910
-1204890022 -1759672698 -374202979 1470041512 -1162314515
-1470042525 406967427 762249512 2075363225 334102585
-1689565405 -453473441 -437053216 1843612659 -1014618562
1146917008 944030013 -906415354 780985867 -1370556970
-1171022796 -2144114704 -1779057671 906661182 762427969
1641446730 1099774944 681591037 -1903632761 -1656502288
1971934085 -275178687 1227287418 395499488 -1928490824
340868475 1736527279 1092946236 1911959121 602585134
130334799 -2015646900 385804038 -120579840 -376906458
-1467426427 253368893 -7967891 -1681505737 1852499613
-399367868 447650826 1573130960 -553280032 -1459864843
-1092540828 1412105334 -1552444402 -821590011 1505657778
1923177790 -281980905 -230743192 512677068 2008142374
1496439678 1189177203 1471738293 -1829045365 -342866308
226897528 -1093164483 -1413644479 1665305305 -417603759
-392681108 -1108291454 -770654631 1863211064 -1726391578
1089729473 -644978196 2037950316 1921849644 -710487581
-1470804566 -2111159048 -1301567626 1114211027 261859437
1530010089 1129541071 -472135616 -1485990829 1592940328
-1168940349 -396350066 1916635009 -330136666 570414674
-705612813 -1739772668 1221006991 517464716 -975218829
-374591394 393505266 -1480091467 1492511998 542121811
1735276451 1652054452 99971483 -1184806519 1967431894
626816815 1853143979 1186742394 371937343 1245856272
75888371 -2089578076 -1373266485 -735329883 2071153575
1253134402 -570290725 -1095133656 1499181505 -1033045930
-447658623 2135203445 -1706994079 237276877 -99769187
-2100935721 722365017 -702712602 337460408 -46511135
2053980379 1546226589 544382760 2034192488 1695141947
596598556 718484006 14940526 748011477 -1940174687
-2023409321 -2060382150 1706401238 -3325637 422510721
792543880 1093866726 2064817399 705371332 238153194
1315290768 1026098685 1443168441 2000033275 39807305
1518388560 780495870 2108083229 1666569301 -1654301491
-832204439 -1776786866 -1356507760 -284813966 1006373167
1419344086 416093661 -551914042 -981485366 -1666268773
-2127181012 -1448497065 -2036161794 672785113 -752724736
1277422906 498022718 227561898 -183961254 728285407
-1431174412 -183087018 1901944767 -90550991 -155529296
-548200969 -1070995648 1454649392 1308898452 -1233096801
-942273133 131784805 358101410 -745604752 -1055446283
530782453 -1326807796 638437758 1170857029 -414344097
1982003722 1781637962 1419259357 -1454525555 -1543183435
-1184866836 -739958759 963749679 -1319183979 -1489955737
1979392047 -1564644395 215048986 -875531729 -757108531
-1659374532 45728611 -697038152 -205511334 -1568433614
1379563337 319078883 -122626338 -2139013122 -2071997367
1865564806 249244668 709656623 1082395941 1771169364
-703653588 -448069676 -790627951 602192242 1863033562
-1195947490 1491528240 -1557058482 -957817883 1308560711
2146684406 1926490781 1652718328 1302707020 -1869377461
-254252955 -249466682 -276868869 1391475279 -1768296841
-1875915236 -820337068 116569677 1881220785 664883017
-882988864 -854192757 565104183 -245387284 1052564897
-1058089487 -547721065 -1257068019 -1378201826 -1125063153
-1031663466 1545793847 -1966702072 -450791107 -439646417
521011560 540722166 -1588086511 -380975205 351435644
-838944345 -693843755 1005433589 -154115465 -897988738
44945159
