10403 396 -1435022953 1149034301 488314885
1609317657 -2021618645 423594762 -1110560015 -777718252
-1815642011 169907788 -103135693 665204703 -1651415583
-287429689 952335401 1966679166 1892409990 -31962419
1613296228 1247409548 1263837025 -1582847051 1487604775
636768691 -1755584690 339163673 -1821639090 961091611
-561967057 -444142389 -233496577 1072887256 -359640601
2030890987 -1455952373 874030552 -1842580925 -436498046
-336197476 -1510132203 1502189059 -1126596676 173675716
-1532947343 619958408 -963225924 1779151192 -999759518
-2117776988 -1041424634 -1831861347 -1605230371 1158217571
-922638593 -1688967535 -1534850332 1919433370 -109117448
-1503739480 -1296666067 1526295319 821567284 1003876995
1544278434 -1600451917 -1673987067 -179861462 -1551312740
1032262315 1091581123 -921671671 -608661029 -526359699
1591968351 -1664843510 1765652576 -255571539 -221859104
1497249732 282400397 -1555271968 -1227712449 -631777390
1478225385 2075867270 -205798093 1863941013 -989061670
-544509086 524163049 -30248920 812434562 -1664460932
546026907 1897499944 375925955 51604995 257373746
-559450012 -1305242044 1159058573 -1086526597 1603415329
-119404720 1314896898 1304008924 2131310944 -935659283
-1745870779 -282865602 1447841729 1574629294 753610843
2070229336 -16062406 31959626 382231987 143322034
1460196828 -1799690633 -1808720654 -1299582111 -1135366157
1816157205 654690348 172396876 -903755459 1404572781
-680747693 571103045 -457604181 100299070 537706488
-1757259046 1968013223 1878122833 -889885193 -998040954
511798925 -229725368 -1278723195 2080226039 79917165
1445404723 -1478145768 -754351443 2119227445 1767735939
-2109234900 -1987552683 612770982 852377429 1338456224
1624854578 -1823051593 -878242325 1975102860 1226074400
1515003246 -1647549341 -621340779 -317855248 -66511155
695023675 -1737527933 -671366774 -2040916101 -1690123394
-1425534463 -1988349986 1477928487 -1621614058 -319970132
295363481 -135100535 1905012776 -985260550 -2071091704
-1479594924 -68875393 -1763304332 -686304025 259970394
-2136635001 -759888161 -1891127629 -1298606889 1003026113
1018861172 -1870322105 -746026346 -1592977196 1455818656
2009659675 2104705627 1927853209 561452046 1710371372
1268840158 -807327991 -47762956 1686794516 940799061
64340376 -1221664162 367902370 -105472715 1917238860
1681180550 -370770863 1201410510 -166591267 2131853617
-593662197 1818479097 106159043 -594041922 -971461440
652835643 -1778641878 -814708453 907475316 -1721344323
-2025481442 -659593427 428110121 -846947972 1753648380
1435112724 -583541316 -1754359874 -513790860 394947223
-502789122 -439327401 1367609991 2006256198 -1490432987
-84322207 900948125 1806834637 -523924097 1920641654
-1536702999 -680977939 -779713635 -313704887 -1405588203
-2023549607 -1165142868 656511598 1621884877 -1946932066
-992152553 -549519333 -1908849148 329427917 -1631814612
-1266075810 946646829 -1151011353 2011049995 787679563
255821423 -26202952 -1454764731 500632497 -304459881
607732321 1002853775 -1977435584 399461260 -1939052436
920532072 1499546518 -1830818813 -1354968007 206870367
-1289685550 -1607063797 1872605603 -792350745 1864737515
1630727052 642555700 908335529 -375751483 -919128445
1825802484 1032183401 -2138435754 -253266437 615793905
292743955 2049379368 -506254231 -1045445734 -511364376
-836038000 2133183818 1040933990 2086880695 34020711
-664376055 -2134515717 910527122 -1739782540 251592007
1871765636 857024268 1641489705 -1426625572 -1977826708
366577073 -1973948891 -906020188 725087638 -1858014042
2058611319 -1630006457 -1875606248 -442643828 -1535109670
1591718908 -762295962 -1195582643 -900396691 596411305
42592542 -423268326 2040640584 -789351922 347682607
-1365330510 1605274675 1036971910 2020412509 947681957
1634083235 -137908831 1158106162 -1831061462 -892485138
1550980746 2126882756 396200137 -791137906 -1694673122
1551642416 231237605 105299815 1054192216 -537593707
258764682 1663773088 87469156 1109464548 822717425
259370315 -1140736825 1067460474 -1170323257 -1957397611
923148915 1366595772 -2130599369 -1204057605 -1999956229
-2008441994 -810035366 1479607448 -973874111 -442555992
-1494185820 -261239513 -1094872195 793406254 820358116
2052384284 413005686 -521350554 -1908701195 -1321526680
-623794158 2000679222 1513602816 -1253865270 -1444086448
-478427854 -454428098 455894124 -1514167096 -1701003579
1798956585 597750165 764436715 1982076305 836292533
1660426816 46120344 -385748900 1525518014 -183431777
1166638763 926826024 -598769 1644147004 1905960870
1780499710 379787466 -1467300790 -1923654953 -1670882856
-1419836945 -1276001963 1972464487 -42230938 1763986766
1954980834 1914639079 611198701 1766565616 170661658
-826337138 -1268911003 817223055 -2135305147 1827023824
2004109658 -1355957665 2137266958 -540584820 -857209914
1860613672 -984303097 452407616 805466159 359886622
1360578761 -964970351 1275386673 1264812732 -19749986
-96167193 -340583065 -1108943578 -166264460 -795078879
-897617984 173324299 -412507122 -1641119342 -1521070323
424935233 1009442277 -1312779060 541947108 -1370009649
-1805100764 -1414013776 1702768805 -4541393 137702863
585461088 1951558412 -239012576 -21458745 -1327553633
91133538 1974201668 915178252 -923816773 2040708014
-1693562749 -278518404 249223833 934843468 1033359770
-647837076 1915204959 -297227528 2082887833 1730844799
1769560486 1527760948 -2060233744 1944898627 1605896276
-279123092 370701361 -479266017 1655376753 574714530
2064601938 1047811779 513020768 -50850992 -675128954
-1070052779 -653565029 -250190333 752397825 -1735708509
-701354642 1808373026 -142912119 -790202396 1003481049
959844960 -87623588 -1216812898 -926846659 -1098903829
-1665832447 -632691225 -1491315478 -78537223 1673024573
-1274106463 2019811093 316142701 2012977501 -1915422046
-588199195 -288440318 1588499311 -509870741 -1098856703
369668392 -1767781107 1719801775 1088195985 1506862224
-735122113 1026530433 1485801104 890177470 -263640619
810257154 880378481 1637342741 1682929846 810577178
766758266 -388864854 -1422348204 -1038002741 -702670034
-2077936888 167944112 -185233305 -1500944065 -622593562
-1520634752 1715548399 1832928099 -257339134 179238750
-727426572 -230806352 -757008195 364372176 1603203550
-1510185266 889067354 343876150 486926613 2080445733
1706312107 991183961 -1691912511 1059541088 1943143503
1091229507 -2064711178 635349863 520323882 373482580
178439703 -2042266971 851772137 1365957485 -2080185217
-667096104 973658679 1220985618 -1129308635 -205477702
302694055 -1797601017 1099576213 -509852221 1646921861
-1241064869 -1897623466 -2123048343 964719302 162435392
-597602799 105206789 902264319 1886990539 2044200337
-1071194255 941246228 1201203864 300062460 -598500385
835037727 719833144 999334577 -1523174765 -1151345977
-1825625954 -1973140399 1996493807 1794139434 -1982233575
1113872019 -1405677409 1107687666 -1617232669 -254071715
-99155579
