10403 288 1961626124 999772211 1418065579
107660414 1250850806 725463442 -412058120 2101347358
113147325 1898579774 1874602346 -1368207773 -910909719
1843802587 1653893594 1889166940 763978346 -2010456530
-1432016222 1334605786 -1374997558 1626315377 1398456683
-1851775342 -1659823359 -1472961931 156400036 845128279
1301730197 1151967655 637302333 -2081554035 -2113833818
-1325473864 -1928091018 2014440619 332027160 767810386
-222104061 -623235644 -2030025744 1927944627 -238564097
2145735119 -823555709 1747807534 -266947119 346911392
1506588611 429224404 -2072635990 527491482 -1887883369
-1995723267 872828017 -525471014 -1591418792 -933210479
-1228229031 2021852729 -923089083 2061478917 1063087823
1617015209 905500210 -629294570 -1930124507 351435232
-130974255 1242980844 -147537904 397000358 -1720254768
450987259 -598190287 -357585383 -1476962057 1035284807
-1786189609 372413629 61260846 -219781937 1012321019
177961017 1991707417 -1197850568 -1663713909 1913308377
-1294318215 1510859549 849702417 1273417315 -1732997591
-1256654500 -1129693142 -697572903 1894746475 1222792770
-1426532114 -108472629 88383272 -970391943 1861786020
1603090114 936058704 1225131403 -590705507 1670228500
1617133859 -588089871 1234470109 1221636959 1617064740
-2025493905 456541499 29113648 197424409 2082901757
-472469005 -537122968 -1108169520 1025763317 1242112685
-222477800 1011598413 -15667337 2000624357 1260335672
-1594537623 -1439719421 -143603512 274863966 1219798592
157399433 -656012478 -732443958 -837693479 169090599
-306264760 1751263679 1111416976 -2014751203 562930850
-99549620 1608931990 -767239726 -1245723756 1287517156
-822580933 1641889770 -1839377843 -748822401 1229463232
-1981122187 -1305893171 478459626 -1209773834 -1013858060
-864924113 1034137776 -1551735069 -655684704 618203572
730955385 -1793626790 1406775040 790849786 2090717655
-1223409643 944089786 1145298493 1200694864 1810233448
1877136581 -1818170961 -631545151 -2120751251 1293151450
727855910 498278274 -233432325 76392263 633191774
-620090669 -850818340 2012433099 561371906 1100064102
1939422568 -1372229272 162010228 -497844047 -2083599567
1824693910 1209940940 1875344557 -864473978 -205192698
1878016059 847990562 -809986821 551016702 -1073213847
825587879 1760907297 376931584 1671994248 -289528213
-952638779 -1097965353 1713819086 -991302924 471038562
-1846384668 -1054888828 1715042245 -273491318 2051451330
-2083555157 1642640241 -950179127 -1596410392 -22573401
2030415479 2098832588 1910429208 1946712980 518637251
-479080226 944666126 1812707888 -1472487298 -703408066
176728266 712959646 795691937 -1944158748 501667925
-1444229942 -1035622173 -1720474218 -510639955 -18458305
806719383 -863882378 -155014355 1729921166 -1657069009
1089138769 -1763291712 -2097399164 1951125434 -858328900
786534799 -1989165993 1015384915 -68919030 -734839846
973975325 2049397798 940681628 -750660670 -243981814
828667873 494333362 -1424272471 1673070277 1037569369
-1665427279 1632999541 -2143697732 1857316474 1958001921
139456035 -319525945 1047813237 21611569 749929981
739181544 1386696957 1687741099 1770252828 -77281631
-1671177676 418841567 -1542055311 1573279453 1522421622
832799349 1052148856 528887186 132351303 -1525326284
16494202 -1523010776 416737439 496430928 -249489559
-1082637354 -54488823 -2072414188 847742734 -421371294
1765961740 -631852435 1542700679 1499689469 638028706
-836015401 1763398287 -1729874734 529455778 -1285589708
1791359921 -497099398 1071021556 -284488483 1027087512
115152461 -1118648466 1776175553 649613456 -1236626790
1534532889 -1052132914 -297113682 -742884168 -1960893202
-1661431813 1833405115 -71072730 769708799 -1675241652
-992940225 -1227138690 109999413 920920570 -1380635599
-1151279126 366609787 1443547586 -44857098 1484299994
669463480 447429658 2141081770 1593497248 -1886125127
-1476996100 -636781383 -1479473196 -579682264 -1365707780
1301461324 265295376 -242663636 804222892 836324763
633736475 -1906043768 -394290266 -859928903 -201446748
-591170051 -1762597015 91294812 -427168992 -1877290844
685506918 -136378656 -104745756 -212658559 1114128595
-420367714 478584257 -1152704926 -929919632 1794926844
-509933120 249136471 -485029480 778370381 693959372
966075745 1156941623 1756667533 1697080273 -720168896
792163655 -1953125844 1381169278 -1624175814 -1701816499
62088775 1497891769 1025353774 2007550643 426301745
628781191 250204992 2018329217 2033307429 -1207344706
-1928826678 1631794107 2056245727 710562193 677291903
-320076410 -2102806720 468716339 -1227004609 -1375722418
-1000483006 -1000360671 238188500 1417206609 -549066011
721698626 -392432591 2080561730 104151473 1515610448
-1516796439 -988092326 714533206 2049476352 -1829332446
1937144787 -1615498367 -775986402 269211919 2019005324
1033458614 -1976696282 -1401901408 2040748298 -933129533
177109390 -1407960657 155709901 1263127836 1250486954
1972467894 -1028105580 1311175039 470104650 1716028587
-49814315 1540415041 -719473422 -1206675287 -1445270709
-1851885689 -1930212962 -563458995 2107109464 397286107
1544026464 2127921762 -13594844 -1574462841 -1728260534
1021700726 1627856141 -150799277 1451535140 1860900669
1650633887 2083839361 2087478715 -2069732973 -2115726501
-589199327 1716617927 45526401 1826401497 158221652
-1635373458 335121279 -1170253620 1304921705 -862034005
-449599816 1500203499 1721244531 1539791913 2125853277
287243326 -321713680 -1222461389 415056548 -251709057
-1639846500 -1407269411 1805534733 -1223104815 1907977810
1552145433 -901374530 -768563367 -2142738298 -240073193
963833324 -2111590605 -447600516 918010668 -234120718
2055728497 1863543253 376449231 -1159907606 950591261
-2135481919 1939066431 809499313 347309692 1212591033
-1336440179 249842051 1835247543 1879709238 1095604286
1338364528 -481171266 -396773872 1749543658 872026666
-421252566 -1667282827 122225997 -2126681280 -40331077
-2120711730 -399913512 2042771358 1305664029 -2039137390
702733709 -634405005 259934596 1966164510 -51348372
2060121578 722680422 777508046 66299739 -1763246149
292286740 -1726864428 -1532163604 2010263932 825789220
-1185786682 -1186656849 -513143879 -389168291 1098126194
389075711 -846770253 1694698600 1477092356 -1437629567
371793164 -162926177 -1645876345 -1956401883 -927326008
2072841383 -608492502 881262140 -337653179 -556898143
1674477534 1040267146 -20543117 -1771569799 -1199737093
-249903100 -1241384297 -1428069574 -1107433540 -1714567500
993999765 1089404363 1164338701 782683976 -683605770
-195933177 904872909 1192812287 -1612079998 1167242769
-1209382596 -175801183 -75719453 -1134366395 -481874985
1356950879 301152666 97041763 872456145 -58086557
-2124077552 1714334610 1249050249 1978706574 -1793801680
1585641589 -1878695889 828640529 -634185938 245236058
-1044242434 -469601440 -1084241165 -201916923 -1103772384
-1828134648 -1825569914 286595005 1440274646 -1854236603
232705973
