10403 132 1403275364 1152552352 -1479902749
-589642182 1649510201 319407506 1281533205 -1513992638
2143507671 -2001170993 -57809091 2096801822 -1167110064
-526654474 -363185931 -648980416 70039683 -2015508940
1296986121 -2104679655 1643721200 1629091014 1121784775
-1812692737 -2075940501 392186585 -1320812582 1696742915
2009627920 -786710471 -447791824 -377245795 -883438032
1442176502 801123215 930632429 1031945974 -1405814020
-2036327759 660271783 56122404 -1330393253 106924727
-2144251715 1401804956 -113948846 354732633 1486673223
616547846 700224848 768443976 -227459808 1875438785
1546490650 1834546956 -871812572 -603579588 2053794423
1775834019 -1939897598 558160476 662835773 1584932470
519195336 -627143133 -1799514552 -1819149483 405556332
-1784358923 -558711987 1151593842 607488180 -1363473655
-181152284 223385149 -2067888666 2115205677 561541938
-1300597278 -1640756848 -532764419 1963633628 1841756174
-380736091 -394776097 59449214 -1889219752 -681925706
1697632531 726099109 869539121 -1063629703 -2134758483
1339547609 1096309655 1538674513 -767960141 603406958
834428944 -22038893 1914814263 862698419 -1044241586
1520126218 11661821 1973604916 417022014 -546143437
1793210226 1058727218 42472734 2135166647 -1365442533
1460816124 -1815683303 675561094 -255704368 -267578572
-1874910823 -1675487411 -264820939 -1263818267 -196104865
-1938260976 -623751183 -222548727 -209226595 710301432
-1243534170 -1764845624 933254454 1039631998 1410528596
895242429 1486832448 -498903343 235763150 1098656832
-210838896 -1335540580 1226529368 -535553352 -1830719893
-283776822 -259575886 1438607363 -1373527467 -2126916949
-336995139 -1334627810 634073091 794407596 982898602
1949534293 -1964592812 -807942849 -57756076 -1641005186
1456126997 1938663375 -676911155 -2073517152 791088601
248107197 -2006214182 821729635 1391766909 49507953
135317581 -350610394 -1689519259 -175642287 -1419340779
-293200867 -1174152841 -1008722174 -1288183728 -1379915893
947532627 -814312415 -1101299449 265309093 -466823891
1381733870 764191772 -683373566 1937690099 -1806309486
-745480033 1406364001 -698419279 1940487868 202455996
-854332212 -1081638323 1353943792 988758105 1421144370
-2075590551 1310641171 221921807 1862135440 1236234701
-532495155 -739618775 -2046114600 -1950583404 766748345
-1524620810 -1768427806 -1893231953 1051559181 -350400469
149451427 -680746487 1960369778 -1398751216 -1866719950
-1161244824 1964269020 -38755026 1071118984 1309069104
-1029799331 1043519280 -925267278 -1404152383 1601391193
214021490 -2036134955 -1341544175 -1092715365 -1245885682
418088524 1002912546 -822466813 -162675902 1207168327
1929619466 1501030038 1724626279 -1845414577 1278947886
425668449 -876534349 1565438545 -683226948 -2021918991
343170772 -1488221721 1709598661 -555006037 1399152603
-1016996670 -466272452 -1534867337 1165309662 -636787870
319986131 -284411787 870722979 1933799052 -33500569
1057822985 -577844423 1111056761 -1015951488 203320497
-2053233464 804634787 315189779 -1928708768 315069760
-1344732562 125316485 -1968791069 -1060861284 1967445030
416164247 966154311 1406462213 -2052326598 171791298
1364318063 -1153579149 -992505501 -1446304154 -709066069
573814637 1262481827 224480622 -1101726435 -1179019867
2007586075 -520715616 -84679449 515398177 344044970
207062023 1069554611 706645425 -392289802 -1837623332
947945622 -1154229626 -1401776047 789730475 -439602463
137374192 440267 -533141803 1913864253 -1169641501
333102381 -639642676 1027314169 570465148 676901044
-487868883 1688531431 -1834374827 2050867800 -402687479
86378803 -41784481 547456845 -1177210568 -2039584479
1832149491 2107106448 -2144096876 -144376731 392256407
1018536129 -256433558 -671123640 1413602250 -1714960880
-735520462 1521201303 -2127042129 -409849355 584446927
-630185422 -1041627414 687753392 -1550016223 201607206
-1741023914 44167208 2035540544 -861649221 -1737327857
-397046767 -1445914189 -1974850374 -1695598028 -1953472335
-618019810 -1884256326 -1257068497 -1060946339 -1173594136
-1445456396 695921019 -766307571 1848391306 -1441319170
1834491012 1926823207 -1502106394 -1105926900 541250609
1375787210 781571271 70451724 -825418861 101630209
23743694 1515164074 731364161 1645966563 -1911516587
861004719 740057871 -574187424 4938598 -683586178
-144643068 -1505855192 460292593 -2137363168 389133379
164669600 667752418 1884565918 -2058637284 465388325
-606212771 590774288 336954187 -452841401 1843008964
1461878766 663725339 -1719378275 -1861389236 -1851291200
124851390 -396591342 1553812437 -1174629270 234284250
1217789808 1179821957 952125013 1043469826 60769096
-357936224 1630064793 -1506350887 -273008881 2122529402
1279718918 -682382690 696836253 -419049756 -1235189141
-2090894540 109395355 1664337203 -1201136197 1169700399
1348924961 1196015964 -75287674 -1721318079 1901840979
-1669836208 1944646193 -622722420 -1545313800 -1541333165
-979713678 -1891298535 548606818 -2086914848 625225158
-1656762044 -1414080264 -1974044068 -1577770041 1828929324
512183385 1189299744 -618328167 277153072 1104032179
-989659845 2026519176 -358593775 1830757431 299431467
-178542695 632133378 1952700915 -1417398505 737834739
385768522 1580166162 -1882068729 -1382720548 -819522137
-1441073103 -1654025873 -705983237 2085281755 1754800128
1659300388 -1044584236 -534330101 -1417184672 -1504370326
-841981784 -1363862437 -400830415 -1431600814 -1458729578
1874271497 -401891631 391162307 771066169 -471781583
600600691 -1589997992 -4844914 -709663657 -870810599
928355839 -1727273380 -1281901425 -338851040 -1525969681
417856573 -1271913946 -965186305 1636709280 875339092
5117922 646548758 -1537014154 393851405 1846279603
-1634175587 1513778184 -1703636304 -1248332615 -1713090585
-522389846 1860496702 -811554609 -1319468928 -1465567370
1648980030 469947699 1848714233 -391214672 -864118177
427103558 906655975 1118582884 -1643165330 -2093110887
-1789429114 -687220754 -1541616157 -1216787644 -928247548
539080938 1344533123 -646497136 554650655 307835973
-1448493740 468346443 -1302028463 1187382598 104639515
-823175880 -426119925 347553286 878901931 619466604
352834490 1294819600 -653691983 -921416925 1297929473
-1367457550 1500946848 -1316433259 -1370265305 885362893
581035970 657192204 56956765 1595996421 1918058202
-317823660 -350601081 1581537494 268158863 1493437844
-187957761 881974605 1571403930 -139007696 -2072993805
1380160240 936809116 -1457634321 -1895647410 -2124280587
1682015232 838083941 630061862 376203382 511443666
437235004 -492414817 -1412121312 619814131 -1274493771
1183599465 1466774900 1157968789 1794562364 -1286854938
-1667464461 -102644632 1473814634 -274383883 -1240745557
721754899 -1649540736 -709647818 -678837151 -824605310
-1838840934 930060701 -149215507 -1977069690 -935037953
-194080068 162993840 -1811262309 1365821606 570643894
-1635702096 -1419446490 -1390612304 -851085176 1696879767
-325479378
