10403 300 983454717 1600840238 511467017
673660152 2038618039 -1459952342 -2034831130 -874213353
1274307970 1867207429 446651317 -750997117 1880823464
-2043999475 1433374678 -319238456 -674417346 -1489877373
525258395 -106068341 1388305571 -1233490142 332105634
1206380174 -1698961696 -932521857 1668172910 2101925983
-1791700720 -2099141681 1625109309 -2059852334 1271556391
1309497572 -1372530237 1788310649 -1352581004 300492954
-1677006120 1882233550 138285164 630294650 727878487
854099718 696270508 573071487 144634259 266256856
352028692 1290838479 -1714449827 872947250 1622970497
-1174569050 556987361 1672469073 757313191 -89571083
1087336738 1941848363 -1161741906 -1840032546 -1443978432
1575605650 1416854245 1780880265 -419432943 1650859646
186356294 -1292653621 2672282 469168190 -236697982
2048577211 1279941710 -1614178601 -1049064786 108648987
-1359049499 -566519543 176937389 -109322696 -1039833215
-1962626452 -273799672 -1130730784 1553648774 -383873407
-1554342610 1912412209 7469074 -248951579 -431597797
-949457535 -1485393323 -2137029415 1961129734 -1222831161
-641030650 -509967793 -1133737925 -1512656690 -779258335
-838149499 435056837 169360714 603699398 -1599059157
-1310113350 -337586875 1350926117 -1787890048 512987611
2082558387 -2057621436 2119952145 670211443 -620821210
-2137762473 -975639005 -788513356 303395713 -349196221
721344032 -1933376023 -245545004 1539017811 215304174
-2074171827 1770544951 -658568271 -1363816338 1817715600
-291900037 2024017023 994663005 -1108182590 -803615363
1073729634 -1039601349 1629491731 -468698419 -1614262732
-591471605 -1457633710 -32695214 -33757880 1461638772
1935420551 -1792233551 1696088429 -2091927729 267086270
1555416060 1396896719 -1646466228 1920879400 1837593536
-341908950 -2067112451 -904091600 -766364870 -1698722567
-116606986 -1793792111 1167648993 1953161365 -537488980
1650275790 1214867669 -691452976 -576161598 -124955615
241055835 1272070153 -822554952 -659993123 499847215
-293068594 -454681299 -89945189 -1362031865 -1039345887
2126281451 1365860729 -303668777 -1856059921 54190263
-928290602 1423706155 1075861623 942775315 1630328017
165933731 -44824686 -1680084952 -266547704 1998951843
773090552 -1662712901 298097934 1475256329 1253103335
246085871 -1994536698 -2041207309 -1279840599 568499520
199734417 1443501260 -1145325476 1564963406 1561121374
1120745336 -244196311 1361753980 1502737013 1913965990
-1113443544 1627560694 -710163305 -1984539956 1037592943
-176779167 -1562617994 198869303 -869734556 -1646596675
-965480687 379922071 -689940362 -19527471 -247468990
1998661543 -1052579527 -2031374989 515421067 1962890020
613880094 542725219 1861419525 -2122531161 78210383
-92203821 1927250537 -2092807467 -75723973 -473536273
-1642428718 1023256188 193679749 1457097001 -1171758604
1701993018 -1297548332 -536830441 1658577735 551408463
-646286595 -1500605251 -40565490 519775054 524661186
-1815870027 -1205703867 1650688955 -1447113144 176226178
-1523249755 -1222154637 -18162247 -1223486853 665296358
-2134292459 141828015 1073128833 -654106467 373185783
53356962 1096998838 -1755391577 -1264825411 2082215241
-2085276003 -1306124489 853633375 -1686670992 -1381737029
-431353063 1949450281 80674967 1299914104 -714411584
-843087970 -1894074680 -337783601 -1812690185 1003491716
-1400476117 -959944578 -2009780607 -1023252909 -192884743
1665978676 -1916246790 -825723268 -203483502 1913928371
1902108685 -1202354122 -1046023501 1700961165 329161262
-853033556 1279511244 174166414 -205692830 -980129561
-403415604 -2101492917 407808257 630953748 1239598695
-67298722 -722519556 -389898464 1218937489 1468826863
1823986505 860141909 -1738335584 812135191 -593213734
-513594319 1035612811 495637330 -890094733 456024559
751214155 -12230146 1306682761 1082559308 25296125
-1063251448 1495413611 -1973622001 -2103330791 1247344581
-351796229 1260063994 -509600789 -197874000 -319125176
-510131194 32120050 1198830306 1308693030 -811156051
-719059900 -1382730863 -1481876248 -1895983025 2036876920
-747163127 510400506 791757444 -1238172472 1576025987
1572058714 -1355030972 1550818433 2018907913 -1947599825
74112855 1650200007 1533776298 -1107713060 554811972
-1401354172 693796055 -411332377 -1069826727 1026077045
-1839051528 733504337 -956263676 -601737622 783486322
1114544034 -1041048225 1128661210 1641605894 1963491210
145061149 -612973189 -635753587 -2065468855 -2142821003
-1254245353 28562313 -1853006544 -1236370494 1132529462
714680993 556975357 -384016644 868077605 1768521041
971969957 567893723 -1940185755 1881558342 1426424947
1355370902 1939342043 -906988666 -835688872 -244134691
-280619769 90777197 1573536029 2077227339 74652780
1742308593 -1402353601 -1845107540 -1903497049 1837632822
1057661184 935462439 203359546 -1288611725 -1941995079
802961565 -2130486672 413070864 -1797578951 -802490500
2135071567 1937128128 -822613551 463780042 1951622068
-132679026 -1476817452 -23817732 -1309212649 -1431213062
768877333 -15218190 -1452655495 -1727340988 1547459735
-1145993051 -119313915 -1687804616 912749534 308736835
-156424856 531818772 -2116283460 -1910243723 1020086439
419673132 1236141510 -1343814105 1448460278 1454071126
-668629200 1853078854 135466116 1558149647 -421187486
1105239617 1155597804 1201776540 1197595628 1173859895
1168313985 1170094418 1321460474 -1424987104 -1710674942
191234389 -454111665 -896098831 -968269128 -156112207
2011400609 1814465271 842290776 -1365530181 1870567081
-1180947495 -739218485 231506490 886666374 1807882995
-1262297344 1796546997 -640338028 -492695461 -1970237448
253694087 -184665526 -867131879 -1967801908 -1519567226
574005173 -1503967563 264219167 -859670707 180203631
1281779163 894661616 -1377418101 -373151164 819783011
1294252063 613696184 -120950471 -513332703 478956130
-674741022 189366974 1607508554 1168956055 -398130739
1400052313 -241293509 -170277485 -1841234433 -314557367
1342626332 -1161364663 -411807442 -1096268449 1473095937
1870370164 -1123314236 -1774572678 -1716735952 -947966714
611846573 -190991083 -1051836173 1111220536 2126574138
-1623337812 111650117 1757178018 322705297 314633202
1483711123 328288833 -3888869 -1176641441 560409851
-1807682167 1921288402 908730892 -2136735711 -791296442
-169147387 -960068586 1997410717 1245698513 1689490007
1258923113 -1291372471 1141373502 1424792184 -1852592745
-189106932 432179023 -1567166801 -345930464 -215846774
-1702705523 534203685 1177952765 -1332476600 1527530294
-652215423 1484221980 -505766629 -1320264189 1711276933
-1132688735 -2020407642 -166349186 -152989907 1964170707
-1736295174 1358715917 1053803074 -1560068487 -577778987
522773498 1352042599 1338576474 1797598758 -401934191
1635844810 -1441343177 -665322508 1287751248 -1820398133
-1555581646 -2138239724 -130132035 1157565091 -769911267
1200144473 104320249 1728357045 1014419389 -1117735929
760790144 1280088485 -1951503274 -558830550 -1685740223
1084549992
