10403 432 -331660446 -1134844691 -1665555565
946704003 785692121 -285265383 -338851742 1140740173
1618354683 -1154118231 406259841 -805882652 -1057998826
1197005611 -614688146 -1694728398 270115563 1876196290
-1022342022 1103077735 -46011316 -1373447077 118492620
-1797388258 294454109 -554135140 -1402865730 -556767940
992325363 292428012 971456280 1780050252 1956969900
922214126 46988476 -627056805 956672152 -153081654
-1971942047 -1505235538 895423512 291353309 -2128734990
313463294 -468100555 -1503881929 1083420658 -624771471
1236108336 -622018575 1948500877 -1796205085 692997493
1529767587 1784955297 -1549716288 313929234 267672106
1682879749 -1711062892 1617127362 1640302805 -40888824
1032569672 415340153 -1881564802 850391647 2102911268
1369772240 1569042220 -2122359461 -2043667136 1180474519
-963008220 1292901672 -758568784 -1311626081 -270737920
175587175 -798455829 -293946756 -1397687060 1391475781
-1219596656 387944208 -506690621 1748952365 -1466674866
-766857548 -2015128027 -843160305 -698911079 1281932208
-1797545484 1826536637 57953288 550784412 1958868501
2107844467 -54183318 887832165 -1245549143 -1004522430
-1841749990 -912752895 416780812 -1696436929 91289844
-884673435 -177891418 -134645747 -277938090 -554600789
127465023 791677904 1601402728 -762570904 -1824434956
-1019960936 -76970817 2057875012 845772512 1261579258
-1675415708 2087344872 -592894270 328201478 -2082238155
1099899010 962806326 -1681566290 1895799631 413396819
-2613843 -1263883159 738334824 455369285 1157465682
975532954 1717135417 1649973949 -1442126719 -1085836567
-1490808489 38370224 1618464897 1659548725 -1259476449
-180359541 2047106732 249905868 -1270526067 1509345414
-1677826141 547913479 2133039155 1153888642 7368466
475551415 -284964093 2032876968 -1864788127 1854790734
1738977716 1827786122 -789522445 1342789295 1668587009
1719406727 -1533527342 -1296205882 239666064 128061464
202053079 736721587 -1776628276 -1939414057 1724951841
1369628088 -1606150307 -1708465860 -1030162636 -278089465
78698854 -586757967 731062274 1696053016 -1378767056
-1792710539 905155900 -645441616 1272574192 -1123136043
597457573 1044350337 323401971 1860454417 -19881163
2074409374 2098461554 -307914383 -1485571290 -840544979
-1373839459 742807354 -1918372622 -809210453 1772272162
-1802568712 -232339907 -1988588354 16554552 178400945
-1794861013 355158451 1913068544 356287753 343868123
1820541725 -398863308 -2091779627 806848039 1565355230
506138862 1996107678 -1823089988 1835736503 1887358007
795467280 325889486 2125959323 1292130396 1575236429
-1581965427 605763691 421031402 -832630834 -1294835767
428882722 -598894203 1652897895 -711627976 -1415010599
925406797 306982922 -1329809903 1107981995 2074138505
1288283968 1583474968 -582317202 -929253699 275510169
1838863755 982362714 847277763 -367904040 -1859211263
1300009700 -483979921 -842839471 261298129 -208164948
1872003433 1905503868 1189243416 -1566057893 -483200925
-261464362 -544074171 -1680472235 -1812418514 -1014991833
-36661976 -1948598005 1169897204 1351081467 716624164
1265759356 959837595 1706346932 1570588342 -1139075678
-1539977872 -96903935 665116252 -1043580546 -713382319
-1505727709 -1701936683 140344961 1218984329 -1366068885
273083468 1203157937 1197109544 1997778465 49048985
-1179271073 1467010409 -533463360 -880208696 -56787946
1104235319 78167468 -1503638578 1159298797 -1013870272
2115934434 862280652 142397103 -189414567 1559121794
-53825026 1619149295 283167308 1323240226 -250917480
1810135745 1164575931 951759210 -1173244512 395078663
1262611056 -958407516 -2124995239 1400942846 -1518035970
-2019293701 -1079718801 -739034988 484703314 -776210332
1971598775 -1847062308 1519756687 430703738 1608666784
1222137916 -1184534790 943038447 -1548574678 -883674981
-1572861400 -302709556 -107748342 2072931884 501976684
967184061 1740722667 524574790 -868236373 1124097570
-93745072 -1996957237 1661262954 80752775 -132355957
522143696 -444802773 1798126029 -901130940 -1220413567
-184152506 -38444645 -670275701 -1824701476 -1196824487
-1736181043 1751726083 1163510732 -1369804451 -220584625
1172007580 -2096188636 -486123906 -168842206 -1564002329
-306630828 1652541504 71373394 1950527820 -1979257357
-1139433116 948233150 1630378098 793140784 1173271059
453531092 -306225096 521775933 -126728351 1942871703
270553121 -2033450896 -578614814 147042308 -495693798
-20947227 -1433566448 798239941 1101742868 1832068847
-546683399 143428991 -145102972 -648394669 255408979
831677796 -1004441396 1173422898 776944190 963507944
361853189 1844103242 1376710179 2119117598 59032289
-51982881 -1760727811 -2139637613 1978524181 1422472204
684796207 424421698 -138207505 -419718577 1871063411
2143404581 1849043431 -509078908 -1346536548 -1881275697
-472016999 -1171731296 1920633493 231377487 2054872034
-1124987537 1513637722 -1199290104 1612211792 447543324
-208374078 1326207379 -1657955651 -957808494 -605062475
1564528349 1865999253 -1779633502 224377104 1000789480
41693988 -26922796 -446665 -770423441 -2111197356
-1570094780 -1856500107 1506220190 460923399 1577518948
1549905982 1445447272 51666507 -412335485 -1021320603
1511505672 -1343874565 -773306283 -1802655370 -2023060105
-1008384506 878791469 236369048 1465723545 -1382695149
269086175 -501325799 -1273278066 -2058118835 -1250184160
2102402764 2060134649 -1748497542 883676974 1408742465
819929873 -1322425903 1111482783 -2146727667 -353720575
-1402025381 -301742880 1843383295 -294308364 1844189201
-186267708 -814746505 2020687714 -527636115 -1780315279
-1614744121 113391776 156724288 1544179335 727163157
695673306 170421171 -49566831 1331024084 -207335839
-2115302206 -694427261 -1356448117 -617126228 1316067131
1375843643 -1079722798 1485186517 2084648465 2099239342
11822078 51827605 -1110075631 500157076 929661996
-571480246 151012095 -582296039 -1221694010 325807382
1611534676 1948218666 -1394298686 563755769 -287191569
1056647268 -810499645 -1627143766 -989774082 1558030313
1753638225 -961995362 -622748147 -1057912253 -401309904
-1043122044 -2072575465 -1363197396 -1405255055 588040065
-1751370266 1008715388 133266006 -1803495760 691920178
-118949909 -568569176 -938416832 -1750312460 128235159
-451135261 1389596292 -147460780 497600452 1813052745
-1740865821 -2125854459 2050788799 688296389 1828563540
1486652385 -1296043332 -741047164 701196249 -1222256195
-1611934699 99520872 423569226 1193594665 -1035996744
806589427 54274468 942801368 -1343505864 1752585383
931440651 -266796746 -9017455 1928508399 1603417654
-1903951333 -1804939618 1066936526 -272464672 -1901725376
-1888380840 1848340674 -1196364407 -457879667 -514144055
432940966 -642911199 -1139761652 -1117701304 1384565952
1724486234 1961085913 513117510 297247089 -1493035330
-805788931 -1917993256 349847322 -307804708 789327093
2082564488 -1045722539 -1361540312 -2005695063 -1597556540
1054740917
