10403 624 1069029982 2049041223 1760860892
312028717 -634436854 1632252163 -571906456 -192788151
-1286183818 1673425023 -71989068 1359191077 -1426658654
1548099003 -1855763008 -986185023 -927006322 1972794551
1109377420 1372461341 309171514 -410095245 440840216
1369717561 -222408282 1580388335 -751917724 539264277
487957202 107613227 -1850413712 -882847055 -1712540482
-59219417 -1417046980 -303120371 1744663402 -1740911133
-1086626360 -1937528535 -567375146 -752350369 721677844
-1823430139 -1170249982 -1006463333 -1370261216 1327406753
-2009844754 -329340009 -1038282004 -30792963 -830349926
-740735405 -203257992 1421841177 721031174 756359887
1333813956 -1852372235 1282881330 -2139702005 -1548095280
2112906897 1967685406 413159687 763706780 1970225645
-228731958 -1397892413 -166259416 1370945801 -1288445642
70325823 -273742988 -708401179 -293596318 -1863483525
-1658628992 -183162239 2140968526 -1168878985 -802352052
309140701 1756648954 1455459123 -898363688 310958841
-1515258266 -1905072721 -849686492 -563183403 1004338066
609082859 -460676048 -1316230543 845379966 -531517465
2000656124 1335014349 -546806742 -1747429469 -330009464
-32229143 -1241618538 261198111 1829685460 -572680763
-2133790782 -1287727013 -1834295328 1287777 -1248843602
-550540969 -1968716372 1393493693 1293745754 930889747
-36485576 1123554009 1282743494 1225005199 -971641468
-1440553291 -362876942 1881632459 1056901008 1831558737
-36330530 -1052475705 -1122983844 -556722771 557130890
1861436547 2009826280 -946640695 -1239015946 -369001473
-226804172 -1391627355 -1236665310 -1221680837 -1346233536
-1257106879 -56169714 -1230507977 -1142610164 1082646685
1943262906 1497654515 1507339672 436550329 1424255782
-8340625 -553010460 -735298411 1662325842 2117824427
-1980818704 -1278819791 -801702338 -2060403289 -548382276
1101162381 903615722 1664524643 -632011960 1613531305
-817691562 1681446623 -78879852 -2133966459 -536659838
-990586341 21038752 1426615841 -210182802 -126490857
-633522068 391096957 1626398490 -1152321069 375047416
1202213529 1083500934 815844943 -376555452 2013430389
-1122539342 79814795 -2009932208 -2074733039 1847560350
1372482695 1784070940 1384032621 661992778 -1042649533
-1043942744 -170420087 1760369334 720347583 786053364
-761790619 1528079586 -1597406469 2147459584 485407233
77463502 -1202631177 134740428 -807508899 613160826
2027552435 -684520360 -136750471 -585197594 924602671
-486840924 -316819371 461237522 1441972587 -392015440
-640591375 1747403518 -1462400153 -1770267524 -1478632627
-1944549974 -199840989 1207620104 848074857 918315286
-958538593 1618787924 1474473285 -1869201086 -1427858469
282455392 1170011617 1722700334 1710367959 329083692
514592317 1522368474 -921209965 -1405549640 -762293671
1142519366 1235960847 -190233852 -956965323 -1386176142
1611010635 1175811344 -1422881327 451292510 1744706119
1209509340 -1808270035 -2049047030 2133022723 -221732504
1011058761 944297846 -1665431681 -1886653516 36064037
-174060126 -545381189 -2070157120 74129857 474076302
-854561865 2002095244 1949345821 731715642 -12494733
289712920 -70960583 -618822490 2063967983 1945096292
-721226731 -1378384430 -1389112533 660883568 -345263695
-1359722562 -922740441 260185916 637865741 -1025657238
70808803 -1274535736 -1259050967 -1188397610 -314531233
-413148908 -19212027 189401602 -691135077 -1742105568
-1980678751 -202340626 358883991 1502109164 -52153859
1262674074 -1970295469 -298974600 326111769 1405272838
-1176274481 -500757052 582810101 1677367858 1672741899
-10040368 -1988442735 417960478 1637058567 689129628
666702061 2100270794 1083048387 -376352728 -1164494839
1358517302 -718983873 -1085247884 -1216850203 1588344418
-989034885 -195629184 55003521 -2007865010 -1029355145
-1936859316 -1589728291 -104408838 -163941837 -1764947496
898161145 -1415499418 -788742993 -324601052 -140775467
585227922 1170121963 754253616 1884670321 425593982
594568935 2099454460 534250189 2062264106 224132771
1564225416 -417073175 -481469802 1294018591 -1699367980
-780745531 -1998679358 2054250331 771488480 -1721416351
1073707950 -1265901481 -1900146516 95950269 54591834
-377903341 -889601736 -100167207 743493574 1728671631
1825020036 -686303819 1235571442 -1316244021 -85532016
-2030781103 1021949662 1548662215 -1609979044 1355670701
237627274 1608149891 1155579624 1351788489 -1614901002
703369983 686270772 776872613 788078370 1664395323
-974080448 1900228929 1301265934 651159351 -1972309492
-1966575715 -1077323334 663047155 -1232328552 1961114041
1802083878 -20868497 1742792164 -2136429675 1130166098
-1588382037 -1609271824 -1336958671 -601583298 -1243188057
-769727300 -1189693811 352475114 1229015139 1112997448
-1998895191 31782742 473918943 1161711252 -344559483
34855810 -2020712165 688726432 -1411838687 -1348784018
-1322689001 1442743148 1290254717 326623770 -1886035757
-245612552 907465113 1250139270 -153279153 256566084
-272207499 -2027893838 -1421006965 1062582608 -883002095
463903646 904897415 -4534756 321550445 -108201910
-154626749 1668738472 -1644832887 -782725706 -1328432961
-149838860 1650962021 -1085880350 -1950971397 -1339474688
1713297665 817484494 1196442871 1941882060 613282653
1852086906 484566451 2135033688 1234655609 -147404058
-1978390481 -1067609948 1542006613 -1744252910 28412011
-410866512 -1290192655 -335030786 1042432615 -1053464708
-712955315 -1310603094 -1314368989 572034312 433739625
565269526 1348170655 1907992916 681172037 799663170
-1343937829 -1608710048 -1190357791 1736680750 956079063
302626348 -1506599619 -861437222 -425534829 -803897672
928895321 -350541498 -820077809 74509828 948489525
86836338 1924684107 -1821159408 1048046801 165691486
-1942597305 1525067996 848481325 -1072117494 -552042749
1679023208 41994057 1384598134 1066704511 344874676
260373029 676671650 -799921221 700482496 -1181073215
-1232033906 837182135 188176268 575616797 -1235707078
537935731 -1079073256 56768825 -339167322 -1196130833
-1864565916 891118357 1772447954 1754896939 704619376
1081249969 -37233986 971231271 -1121539524 416767501
843708778 5315555 2067848136 -639555799 259158230
-1623901857 1793573908 614533125 -1973375742 1698014363
1777053472 2025839777 1282988526 969251223 -442521364
-1520811779 1066394522 409080915 -1780122248 765235481
181892614 361615567 1190770884 1025435893 1820982578
-376616181 2113906384 -2013191023 475440414 -1125990649
-2075307108 851894253 -1567794742 -1299568445 628591400
-1644988663 1342883638 1811235903 740153716 -1318713883
1122261346 -2100851333 1769376384 58026113 601111630
-1269677961 -744838580 -137610531 140860410 986732851
110232792 -1308305159 -1512086426 -1872587857 874456612
2013617877 -1057832558 -1748276245 1313561136 -535058319
-2044420226 -420799001 -122508036 -421965363 922413610
-1359239773 -1936725368 -928008471 1474842006 2123153183
998809300 994833349 1257780674 -650123685 490280416
1655891041
