10403 252 -1737207548 -464621160 2143582521
735077232 -885657150 1521665996 -928848773 -1596413095
-1698271557 1467188285 1095008380 -158713935 366121893
-323743188 -1282115348 -1344055087 1792921804 785245114
1788315286 -591336976 1592405092 -1659692694 482653840
-165585977 1524585725 516609199 1062564528 1808423661
1141790527 866617685 1359407144 -251957649 -909956400
-1536237705 -86041571 -1783945757 913503964 -1813436980
-245533303 -1049589569 -75387306 1483951363 -1416914685
1568688390 1657386262 606859150 2075935887 123643249
-998579223 2074159738 1947750897 1036769246 1379874050
396843465 1167699880 1991732862 2121941502 1168694032
652869356 -2092170202 -128148909 1960721101 1657956928
-1597015452 1384547694 1886689787 105591036 -879972515
834930022 -1975495025 -97807235 -1358642277 1353778070
1900645945 -725036408 -1518150729 146798583 1195423447
267590451 -469157191 1207859062 -114869814 1016504004
-167264429 -506110819 768839672 525637386 1934801090
-792981226 -406285477 -1201175286 -1266255455 -147531869
1469718571 -2096172288 1964687565 989753744 2106785200
1392449468 2080553900 -1185318307 644196552 -2087728138
-112977177 -1165888209 -255517712 58525683 1582738899
1167983400 873797517 -2002920370 -2057357877 169991323
1978414640 495200727 -105022372 -931382223 -862944360
889973614 1528858393 1109337298 1647479302 1725535605
1407889794 -1699795674 626620317 -550333094 -1560416991
1074838034 -1514042977 -307648079 1046082473 -2058205473
1181634505 2072438480 1775356769 -1915130204 -991205933
-716204690 896487393 -1252057238 -952501462 563656156
1716249703 -1895009971 662283418 769673555 -200273498
-1454064798 266493195 280501911 -586647525 816235673
370848968 -135535214 36953765 -1027179847 583296032
-1222569290 884297065 2117410291 783790257 -1038244856
-1519321377 1784259499 -886813335 251644677 -1490614087
-1637415028 1356362311 -2030122461 -600003390 1734623167
-952205940 -745433317 -441682958 -1077131441 -521719131
-166007787 -1090286036 -122238670 -1667265606 1497599609
-961926794 -620244702 -111782817 -2063438989 -331435587
-1240371980 1317305414 53662223 614754293 -2057856952
-926778486 -827948616 1965873679 -347780951 -643184876
-897856816 1024750899 968810206 897095301 -1175240120
-893327944 -2131756986 609538378 1849857511 -1512990637
461570256 739332187 -1354019935 -889337972 -350324832
-701351973 -2043222277 -1892307015 -2065514956 -936285995
-536284144 231491575 -155789652 -1992968221 520989056
1087465107 283574833 -1548660980 1549814056 -1596141272
-1155120769 -807448409 1183194315 589066041 760728791
-940037034 1898106075 -737878814 849971933 -1137741140
626534977 713001252 -499710463 -20845887 1274294783
1947398322 713136405 30529705 392758589 579120784
1496338222 1841124739 584769968 425844574 -1420626299
-1046450722 2059810969 860559216 1593246314 -1931856111
-939755002 1987231326 1426991760 -9579042 498794986
1173182931 818772794 -610319890 -1513584103 2050566247
1582079651 2128105070 -457375051 -2080548238 894352699
-150003280 -1537164028 -1082322872 53482083 -1089914106
-597413353 -622250506 2093925677 539109357 1498185180
302262924 1588452853 -1919945034 1123402950 32626829
-658369610 -1309502775 -1534466653 -205722642 -1096623841
-1893643507 758535390 -854040699 960837393 -1141744550
1572754921 -488217629 636773749 1983900800 -350575808
-951180521 594353808 -345194787 -931153344 -1908989077
-2049643205 -859264920 289801647 297149961 1303610926
-563772454 -1559953250 1466772679 -173835738 60822545
206847269 1528388975 847815769 1316967389 -995838177
524569148 -1473033147 1919659722 -298383740 -611686912
1794183284 2081189911 78822641 -1007956095 1224785156
303758956 272259410 -1960400733 1682819731 -1384679438
-100508769 -981346423 -176997454 -729630066 -1275241651
-1335383457 -876743597 -760208288 2097785270 1074007964
237715527 671424336 -46635030 1340932786 1844609835
-2032629439 1903888368 -1106769407 -1895334797 -1729677070
-514366752 991982021 859975248 -1022672202 1590397089
-192301127 -1495558569 1546062970 -982675212 -287428148
1082183989 1381231704 -1033343792 -1101909722 -1919287792
1361519869 -771347797 214418308 2009846715 -1022994133
1160042191 -114420814 993915361 -2037608033 319787943
-2144779310 -1634680072 -1293677623 -654228755 1120285534
1499945235 -390074812 1552561061 1560323562 628962030
789141233 915027471 -2107692382 874549814 1681721634
2009530636 1988400189 387904012 2128406736 700943519
-221766812 2104624751 1045439464 2052423966 -1929197558
-271715125 -947405512 -1864838469 325647639 821666267
-378594647 1340345372 -2099058977 -1856950498 -1122673873
-345032554 1786205297 1297102802 -1654987392 264164117
892843109 -497689870 1575076157 1164888180 695606035
286979500 1158678920 616581990 720957788 2091655651
1393815987 214093796 117936176 564855953 746494912
473505308 2016996854 1142650727 852862843 -1718968439
775700514 -485882024 -1921949574 1457576429 1160087675
1092378856 -1926787784 980461550 1279775502 -1699914922
-917440221 753220908 -330066649 577712227 205314357
-884804307 -323563295 -1424626115 -426228142 296050453
1343102427 -1378263202 2049462331 64746089 1310739874
-1315914803 -1269768643 -1435751413 -1959187302 1001375725
-852983785 1328700063 -2132104568 -668951168 1044800844
-798548836 336514983 -2132833937 -593546744 296860867
-728840551 546615430 1490812019 565649416 -203217499
-1236137589 -1836476446 -668877882 1208141706 -1994049772
990583022 1874805672 1309119440 -423940413 -221648421
884799731 268907511 421029745 673003839 5103012
-583408308 380977026 -1919407968 -281118113 -876781356
720510272 -1341449443 273773962 439687689 1807557136
-2068722325 -2111041342 1416453114 1025449000 -370513206
-650579568 -1650345021 -127888709 1198919354 -1977690858
79482562 -406521161 1620667224 -1310642768 564813720
-1522861181 -845759321 -429715371 859897936 -1798419119
81567277 1691369038 425245498 1732803481 -112895454
1565746844 196649972 -1216090988 -809479655 404198627
-1692443896 -924222140 842986992 -251944312 -474013238
1076451831 -463917671 -414778445 1728925051 -2087211620
796379525 -609592795 1119370137 1393761828 485328908
-1223983700 1700852552 -297744707 -157252510 -1389948174
-1671791782 1335804554 -789083855 -848339663 -1398730606
-175282297 -326739262 -1063481541 -1312940325 536810194
520185053 952583578 -940398853 -705311642 -1584166277
1588481513 1769764559 1895380296 557251441 906846613
-1322027338 -1921096098 -766174216 1606520007 -1098760513
-552911984 -1041940454 -65437249 465787442 1962699485
-472641618 672348228 634839343 -547734019 2129272337
1173783044 -1531420724 -1569841209 360243659 -1353362112
2046272502 596147971 -715941114 -1048602358 909768589
1550358733 2139636834 63805326 -961889146 1663043896
-117928588 -1532737876 1835779551 -1454666968 602877958
-1313175455 1702938300 -1114486043 -686935453 210969163
2015017652
