10403 456 886207336 -1643241440 -291686082
-991067575 2094472990 2027868651 1511272420 -165755917
-1914617667 -1298505584 -223711272 853880433 1174762272
-464863885 -1025241425 -574723911 121680422 -2035150568
-535345564 -2068692337 1283071588 -966328365 -250087146
-1216007873 -1827754646 605241986 -298434374 1514749340
-1864194694 70211566 1124311395 952226685 1515101652
-1006171762 390236852 -2072514009 1927868973 603722993
-752797614 648653558 876194958 -1956284549 -828022905
1674218340 -2020152724 956420933 541688160 1067266807
366063366 916173984 -324667319 -678884703 1359215393
33739891 -123151403 -107868644 826152277 2035630785
-606965264 132347677 287199081 -870175251 1579803699
1637034963 1577775433 405858892 1914392772 228266187
-1911526901 -1876875455 551858558 347815457 2091654968
-1732767545 271037063 -1767270621 -1573022769 -474756797
931144784 213743036 -566912798 -95704117 1609320620
-812022434 1338615223 1575748762 970926988 -1484565637
1745018314 -1430831235 1821920259 -248062210 1017756391
-1069221647 1199738218 299308473 312694236 -953135816
-1589987218 30992709 369079358 1533693823 2041703472
-1127659999 2116394266 1112046017 -1112408702 -1122806285
-1169547364 103027749 1390378245 1465967647 1634323498
480121239 -1360622825 -1519036265 96168842 482776097
256247867 -933864577 1031436944 1291712707 -547251568
314537058 330741901 -1314804788 -1547152750 -1370118274
661128588 -909124824 604483688 -456572767 878506373
-1951663338 759349079 1502373192 -496663619 556149948
265167690 -1613021021 105561013 736855538 1652288052
1829322634 -1817942166 798661358 -1407292364 1406710757
2061803319 421061254 -1865703309 1109242498 -389696738
-1035783766 1845316770 -745947524 -299995281 -633655917
-351717494 1690016656 1405994472 425865768 1498310250
137726033 634145190 1073756570 678788685 -13539793
-563729214 -1113391573 1563468593 549113986 1890528695
-54756690 738285531 -2131453440 -609879826 562484272
-1261675055 -1598860619 -327066612 -859200240 -1894800648
1710578103 1276587857 1580627904 -2015968689 -129205403
69375285 714216720 -1189810852 503181971 484176973
-1524393923 1251911163 -986921355 -1520721281 1823596114
-1174834089 726248507 1028203618 -87288718 152433952
-1418846759 -264607169 817185490 -555378759 -1145518390
677743628 1088520854 679199973 -847990516 1045451735
-1041047693 -1574999897 1774318555 356765118 -1890963876
365813362 1785344662 1435711611 -267899227 -1709399028
1684045856 -1571050513 963079393 1839270413 224214950
-1716648838 283537828 -1026366356 -643375530 185505531
-8881017 689063602 236686207 -798783977 2112527642
1156412747 -1611530200 1948257331 -1095644003 1890982772
415610211 -1159254076 406439694 -1610513232 -1416112310
-15405123 -354724828 -113486337 -566972469 -1252926080
-2012599804 1682458160 -1338022975 344329073 449612913
-24593244 1194528035 -927470454 -869801814 -1190753786
551575723 -2061611010 -478911606 -1155295697 2051480561
512516394 1784403750 1398051880 -1746856733 -1893815737
1710540187 -940903983 1070199172 -299651467 -522101209
-1324178212 -412137263 750610700 -1611467714 -470320685
1048158835 -1463879399 817773495 1745642559 -886486328
1541525585 191056544 714059690 -1490677940 1234495100
-637007910 -94356189 -1012597721 -558995932 -1308318873
541372848 1355028838 -1863892789 -1941188331 2039221801
-1383259020 220722550 109458135 1007803238 1348328393
-1947913160 -92994472 1535156106 317527776 113738363
1100349573 191728981 -1660231436 807961044 311426994
924408586 -991693656 -86190805 149785767 1993028510
-897381617 -1674656577 251343837 -1573138758 -1896542378
-628175469 1019196544 -893719037 -2025805693 -574915953
1166480198 1222492670 1602962098 -936648245 1454800368
76466083 -456601931 -629407577 -1638259943 1755962840
354654866 1432666564 1674455996 1133753325 -8557352
1249361817 -651986586 -540157103 1481006367 -1393814892
1436331020 933622040 891289385 2136342584 407067640
-898561359 -5380737 89490531 848072859 -2102813819
815665778 -38034997 1343064694 -1032088774 -1903983213
1946794227 -1467388473 -228440281 -1832613800 -1658350212
-335841180 1246991489 -313954969 -307962659 2105299738
1200349700 -597164860 -1045132288 -1085774296 -471143727
-2087801132 766495305 1447680349 -1542903467 1737357650
-2117282458 1712365384 539199581 726442648 300149236
-812230080 910691258 -897780954 -259394650 1554208884
872157503 1555302424 -1565439563 -952738029 1040437856
-295341005 2050645699 646866079 -236078557 1022869722
1610092942 289586742 417420414 495828086 -1695481517
125153295 -136944378 -1776295535 -458216405 -607977786
429000781 -2145961081 -629942710 -699791318 544959108
-597597932 1834183870 903861991 1771216983 1613194321
-995827337 -380351753 508860588 -1259118013 -687563996
-1250655151 -2052823339 -705376310 1028007136 -1612556474
1323946055 2008731397 -2080758389 -1778023967 -384727070
-1813847043 1383334596 1072831574 -2031691349 -553536569
66613359 -138332633 -110014929 294776834 228493393
2040793731 1468224143 -1289742094 500700265 -1638040459
-778153733 -138869952 -1459649869 -695796987 -1380958678
206881775 -2043885130 1153234058 -1899961358 -671694147
442730280 1005564853 606649464 -1626542733 1286143198
-1765659053 2058903834 -1272656068 -1322334751 68406727
452759434 1242184353 396496801 -963759214 526682808
95277626 -1554264749 -377684366 -1006374277 189755982
130425301 971564810 739678572 -793026156 1390929343
-241042129 1936334425 -396843923 -196055924 -962844585
263409067 1185820801 629770119 -1197638206 1803169013
-547726824 -2108191491 -1325888065 -1887573137 -1338976306
1341188258 970635279 -647381592 1484047245 1788447555
1739175967 1856415734 756858105 -1029756411 1329687435
-1692703571 -1123018898 481005705 -1040016873 -1554512832
-1532123358 2044875838 -1861828302 -993177604 -1664334407
-19837341 1371998431 -84557879 1952018916 1249454032
1587438480 1184579045 1703660062 1783146905 1559140513
-785780830 -1536822866 -423109761 -1488297275 1135631897
1589988216 625159663 -412766722 555635448 1153820994
456878883 1538543487 47001092 -1558024598 567296599
144412738 -340482885 613904861 1516979515 -619299111
-1462792043 -1305118418 472904814 -1469348585 -1110927718
-194728267 1841330192 -808908921 478870881 -1961454812
1423494997 -1791448766 562956079 -1166437257 -1372396683
-470513080 783202748 -248829226 -1187628505 -666938481
1213700825 266258729 -312954215 43491324 1302814202
-1773125474 1330388439 -958797289 1331240911 27835943
-456379323 -2021111939 827592430 68768168 -1692996848
1287106416 -784270394 1222993579 1354391074 811354166
712446976 -988753922 22495501 -1951338176 812695515
-698345743 2038522047 -2058297155 463649871 -1449276887
-124969927 1391234893 -1058048465 981789499 2121873581
-1425680578 -631574005 -1879189981 -959090370 1555825315
1926867086 1010208544 1253828469 -74853985 1728167787
-1428108782
