10403 456 2127454834 221933282 -1147939158
-1385852877 -1605922216 1640296005 1962312366 -551649482
2044680605 -107167090 -1985662756 -736662214 797164298
469343149 -1852321595 -1279369844 787256985 1507426241
-1348301233 -487602590 -907871913 1416699920 -495431885
-1224856486 -1281231581 -91837277 314097000 -956441472
-1519038848 203142980 2002874210 -129156678 -1970294703
-274473942 882740277 -1152725732 1826664175 2079099332
1571273052 -1092222028 -1283662442 -1019430087 -1970209868
371505094 1731691600 -30281498 410359266 295284267
-888901456 1283925247 626113443 1628812349 -887478714
1740749058 -7671702 -1377523533 -1681567225 -795622475
-1548481000 650197831 -1838709046 320262081 1740721239
582650638 -1613442895 -1268124736 1648057164 -115192186
1684447049 -725711782 -786772996 -597117167 -600248247
-695162224 470396608 -452886194 -391670191 -1897016039
1009237450 -1711706655 -1715724023 -133793028 -1709365204
-1853442109 1130909790 740019530 -355309285 732979880
1745023410 1864498678 -2127066804 -1820589605 38713267
1475397087 290274211 -587097315 -1532311894 -1784058846
-760763350 -813523734 -647003471 -1671720015 1464755516
639948435 -1512234805 -510356396 786883647 276885268
1407160934 -1487253798 1649495996 -83092374 1699979816
-598077095 30390011 983141412 -1117291707 288927066
-1810948441 -1141031481 -750100514 1101504723 -60732632
2093114684 -57055188 1540854708 -459466053 -65525333
-347507543 83147060 1364637931 -1653164888 1488199248
1523413265 2146918975 -855069013 -230837754 105290900
-1650019776 -62729123 -478628980 -1117925359 709035900
25619431 -418326316 196556336 -2133721209 -182395138
1118768205 115866801 1413344534 1570184377 1309893900
1558685084 -1674333064 10091967 1439583026 1456589477
1957693754 -1157687272 157403763 -321425005 782924580
-1458219770 1909704792 -879617098 -1192195258 1724350593
-804582120 -130080354 -525008187 309233674 -871920200
1399732907 41921641 1611876859 1774742909 457661463
1105915254 -936908047 224445728 1047296783 -1063924998
294206710 550235739 1400213108 208984306 -1428088314
-2001874000 -1862764905 -985443353 -1421720941 -1462815241
1762373096 1515925398 1438559326 -5178552 -1483532888
961880265 1145399328 -2106950250 566690320 925155005
762470385 -874632592 -82767647 -1213105409 385524106
-1242498923 -994641688 585845018 178787874 1525042744
-310792059 -2018637249 1148510352 1926386307 -453733405
-63548349 -1675069848 1563124463 -1261304443 -1602677906
-806051482 300790186 1916137574 475374108 801570806
177897237 343249989 -1380221691 -1917567952 1201789706
-735616233 -1796132898 -808791988 -220424158 1792345294
-405024977 517963315 964379430 1270597272 496231084
1655288790 -832411316 -80701552 1733948630 124497816
-1076685259 -137914487 -1293694552 -1826027808 -2144204161
-1355307595 -1310251563 2058026867 -1823768480 1156130263
1669496717 1321989968 -1659469767 1148733633 448779994
-770641426 757224418 -1124700973 725135181 -1983877142
-1630885559 -260130391 1024984430 -1595716375 -272378826
1270465056 -929623029 573636340 405628296 -1496865365
-1121311406 219325057 553087452 2100649518 1878134318
1064583876 -552163461 -645173271 -2016094542 933163988
-668802407 -1122261421 1312632762 -340952174 550723552
1117114410 1171405862 1975694634 771671024 1428947482
892796987 2131475006 576234492 1297395656 1059287679
-592926388 -770199825 1694082791 1782548717 418550707
-606710152 -1756517981 1126878994 -864804415 1967520045
1213528381 -1678129127 -1573043971 -1220171697 543710129
2037010734 1232566543 302349846 -355254141 529494917
-1443872738 1462456280 -701680419 1274635755 1822061719
281946761 -456339292 -150343590 -2087440100 -1729730791
-1597393553 1826476207 455127535 -1850490261 1803699719
1646726373 -41954965 1328033954 2136658848 722744907
-1704989095 -510117248 2104008816 1968081700 -1277250407
1317421136 396292282 1508308002 887095291 1387942713
-1924951937 1641917203 372675068 1159199184 -77142686
-944604598 -540952258 1236208975 -1678038657 2110190170
-2070495635 1851111865 -1065308627 -163362403 -656853387
133399671 -451789672 -1672612757 1995097225 1782019173
390760995 1315159378 1875292790 745763306 767984803
-363492375 871940530 1997668748 -1922069923 -1445618538
-665089473 1136115827 -236381864 -85222006 848972761
2039160694 632480981 -1267459757 1904096530 454456425
-194284681 -2142106340 2036358493 1173312373 -358190061
-1584246856 1392761685 1749960623 -952208860 -729517234
-1002260487 -1508291492 1555579068 -1632825 1916583452
-1741236895 1409565983 -694451306 -2105297752 1417839777
-1510101548 -519205830 -1301827765 -1136235245 -1753646012
102124317 1550785505 1409696336 -171514413 -1750806744
-1893787138 -1939160452 2099803473 719236957 96576453
-1235877445 58004409 -172906453 527014450 904345843
83094650 -667683740 -1794798405 -425115 -842401445
1410715399 -905162991 557110230 -620649914 -362389562
-782776264 -12548567 -1226398064 1363989247 -576607924
-1317206336 1521390068 1693130390 -1516329689 2001415452
-470319337 1580096806 -1373202311 -1825537039 -1327451907
-886235615 -322088049 -1419174961 1123381145 -20695848
238998812 -1771299233 2080002813 889768658 1984149004
1898239419 756337119 -2002944444 2140200335 1066554183
1873573580 -1311833883 -1618790072 96348080 -1837529342
-507614982 -2093230213 -688240961 17983925 1303185297
1038537849 -1667946089 -438677425 -2022157693 487118141
242785695 -23565952 91589882 -615071252 1361129309
1778449293 496115712 442657030 159009773 -473020574
-563781833 1312485332 434045088 -1185794773 -693350196
-1834870091 748630471 -655764728 -2075316104 -897616328
-1647914686 1775554264 -562586211 847039938 -657950187
-1710210619 5139320 130191268 -1832080560 -2089562382
207213428 894638436 -1569744014 293704498 2012158784
-192196340 1867488190 66419736 -2000638308 -1786900486
480613479 -1395792124 1495997549 187059171 1427947883
1476865039 1244585842 -586372757 400896511 -1510030742
-13932737 646756293 -1800635075 1200808104 -115892323
410704714 1286790374 1866768396 1343924263 -1188660145
-1823671029 2005211720 -1779974753 -101961465 1438956970
-156851185 975727503 19389115 851156709 -699910722
-947082509 2047309517 525292952 1228456017 -1937206704
-1167972816 1265703053 442728520 1305086831 -74828861
675988812 -149045870 -1807977668 -2098696559 1005996973
416152835 1176886170 -323381217 -420186675 471100516
-489549239 -1482150020 -1914855788 -189001845 766069883
1885813275 -377010456 1146217441 -832926704 355386918
-2034836780 -913597663 246541678 350278574 748602711
1026409157 997360526 1501973902 2082915769 -1119479687
636032167 1113051658 -1946957147 -926519403 1333262674
-2068234898 -363694409 -153778292 -1554816336 -1943238737
764394788 -1525266900 1339764203 1997617659 -765033058
-1102152665 -210986971 580352041 530896284 3165128
1613434768 985087085 1457375291 1340135341 -1652618318
2055758412
