10403 108 971245045 1362125171 1297867533
-63574008 -326708594 -756811887 1170430159 -1050230865
80783525 1984116493 -270869041 440843414 -1743679767
-1330059408 -715900854 -689436604 1266359402 -1174589602
-1601280250 1322159866 856930603 1389128348 -237363143
2099219635 1023582908 1713489303 -1478534696 -323513322
-1743933346 -1784524676 1537860986 -420176852 1820316512
-304390101 987530258 1534667092 1182567263 -1659798309
824637962 -1731531949 -267739871 1180641236 -352785744
-1289425214 -1619082671 2008795808 1893473038 -1659178982
879581642 -1787103292 477934422 1943214075 -2053107339
-1124466214 -2014201131 50344626 -88421955 -351830226
-586494440 1076324382 -888698766 -364974592 2008227820
1592245471 658632467 -1055343778 -1186102865 -1233695705
-2110638966 -908738130 971027113 -1733596911 615941856
1349587654 -1345709777 690362478 -1163476568 -2074825826
-1695446989 -1789052038 303920622 1409652259 1813212889
219311419 -364710433 -1578679098 -1501744781 1160397837
1689309884 709443349 273161077 -1226917888 384352738
-1359727401 -1725555122 1408594487 1916260676 -1176191408
1508473112 900401939 1285886239 397706328 -196721959
717747374 -786636230 -1452921616 -1370092165 -1052690017
-638247322 1623865647 -1836700976 -1912068304 1291889000
881383717 1130081614 1449843931 -425788409 -1959965669
1298999753 1417992188 1522084810 66293978 685298486
1002520552 1359750875 1215184359 929192770 116540256
626419741 -1283546325 -763012768 863793132 -1246961562
1860409796 908481241 -1002761346 -1242993498 -289490266
-64065619 -738924952 -123331496 -262553856 665388774
-1590383799 -757577535 -1673439824 1883104478 -149538614
-363002274 -1926550120 294679885 -744112403 1166580222
298084012 -897472277 1521161286 1512033285 -1086287931
2043089033 2077190170 258507985 1625650881 -954533599
-1245897096 1864799561 -2068351316 -1160716251 -1171578379
921180494 -1953647512 -1852278099 565550977 89259606
-1706228558 1846265870 10485180 992173797 -240880581
-484818347 831756652 1519389438 -111327047 1593530475
-1076358687 -1532956337 1641405139 1852536777 -1053497867
-714277047 -1538546831 1739111820 470233314 -1003507975
1830800601 1286101387 813159494 1825977328 -868153953
-1157438141 -178042652 -2077044306 558074570 1355290321
-1490732895 -1398777447 -204111007 -455837552 -1891757701
-1627892409 152223209 143128539 1055103824 -367849453
1168492342 -263970625 -569109513 -1137664987 1423143172
-293569931 1873844785 2112399602 -1182642904 321062615
-234513624 -383140399 -1442066776 438862301 1065672524
-882289594 -1940420774 978484890 -1235716343 -1634323273
1478542686 2131959025 2146846980 -1934462607 -698676790
922570717 847045765 548457736 -1287020195 1129262891
-141345172 1314047657 -1959984296 -1803827875 2032768577
-664723792 438412036 -882729031 -843530866 1200696310
-708458938 671006962 -88659151 -1196957235 -1960306356
1215967433 -1400605330 -730146963 -1663803906 -1644751601
-239903204 1694858424 278797770 1204645332 -221933755
-2001897638 2056580966 -1247678350 -702740239 1616333719
-1435976429 21041204 1410276484 -271016489 -1995237566
-166687993 893572392 -1104151481 -1024519372 -1298109990
2116852443 274990912 -1980801749 -1276012140 51831579
1453958670 1896069467 -658148722 -493513442 600088844
-1992900353 1376128651 1416014149 -1013638277 -1497120651
507761687 -1464766233 1681785405 -420080959 1969641509
-1489031957 1264932713 1416630969 1051955925 1443193110
-854688487 -989352596 -317489670 1852707569 1896000143
-1970087787 -2101396434 1974509314 1046832975 -1204457284
1568960556 -2034981481 -739584517 869340053 -2006006159
-704752588 1891421481 1157882244 -275476644 -1556639431
696219152 -195062765 -931317181 61144878 775179343
-1777492914 -1430355397 -1277824125 1814682151 -124631479
2052411300 -728502944 -565612288 -1959140234 2069024194
-2039742606 -548247485 -978597498 310834159 1453597025
1118005454 342958614 -2070172566 -2076333181 -1521726672
-92117180 1138185533 1747055879 1874731948 -1089356945
1956916273 1982661806 -1752517067 1797291309 -1864951420
2019338436 1587512319 -1959234328 -956334825 -1911942630
1346203980 882036885 -29435441 468816390 -1254016555
-25182622 -183518772 1412643656 1462042055 287658794
-25004488 -917769087 -1178506238 1417761054 -1710533298
-719762083 -1851538443 971160890 1349504677 1960374995
872041045 329615622 -1242552088 -1112080457 -2141248772
-1456051244 -2113849030 877510976 1599841573 629030108
1882120073 -1772908756 834972750 417776364 722387531
-1309918025 1684990890 -1415776141 2034261388 422084769
-848070864 -1447211682 -1557767212 -497319134 1168057707
-733309740 1146910208 -898239416 -1518075179 1392350300
-174331791 1312582218 -2083887231 870958262 374648645
1199564479 26068238 -2004876751 928758030 -979538892
-83254056 -128367465 572098211 1467282001 1122912430
-948922306 -1291876168 1262716728 -390600673 112975603
-568372585 -949874347 341309386 995893193 -1126599858
1654302070 76216501 -280076283 1024625874 1937195088
-329703084 1443380217 1006090772 -1616371129 1010882651
962142925 -1960908705 -2094278946 901263196 -2116308776
-901944755 852402656 -1213732966 -285747397 -598529513
-563823888 1969378796 -1170742135 -24547549 735044397
-1671555244 -575706249 -1587965054 -1328939867 1193856927
1137163573 -1965760285 1061994882 778941188 -99489109
-312030748 -1366623828 -2147058826 1960071239 -1671488667
1995824959 1714241931 489680992 -134040667 984213814
836313673 1331163441 2118199903 -839033857 -663710420
1464871672 -1927379454 2071754158 -2054135371 1996720722
-627508257 -1600903921 -544311165 -892574052 -2123083195
-171930428 1931973090 -2032692521 794073986 -1106708554
-777267777 -1601049887 -1399262462 -1100396218 531355450
-554913904 237808195 -1788154739 -1527173513 -1465185829
-1779965055 -1659091532 -778338113 106206512 625086810
1419559229 148103510 705990863 1468435735 679774366
1694211693 1412449303 -1472690084 -1812778118 517713914
1429698850 -1660700872 -1766664005 -1588484626 -1123835505
-545825937 1572418759 1126026821 312153811 1633960360
-359078731 940543947 1055355535 480396101 -191004825
-644524593 -1036691086 1455921598 1657465503 1333790809
-922599468 381392958 -721558690 200887884 -549316038
1864347646 -1342663206 1479317506 1775565442 -1568341918
2143035553 1613266232 -858946567 -306548211 -389135446
1740403946 342942121 413052010 -204444023 1724286886
-775508586 2020670764 2037914710 -817767120 -306551534
-1613307187 684448280 -1123861277 -1704008808 436287239
-296975935 -1378400516 2140280842 2031289799 -1702010709
-1015291459 -985839852 -1288907166 -577547910 1903616387
-313923667 897596175 1699093970 758432742 695740521
1728147506 -559060512 1353028423 922932678 -1732704738
1509162247 2080145969 206447831 -1373161920 -252465713
-1774310129 948860647 -1878168930 1820936917 1138095204
347358717 -405444543 1531850246 44311517 -1162822224
-402357212 -690922844 -812329072 1771807662 33622871
-1700718848
