10403 48 -1845014217 709651771 -1481927293
-997941300 534505449 1114801285 2049865853 663493240
2041749908 1445742388 -1102847459 653844485 -1359497793
-1866781007 -1631406968 126801298 -2113232088 920887774
689661989 -36213322 -742782307 -501469194 -171637531
960160658 -1224907641 311384018 -1091711490 488839708
487035569 765985551 1354778809 -776521889 467539536
-649167640 -460969169 1377377636 -190919375 -1865740296
1659827995 1318136023 1276944006 1162973755 1278343405
-1607128377 1336142608 335808600 -2131923493 653186276
-1989459891 -200317031 -1924210474 -1395924593 367954486
-477635223 -1884162573 621874942 -1050293953 1881328960
-1471282679 -165144758 -1018375733 -831198296 534660087
319894154 -414674573 1571675766 -1490569505 731391381
994318640 1345642313 -1990348975 -1093259976 -729633039
-1217549179 793581436 1654906920 1063959854 1312708657
1239502154 -1115790253 475059318 1843038565 -2052207995
-1264869113 -1856895217 -399202519 240659072 -986894044
1072400734 -303187784 1065096855 -203588739 -1549432220
-201287354 -687665416 1694775581 -1362934371 -2073982112
-1933716862 242274065 619595177 -1356242362 1540935472
1765683965 752523777 -260684382 1833011672 -1490589905
-678981712 20603838 340538938 1922050794 2130109587
1149512054 762274511 -1089839181 -1685264509 1797701781
-359107238 -2116889662 -1183156748 96003851 -492672156
863111059 -1295098075 734571915 1762155484 -422192100
310960711 -1988266009 -1432427846 -706737528 -376686437
903767125 -414835926 68149218 997682128 -1361135039
308080830 491923603 -1995360057 21476280 -2144037067
-1586483534 -2061266566 -1497648162 99997082 2126059170
-1604463587 1343143797 -1441156280 -497404020 1470063690
-663765826 -1229805363 -1016464061 733381057 213925782
1102636432 1402113138 -1187092236 -1872237264 -999801821
741699329 -1797436213 -1718319708 1591811521 913696888
2062717928 -983804225 1412178280 -1065246578 -101331990
1252598631 -1232310393 -1551172238 -276194113 998026421
887145908 -17329965 -1465690548 1997845222 594431320
-1443380040 431858829 399482700 -286449649 -563912772
1113429753 -2102359061 -1704979528 -640867523 -1567710122
-850788438 437827398 -760878886 -2122694640 45559973
1174908688 1331124395 1824636639 -1593946519 -224422393
1195810889 -1091046023 1136607893 -156184355 -445388651
-648875763 620811542 265472780 -1819489577 1061456198
1362867875 -1480803532 552683946 1064544615 1968331128
1418191461 1495517409 -847002995 -1684444379 1526087085
-1898441453 423905272 1666161507 154088166 191406692
-1160320652 -378567337 531491027 2048425866 -1945929563
-846819616 912804717 455972718 -1963017415 407031842
-1871536771 -1587109332 -1001491244 351461662 991323129
213902033 -1730349884 1464834351 -642478511 -567436555
-1323739987 1175254041 -1162135324 1446835565 -634293963
2049685844 -1039641307 -1597273036 -1898094629 -167259842
598100288 -198568286 -1248056437 1562008252 2044744006
-598605265 745688224 -127666182 800479542 1187361168
-1120850648 -1560443491 -1636962987 -1466953030 1818161514
1204706279 845264835 -19389227 -2122089242 1321644457
2109314260 -1054637847 -194126368 -1962953326 54781064
1454804298 -890839094 66279115 -968727701 -2039784510
-750766519 43171099 -1553255951 -987508819 1261661550
477360389 1250016798 1269667162 1703945574 -1579210926
1845917015 1832286983 -1026940021 1677266175 1979873868
-1258414474 -1576731436 303689943 -811172422 -129083733
1256249028 -1031756659 915963300 2055347608 -699512194
-939022284 -409201562 1691575832 -1732052770 1917471099
1368586728 -966938251 1961323383 -266126357 1211243539
-474471301 -1605079085 -785423575 -524637497 -991323318
-1626959361 -1147772073 -740494968 935218674 68782104
-312347862 -2008669878 -419928592 -662737215 -27370339
-1736911128 1213616943 -1869340261 840417531 -1612190073
-63378147 -249253852 1920458783 340127240 646928536
30932533 245697152 1519157901 -894182482 621982190
-75837448 -1073298840 1957258124 -1504836768 2101121318
-655962925 1845159680 -1288460274 -1715967082 1382348494
287891513 434491848 -2018690227 1259961882 -1307147460
2011192837 1916794107 -1915649532 -2012885594 459286889
1570122218 -929455712 -416760543 -14745704 -672020345
1110861448 -1644151115 -744138231 -298988895 838269005
1386275960 1414369921 905826546 2123575189 1793039265
1198804666 641956708 -1981912404 -1964375026 -496478443
-177317108 -1867043078 -2144798168 654544867 -814872832
469374293 -1262522223 2052820434 1755797171 2120488162
1651542661 1618039872 573389957 1646713245 -1197277280
33565236 1848917352 -1516458147 619026501 73732990
900570172 -1515046049 -1829525177 214147351 -1255664110
1225191769 285294171 -1374909623 1703857594 -927562632
-1843895211 1272353589 -60061501 537125394 308670335
-134496099 1474770224 -312601955 14515322 -941558998
1979263706 -1392198867 136113710 -877714190 -1540020251
1914429796 1819544008 -1190967518 1446553688 749118223
-665781634 426221823 -1399127666 -287915190 -397940375
-560150181 -1129193541 -669839743 1315846457 -1951595550
1644533621 -1159529558 1344484683 1606894881 -200155354
-1603487908 1762082540 -660797438 956494726 800779479
-1525884873 -285878997 1798503707 -19654541 -210837872
724288711 639867410 1359667430 1545497849 -1454685143
-1182314255 -2104674150 85368918 -345373565 291274809
1386836280 978338651 406938362 -747550774 78109679
1027609218 1022882888 1111247126 1190942473 1052696716
-768676606 885091221 57639670 449313336 -1854497842
-1409702331 467817221 1887528605 -1961153054 561260800
1291755259 1688893396 590881905 384067223 -1826833699
1372685682 798997873 -1112562529 -2032680477 -1219386771
1275487818 1916863616 1040240879 -202329874 -1972366624
1807597407 -1446312652 2137035712 -630461946 1287987435
-1297922641 886358980 1464756823 986268868 2027297952
1747325442 -330432209 351255716 529821999 -1869002288
889238314 761134758 -822838813 -1184970832 1384463604
114769233 251314864 -589836502 622217454 -902865433
1084615367 386313930 1735659150 878091567 -55558863
-254174341 579313951 -469424177 -1215039646 -1046728616
-170648590 -2105492078 1630378980 2093106446 -245334384
1186444185 -938740562 -2081013746 1774496553 -631699733
-1823262649 1502943878 -527845391 1651693152 -683250904
-1304408681 82976752 2016363776 -1891873267 1605385909
1387339816 1348103727 1870262901 -482287711 265657652
1550630406 -1004543232 2006650115 -953669486 640464838
858371123 55597526 -350852049 1577773242 -164186440
657893465 -1721149806 645681574 1427256437 262952043
276510002 1951693113 -146745338 626708781 -1348518160
703621375 430266235 -366266620 1969248711 -1889722046
1932378420 -2067506312 -1124575778 -565406806 -1393201354
1894768968 -1150750055 75831085 1779024809 1584419667
1052433927 -383837667 607639690 1967626592 -853364438
-1511922292 1411035491 1530516561 -728805286 -1317501630
1293332433 -1850732604 85176122 -1790925649 456192114
-1224173657
