10403 240 -1294494171 -1762791085 -18230347
932832911 103206020 -1588225520 -1855652244 -286122231
1928903735 830253868 -2066556275 -1808153934 -1021184632
-798801981 -848946621 309668961 -1470753967 -741749162
-1057578348 -943338658 657627204 -237166533 -247029002
-1667878092 1398148194 1673367720 149001322 1188813925
1053478477 -675192012 1252272734 -976065190 1781362516
-1707440407 2076821527 1596301484 1057382421 -368352930
-1375899967 920457834 -409625574 1677085016 -943560238
-1293406009 -1179756073 1550594231 -1508491648 982000543
-826927583 -142314745 -519861154 -2103601845 -1908990002
-289797710 1165921228 216684699 1671223597 1203699878
228940139 -790466602 172272281 -902627543 444829300
1761664976 -1021613876 556364490 1107242517 -1071673713
-187060601 -1660349745 -987295517 1121448704 -1151590637
154051288 371018603 2039683136 -1660026586 1061622378
1228130332 -1324860570 -1305023983 979826356 413536236
-165078297 -1776127180 1161224281 1123936450 755555613
-700393305 -2051071132 1832359166 -520671017 103420666
-2049583104 -696423738 -486953296 779176037 -1917894753
597062657 -822864665 -1142976377 317089979 2069266567
-1905222185 1943692504 -1549569577 -2047624551 -45678498
872485607 1940458834 2060405714 564834495 -584007844
-105196948 1390471804 105754416 -1177751411 99550265
-360310832 1659563501 -1204079014 -1052985328 -1116866151
927001760 -113772125 -838502525 1362578093 478960106
-194176610 1465919009 -2144987925 -866602589 -259553802
51186649 -1486572887 186581191 627292749 563351640
-458270096 397943010 -1497310919 1453400956 1499947724
-1182229475 -1417013865 255070314 -1707403373 -1185422993
201249889 602652945 -2005288994 1716731191 473297477
1690142527 1521893023 -680864810 -1884426026 1941551807
-1070586722 -1369733596 790344508 -1397127660 1643158607
657457049 1670725593 1525849788 -1662085137 -440220410
500136382 -1890041528 -424476436 1481325214 -2249066
-907839379 290856743 -1695495748 1196973313 1111553629
-396919978 167074523 345000658 -1686078857 -1237214334
1557842617 -2085444260 -86133602 -1895966778 -72486003
-404328877 -134160095 554871059 1892781069 -420066470
26725106 1448661676 38180432 330861158 -1655880729
1570894333 1794792647 94549114 -991514617 1525086289
-1908272281 -1876420617 769383542 48929501 900398049
1261080492 610161088 344443499 692227734 -1622185455
-806718791 700605315 -1279670151 1190808214 241457330
-2066927311 1079513365 1396540574 -1755063537 977886515
414466493 2001185720 1747305091 1680009803 -673442272
1376384959 1131067336 -1388155991 -1202390584 -769778987
1924733673 -856102576 -825245696 1748082774 1766860051
1573164209 2073301756 1025403444 1754127275 561118358
1223475474 -554383255 -360541398 963564667 1868299424
-1589125850 -1718279530 -365931727 991272623 -1498225405
-819951959 -1982910379 1932068571 -1329412735 -1809961144
1899739596 895893686 -589168215 -1161469473 230966479
-1250969421 669455486 706099550 1769585483 536773920
-544761757 -403524955 -51447251 1542769313 1412862682
1739364856 1462251062 -2046716034 -1468020274 -923278866
-737072706 106185884 1640849480 -943030227 1342223883
22173416 -1194081690 2071714596 820173304 683275499
-1507491463 -65931893 1741237147 -2132633391 321467715
1229276608 1467376598 194143867 2034259666 -1040218827
-1360573877 1800483185 -35649089 -1865506744 1847278746
1152427278 -1799320283 -281182900 -1165206966 -1473864901
-494335871 1936953227 1261642831 -1377218193 524184834
1099897467 -368190581 -725585282 -374657983 1615143135
337899704 994036429 -49840659 -1528507547 -1347181667
-799394428 1734401717 2072832408 429133681 16601852
2128005853 -1589065488 -1751644854 1829019451 1934035748
-1118236667 -1712334579 374515018 -473157066 -277985203
1324659921 -1558872025 195940668 154668085 -902186023
-1953269845 -457574964 1506449284 217623900 1561908294
706559357 -1625935052 2007218422 45528550 -1194043471
-515093549 626323302 -43985456 -1233600235 -488627892
802977186 1136250014 -747538755 1142218914 -706556244
1799663332 1917559647 801606572 868987034 -2019221649
-1035329872 426855780 1922562018 2015954748 -204252762
1196605382 2099730289 950735119 -777655277 -1649643042
-1511417770 158343251 -1423295401 1295154695 -1499549654
-1170292183 967431124 2088661544 -1617770421 -698858886
562440444 1375241187 -1930151112 286434777 -1046752130
818216350 -733007704 -1774395856 -12854026 1530805418
1887259930 640821493 1360328992 -1466292690 898574651
-1716562230 -1521153584 1828592212 1666699641 -1664050040
1773584283 -783267448 -1043068298 -1239530218 331171317
1223215955 -888540566 276995811 -1385048375 -1192857585
-1222734847 -629883691 -695489668 -77149361 1409566809
1957152258 -1294205026 407327366 1127610760 -1556746896
1102135956 641533099 381872627 -1176457143 -507400483
-1096747843 1306301117 -1882200680 -1002085159 1531133645
1273561956 1012941856 -983841254 671452065 611306380
125899091 -79939787 -1250740821 -1111896198 -890466052
1618031837 251986331 1222474477 -1827435474 1187536609
-1875049180 -843945421 -1618858102 -1444401683 -1323026744
434827085 -2057820962 1850964769 1489229131 -13265980
1614302295 -244060092 437252045 -1757608256 451076115
-1627825342 1608117354 -995397656 830293230 -1243178422
316967054 -376874046 -1283018386 1877973426 -1259599484
500816465 -985622142 1463965167 1066874315 68437080
-2099036793 -1982261788 267647357 -1218289532 -2129771371
1518681716 957018117 800978469 -1919215047 326514438
-642356391 1071598878 -2037341677 1164867172 2037450615
414095537 -1518953911 -1761716374 1423218916 -1027955326
-1898907368 -860986731 118997992 622464034 552745847
208066960 -615143938 -667285926 -1843519386 2110124683
157383114 1332235014 1303362935 -1021672345 104699359
-1798842034 -467449960 -928712507 -739313133 1963287671
-1491108021 1715362438 -685652139 1005429574 -1148872587
-498867576 970736272 -1360232601 -970358074 1933163370
376440414 885961766 -487389041 -1487777729 -1406751404
-167911083 -1049492991 1572992985 -1967992648 1166845665
388130440 1632576839 -1446324394 1651568319 -2087628555
-11130691 -552787217 574581420 452139633 21196549
589463225 1415579872 -72098632 1914629207 -778758572
177907650 -1247684394 451719881 -1731377379 622278383
408170460 -1919203285 1401174157 -279469030 912042937
2143376883 -1992903919 1542685205 -468440303 2081352429
1910446046 1210982836 -1549287999 -1054127208 373607018
176624050 -512094612 2000960256 -1479573569 -1462567293
-1816832238 -879777991 1082147137 -1055437160 -67488870
-98116231 -705833160 -2121531527 1819181591 1279454696
1709399989 1549045208 586461670 568025588 1694294692
-1501797728 -675750098 -912448220 -653350677 -1417818534
-1527015933 1275932066 1662389691 -1105615640 741902171
-1553738389 418293442 889372767 -87978593 -114247610
-1928844041 -966073331 -1019938980 1160946701 -1695854681
-765685114 -1769203626 222091598 322543195 1445056940
2136516411
