10403 492 -1336956245 558736244 893783257
-2113578019 -852135852 681188288 -1177703603 811251412
-353501600 929410690 -1304151316 1765493740 1774322960
-2020816378 87607700 39245354 1196865198 -1987190073
-1941690593 409320111 -1077715679 -294095847 955974022
-1303842299 -159572742 -1046169742 678630842 -25387724
622892306 -1418325952 -452177491 -1056577699 1005014056
1330181675 363738725 -259368093 -1714034644 -1658347983
-237702526 363815764 -1335760197 368215266 -2063802021
-2089544445 865097436 -1200894587 1276865942 744589540
-614982463 1083136895 -220764717 -1260994957 847325860
958513883 1934102846 903832736 1532731934 -1266936586
11111917 -1403012836 1754071067 1383555431 -1917865579
-522161836 -1481300959 1557865509 606379384 182492042
1210175606 1314107244 -1854753495 350172420 -1276406082
-921026941 1081661987 447979 -620128580 -1662451624
980819461 381059493 2106282302 1374150547 -882578134
-1209212740 496881978 738258676 897357125 -1741762590
-1940815739 300471121 -825849482 1223525543 1214425312
-521624191 691090180 922392159 85564916 -1018545191
-527801778 1935598356 -1507362833 -1170729646 2017722630
-332061886 -1298185901 -438359848 -2000165516 -1119842862
-470025377 1280327974 -943464427 -1022865411 -635464893
-1374154872 -1272295592 1534418211 -1573452000 706337323
1689067300 1803239456 1819321638 -1256489608 1890169078
-1920921685 1863790113 789076921 1363327635 363261265
-1166929626 -1021018879 -68977916 -805897019 1164708932
-1335070808 1717176137 -1105099282 2076997563 -1116340570
1829205059 -1369059831 -2047431506 276106254 -87863087
1537477129 1536912860 -1038029308 -543107101 -15037303
1175568280 -1451522802 1568149002 1738380752 -280826143
1610850278 1882816487 -1656055528 1223892606 620738509
-2022711142 2074347357 878830904 971571732 1401313162
1932559041 1328608264 -279093820 1220105090 1418406162
-1815071031 1296325166 -1440669989 -1965511578 1278996158
-427916416 -1298860836 1723005143 848698211 -1000543889
-2132922708 -835278015 -1728825337 171716628 768888223
1548548597 -670074481 1288315036 -1493448015 -121398702
-551799785 -1738868847 -2031500108 -1993173169 -1732987574
-1509504362 -1935913330 -1155676123 1426335707 -261489428
1301736256 1615393615 1311611127 -1143625496 -625041530
-2023458235 -1378645513 1208719263 2052107860 844310250
-1135514813 731835425 -73238316 -998285423 -461994454
1178624125 -1561263679 -1597084253 -637489144 1922051541
-1621526036 806888693 28930282 1188567715 -1210361370
1444937156 -571573999 2118317018 -912842823 849165705
1424118855 844168474 1058422859 -1014905465 -649861757
-1460754233 -1451341313 -1071208133 133623081 834317347
1984455226 1616048209 -54098721 -2126235826 -790553924
-1320684757 -756927984 1911432605 1555326336 661670886
-1838159331 -1675438021 187998840 2013500630 -2009960577
-1687246705 1041446250 -904112052 249438978 722373568
1520825351 -1177705860 -225689689 668243746 94997674
1263377445 2024123909 -840137056 -1029807924 -249756229
-1052007273 667883092 -102490073 1909004996 -1941496279
-1239122197 765633772 -805707760 -1512647540 -1057543831
-1870011200 986107205 1200799592 68928976 1645926018
-1782980828 984981095 2095238279 -272073236 -1471151630
1072518773 -1493424019 -1937386884 1334681478 1704534327
1666160485 1920034052 -1149122884 -1918756473 1929765839
1250177415 -57768979 1833837853 1290026508 1863396880
-2041670135 -406110044 -770867639 -1887989158 -602000193
1006705912 465299451 1797894591 -892885240 2091921810
-994255439 -2007602950 1093727615 -1714017872 -1069205458
114822577 -1768499926 -1175194695 -1433657521 1620204473
-109284179 -1780847563 -1603161715 887769142 695943450
-1031985602 2013842468 -555603485 -35079883 -1223083409
-1434426950 -1160633345 -660937274 671014278 -755131540
-1306042922 360202572 562491953 -1503701036 -769870581
-380632394 1003408595 -2057300657 506049531 -1694411878
238730110 111134698 -1715324242 428563525 -1946584736
-1189719012 -1082619927 -743369341 -1971070892 -435349478
-1492663596 -11874363 -1471969986 -104597658 -311807377
863050207 1008217632 922168777 -45328432 1443194673
-142131391 1967621927 566538278 42142934 564477976
-1009634277 1852103869 -1957426792 -1260790717 1199730385
-2097784158 -1682158703 -401622274 -395252630 1272140974
-1260896388 969953893 -1607439648 1881237453 1563341106
-1136396313 -78030671 2039247871 976596364 370968478
1283989108 22139451 839916298 -1519443252 372686090
-453358126 1127578009 707233433 782412776 -1307253653
-291249370 -282618521 2069040681 -1181122801 1031500931
826728318 -1575626542 -1065381184 -244901500 1706939139
133010910 886523863 -102062820 -732680609 1096220507
789304431 1722950718 -1457167248 -210048157 -1903325042
651399558 -1478224605 -1915339481 2145855190 -1154619834
-701892134 218797092 1835620906 -1753221822 -1117555178
225403400 928691486 1235498177 1697139952 -295960190
-434095689 -1098507251 1917943328 1002136483 781224073
-715504856 16152975 -1682673934 11090130 1170484867
428103772 1901628539 1949849073 -411225485 -1292249101
198785898 263801184 1292152518 -2035261510 1515971125
1663911468 1915664125 -436154436 80805294 -1229913487
-2073379391 -141853860 1124576135 -1217076449 695337411
336728686 -1224656946 -752377629 876376123 254722352
-1383291349 489687954 -482118024 -1979605086 2047894714
-819342866 -2101009809 1769342124 -230684102 1196871787
486934191 -1462449780 1959435976 1296434101 -729374054
-875715748 643855709 1677776178 516353111 120295706
412029887 -1053133022 120233296 1465626567 1604672289
-819498023 -1923159108 -977439703 265664162 2113891540
558541701 1654216196 -1334941503 1905827008 -1224991877
-598859657 -2007999386 1756268243 1865218651 -1971638285
-1280307666 886045037 1065114751 1368848153 -639065934
1110688 614777550 1440848906 1336089655 -1465453048
-837339639 1719758119 -1884111959 -881103332 -412275161
1195875733 -394001019 2127513785 8237328 -1370684461
42867689 417045854 988705990 1670872527 1379698828
-10402692 1856789210 -1852615603 -572107200 -1736044101
-1030564261 -86054218 -1652213718 -1573139841 -1682983595
1103030703 -1513441165 -792351099 504253639 -1248698250
1840387130 -1775987563 -295874361 -1008068567 2018895272
27821393 912298415 -318345056 -78281179 -333876934
-1388468299 85899724 2064879011 -1989435824 2044283900
1465534317 -1745043625 1220039979 -278483197 1990629193
-165787680 473593792 159579965 -352271291 -1780511696
1388716257 713022521 938630492 -398260150 488443992
646481377 -1415141214 1744879868 -295087190 -988341658
-743174105 -910263036 685558977 830587387 974280501
1070617263 -1920961325 155858087 -212055943 -146633443
1778132117 -119071663 746001578 -627035802 -1407564753
-1120248305 318662448 1075309673 -1424079916 -1624209783
1912444831 -813784560 -1346928464 188343455 1668919593
191445642 -1868454773 1943505298 -1105607692 -811912181
-176721276 -417897923 489760745 1205426355 -780129282
1681934150
