10403 252 -310607779 -1937413416 1252448658
-222315948 -205015830 37247990 221816556 2019566866
480321220 -374079491 887798653 227685165 -844406213
40381317 -2045204095 1716480557 516485579 1427145670
-52863244 493346682 -1761716612 330866300 87918598
-358817224 -502876542 -910368933 -2127845113 -28040989
1001937629 835316347 -750859981 -328102117 662535481
-1016188300 -1554428946 172932912 2123002710 314209714
-1677769336 -1810895690 1284461712 1818070169 666831001
-1724478239 -1440193257 1078926441 909484341 -639352031
1143027799 -1454166590 2033295456 1558408230 1197334552
-264843528 -2125872526 -1873487364 -103644850 -422169241
359992243 413420119 -520311831 577597407 -1703287033
60669775 913210629 1228193024 2096001834 -348636548
636769090 1180784606 33864996 729202378 1495891260
447270949 133575333 1007992485 -1260150285 -1311175811
-1063077255 661980757 728540915 -1132525410 168865244
-1425625118 1671693188 -1098188124 -171472082 -1358820720
1756807258 1444813619 -615347233 -2069868981 -566494395
637908355 1393600491 1639839395 1897482913 58743196
-1202889114 -1420795912 642847214 -868041734 -371738048
1740745966 -2103613624 1301251841 885957313 1486546169
-494674545 1900418433 -16751763 81209033 1974167519
-646400806 -1457046975 -1401907049 983474052 161355222
734492489 1434594655 527813784 74121511 -1573701346
-2059567758 300664161 2079073061 -1898001632 -1653442984
229523799 -2100442644 1181634067 -590873835 -245263066
-1031842040 -1606867177 1291672625 866896466 -881422435
-1175884784 341208696 -846915357 300517967 100976614
-422884438 1033994361 -1524890518 519534173 1495837571
-1989493704 -2064480150 -1170552171 -356995789 -1771195812
-68679485 33004274 -1056535538 211934829 1903876921
-2061755508 -1048922476 1850261379 1824922800 1070521311
168747233 -362558678 899569020 515061795 780946821
-1550076970 1442493577 1108498724 1454323076 -1982100993
-287842989 -899971262 236154486 -741737963 1736784542
929649241 -1896015153 1026962476 1908929182 1969866161
-1138144537 -832795104 -712092625 -1988761162 1207391210
1439811817 -14198003 -1403094776 697582960 -1438632945
1307352692 -1525405077 -113975779 -1684634066 -877820416
1152239103 481379177 13834666 2010418757 1713636808
728861584 1701119435 253512311 1903008350 -1463093358
-1742475775 -661371406 377235797 -980466149 -341653760
1627466802 379970525 -1522381829 121854852 1903872267
1703443370 -1719752442 725614453 -572592255 -743492332
-1204909460 -363519269 1904845810 1121755929 -1740883200
-468786048 1726886327 -101505298 309074357 -223930216
-676130412 -763232225 152145952 -1388754168 1614744915
2056995270 991796111 -1152570228 1959473290 -463518019
748214312 717446088 -48122309 330694138 425194905
-461606604 -706245784 1625441663 -1673411888 -1598135128
-322679209 -1347289318 -1545457241 -615335136 1938926906
1203764049 729606456 -113145288 -840270569 223943350
-1466952459 -1667744208 1786970044 58961527 1999409120
1165087464 1880485427 -149245082 914714759 -1963892236
-26945758 889681821 1701918096 -323293312 1220879123
2105192634 -2028755231 487957364 2068568744 911202455
526368987 1164389259 1306710701 1248427017 -1894816759
751502410 1159237901 -1978162043 -1620519371 -472086327
1016919375 -1897946209 1105596005 716517088 -1809554935
-1180991379 -1709018953 -606482497 1892902445 172233665
-1690429435 -470705622 434268553 -1952885691 -619468855
129708453 1048961695 -1144333001 62658077 -1075142400
1966653897 977490545 -2054515293 -1849972301 -1023925283
-1625815111 -508064535 1833253794 -999211219 -1931710091
-2063055723 -674650519 -32460281 -983286657 1430886733
-1867265888 1205313193 -734338003 748552479 -1466501497
351504821 1268151849 -2047429547 1603011258 693856889
-298173139 -357339543 468498869 -1600328906 -1954828266
946245913 1611652574 -796986702 -1131416150 -1341657259
-202294621 -517000280 -415230524 1533498473 1263193304
1072131122 1630531274 -53882465 222184973 1833584078
-1355853458 -949386007 -1313173314 1786371154 -1555276994
-1822825711 1217097263 -366764128 885302260 -817614579
554340480 -550696674 1264662178 -1369662885 1087401881
758053558 204963118 -977063271 -1118126314 620496922
322191802 1995212861 709000779 1747257496 -263267724
1816044553 1222765984 189808082 1707579802 -420615361
-2004169171 1862271478 2046464494 -276967439 1338890078
-1214542158 -740269634 1236037961 -1061988825 739243784
870054604 -419538563 -1529469680 1620298350 -123391366
2070268155 -1280986007 961377270 -449747802 1223657721
1914137262 -135505118 1312422506 585666085 272440179
-1732371432 2051504228 1482105817 -169888120 229446994
-875073142 325117135 -962744787 -181091778 -1698916114
-1867773671 -1943785042 -1145900734 -457195202 -112309711
-456516689 1508728688 1174659332 1617903821 31007888
-1297722402 1354521234 1252508843 1989528281 760275398
-511741954 -1663834647 656342374 -1898928854 1170751754
-1948895987 -965291205 1490323320 -460796252 1239063273
-714710576 532828962 368288074 689868543 1708579677
-98809402 -1113979746 324687521 1763919870 660803058
999559182 555458345 -1812741721 590889816 1095292444
1874698221 336736272 -453349186 767650186 567745403
655820505 185322518 1546092502 -45665895 -232038466
-481163694 1428477194 717423573 -1159178141 -1154824792
-1959653084 2020439913 -1551791240 606081074 -566848886
318195775 1801338797 -2108178386 1415879726 1921157321
-1568006946 -42271822 -1859747106 262608945 778463055
-253666592 351017940 -465811123 155324992 1825989310
1393324162 1917271579 -1485190087 -1505774250 586721102
383162105 1590137110 -1854251110 -2145202790 -444159395
245475051 -14325512 -1980279084 1115016233 105331488
-201670094 885043322 1024796575 101124557 2050409526
1614263470 -1072387599 1123963358 578363186 -653722050
1463773705 -1234434201 1872657512 885883212 -1784204963
31275280 -670112850 2055270906 -1509698693 1527554473
1652463862 2134115494 358053529 522158158 1807970626
-1396035478 -2123558875 2040408819 -685278120 232597220
-1060585383 -414290584 1307245106 1040976810 914241263
-436804563 73710622 947696846 -1530314951 -1769594482
1786693730 -1034201026 -196819791 1623436079 361616880
-582758556 -993865619 676037200 -1212672674 389469106
1717962603 1196177817 1141169830 809461534 1401392073
-2104064689 1362309331 -943134706 387457307 -1242489752
901714835 1754491290 -1941405199 -1977241275 1412458831
-11402790 1867777661 999111842 -238284343 2127290020
761404837 1359515055 46478371 184992498 -663775353
830771276 212552267 1709694266 1096350973 -1532782835
-506855365 434469762 36922113 -1185805074 -1466258527
1593750036 580780549 229237895 -1972652549 1249305182
-1751791981 358984928 -1279640173 -116276246 1423206561
775945693 874172719 -349719254 1680753229 28002178
-1691719951 253658212 -347442275 365141407 -678440237
671314738 62457807 -1205260236 1612682886 -2069077419
788899542
