10403 228 370815470 -1859285681 1668064645
847514349 327519030 -1801564547 1001192983 -1457946131
-857648855 1526186272 793731853 1009520070 -237128658
-921506099 -577642080 1167542717 -32904332 2058342231
-1400729049 -31180500 -1281566822 -1525849122 -932230835
-1187566221 188169992 269773389 -1713755700 1499087282
-583355064 1844296800 -2013061893 1979408580 -1909467412
-1062767177 -114961550 664099469 1525113685 -312162817
-21535568 1550570426 -649097826 -1863032254 385403253
1971301868 549474492 1029442833 -1264868795 1480574579
-257821369 -169590326 1539335060 1745091177 536645891
415002682 1998349361 -1517257815 -343632725 1066517082
-302672076 -951464555 -279219060 -97796083 -53383725
-1034507126 1202371184 310429547 -322897238 -180658707
-436155485 -406419320 -2136302416 -641189370 368880126
-2146941617 1089532318 -419918647 2004904867 -775723047
736528139 -1142970821 47577513 -1909697538 -1241145135
1765644286 -1971915276 505149254 -316171528 147503117
-1305017087 2105860749 816359850 1421922949 1615607592
-643382714 -1417210061 -1806037028 96626230 1187039350
1879494150 1662985010 -1577370177 897260808 -173175205
-581948103 1350546631 -654578046 1796866938 880426518
244978617 -344943496 270158574 -152419374 -1963130875
-2019831362 652977191 -1769239337 -486962009 -659954315
-520771415 470847041 -655151159 1935444981 -1269505278
-180943832 -1932393045 -1517838405 -859142003 -2016630850
-344907960 1581074871 -410118509 1050372147 933833628
-610245827 -1633594049 -1843201533 -6185957 242742521
-622351339 2112353324 -1697011785 228539506 -1584013032
688743661 -1669562284 -1745944427 -1592306725 -1673322251
-322475094 1638866204 1412672792 -2123199644 -279676931
-592246406 -1088679178 1006379039 2115369877 -1069886594
-2115359246 -184475646 -1832984437 -1778012248 -1362084616
40150967 1245319689 1934641071 381767641 11354444
563282125 1461225727 -1027651853 523749511 -820419580
811398249 -1016584414 -653164118 -159756976 -624786609
-1737268755 -1448171265 -270774362 -1425589750 1244226164
494591449 -996843135 -310057741 1579458231 -696856540
-1256774181 -951036641 903396762 -576653388 -1518043681
-1689599645 -128088086 -665420202 -1895764956 1294916908
-497783959 -1014672750 -44112500 1494164256 -1042797296
-501619740 1196591470 24948588 -233316608 1850343275
1515422708 1339198469 1397167179 703046429 -1919291568
-639740884 406379397 558978594 99125697 -727696220
-1299884293 -1844387714 -25339096 -29598559 -589249238
753498914 -959015451 1654851295 1752486432 -763256434
1875547587 -1725490369 -1174237778 -1675174526 -1218291626
-634050395 -2095321188 213722264 1155561590 -454310158
689162580 1506707441 796568434 560155008 2141073892
1916901153 -481324068 1044291686 -278499740 -1627066355
182155712 -654165611 -1249393956 -2020150123 1891916962
2108786015 1090505226 -230607747 -225962185 -335732232
247611371 -1532443740 -15622312 -1208462457 -1670691141
1115807432 -1062509304 895193443 -1199573162 1868657168
-1348975243 -1112606480 880869589 -479215874 115056073
-424936249 125914711 674319529 -362750903 -1392850368
91709586 -124566710 -1851403501 1538939615 -1399689489
1574619790 961952001 -1936755369 1589219596 -1019577001
1004157366 933048285 -1148659331 -2114755040 -870788558
-1168387899 1254081264 598401268 -96491867 2004682395
1907604264 -569496677 -1156074737 1971167294 475475357
641131755 2105378920 1339644459 1707902801 -650690581
-397932598 1739461337 -118606811 -1397803293 824784555
-1130030409 -93020495 -1998145518 -1520674726 -1349908505
-532362003 -536816165 1737612151 282983523 -604493118
-1999408949 1073028883 1193102660 249172018 -729565819
-1837787684 1862033660 1705867814 889186885 -772369996
1661415379 -1461593448 -441170385 -37015679 -200026114
220338377 -263938596 -304444167 -434259618 1471211815
506447441 -1309542587 -1636729742 1007847823 1190018869
1734214749 -1966550793 -1832811151 589559009 1071868868
-1267266699 29364833 905580974 307156430 -1759139869
-100409330 772291764 -98188698 1758208432 829329664
902096879 1617195716 -128883601 176745674 1670479858
615959134 -2136877200 1982102654 -625967268 1718886964
287110737 -635387593 1311388328 -651919018 -1347848544
-1109032259 734150610 1191047530 1871932410 1005093366
828218089 4220485 1952595035 -1805502035 654703837
-1571137398 1503499765 753202498 1485081470 -35890168
-1802705919 25351197 2072201686 1694895214 -111360395
-1115868602 -996795134 254967809 1317228978 -529167336
298581688 -974482757 -1520852638 -1355821830 20055324
-926620522 -1689404426 -842656883 1172373939 1077664120
970365113 1309610900 -37768620 13781079 1081024977
831778131 -2094242250 -1779977309 646602431 1539642555
-1104543395 -1160344211 -1058861229 1312223172 -170680486
2072455140 -742913885 -144336054 -536073920 -1308760214
-193545998 1841969011 -745623197 1508753893 1566284613
368825830 916251708 1505507150 -1913314146 1984919091
879594093 -1843884903 1090357970 696947868 -554472612
-122709443 -2116512035 181047973 -880789426 -1627141487
1040600246 2107694018 -1477067475 103925626 111888359
1937048877 2078285719 -1451684980 1388441801 -1112368470
1376573401 16211504 -1309245249 2128519456 -1363524021
-498887103 -1281321154 937230700 663798005 -2120068942
301462516 -1619942071 1724593920 -2044654797 -1649128302
1419322265 -375183158 335420507 -1859148620 1091495918
-1564323980 1587048222 504999919 72475049 1026566978
-21194634 -260334760 645971213 -1002832254 1759386900
-1885317502 1214430200 97346251 1573043394 -136852365
1919195098 -1822482770 1806553223 128426117 112049679
-1590017144 -1439244784 -337580702 -1655835872 -992158285
-625514610 -457518038 -909576363 210282505 400499517
531601773 -1458777942 626374562 57154232 -686513739
1445661470 689974192 -639576168 1336977531 1643415445
1356163873 120697655 1766010352 -1898249129 813858321
-1967239502 -160557720 2140562627 -300802529 -1799379486
1470404726 -711237002 1122274009 1527562184 -1773697173
-1452054759 719896801 1112376164 796386335 -2056710762
-1054284040 -157975265 -667345495 -1847638722 -1634875565
-1141253520 827582404 1650288297 1044302301 -1985078951
-1173910017 752294038 -1141105970 1619698938 2116601072
1179620321 2145272373 408382946 -26061855 -1416004734
-1710993724 1163961273 -224590194 -1508633195 236228581
-1872849857 -1359602075 -537363997 -32604628 150568643
544287554 -65020777 228909678 1124705557 1688081242
-1902805159 127922528 1038403090 -2083646860 761506549
1425139425 -32560609 216766130 -1472097484 -1784651858
138314173 -697638656 2015709942 -1022167179 -910466120
1585541352 -395132998 -1844222849 1725720743 1423916412
-924036934 -1370776312 -1029163413 -846566505 852616019
1374162440 -2063549661 -581284296 -371821365 -239006253
1347897803 974015025 302564522 1909482201 1209957089
-969925893 -927420691 -1224762082 141168118 -1389297235
709158944 2048772517 1711492591 -557582873 1200493708
1846219929
