10403 480 902830760 1862257718 -1304885604
1860637021 -253109997 -1408315232 850159296 1603480822
1579431613 -488361624 -1268624501 1279892832 -414296261
575667410 864463375 -380174645 946762261 1107625574
1134856667 1122379217 484908695 -1589797698 1611333292
-1786610912 -380681683 560280857 794342188 2066437577
-44739993 1695400528 1003706711 -726809808 939960569
493407439 234949700 1543988675 -1066821554 104546024
-320804003 -464984450 -871844241 197416216 1590785032
1573384771 -1177368087 -1452726483 -1127472745 -326953502
-922225212 -120015288 6087437 -1693243804 -1541241464
8929688 1090501394 -2057781803 1547084179 577884646
-1148309448 -1294207281 995305536 1877537157 -514602531
-706342678 -1091266871 1116750338 1727087709 844907895
1710189194 -569665624 264822077 -1922349956 908319541
1612500385 -281151252 1961011382 -370470162 368549183
-1944271899 -956365538 -1296931274 749543479 -228208816
1282836879 791288726 -504943468 2143316074 -1146466303
-1142540299 -707325670 286320165 1922180885 1118016728
512711585 1766642711 691806679 -2014069380 438976530
-1650267397 -1573534403 1770322838 854462220 667741228
-729512704 496951407 35736470 -2076333016 1805497312
-283188830 -655435843 -341170845 938440285 941286458
-1387545954 -1607523990 -777801133 616067538 1305723077
-714930328 2002542590 1581804987 -1714910288 1615291975
-1323067639 496284119 -1627832762 -421422280 -1047753506
1272298087 -1928466819 1626465115 -1717313504 -2108351946
-156446180 -1644006224 -1076645317 686123943 -1845519485
1988021023 -1037224389 -771803831 -1603156714 -1210566909
736785599 -29782575 1507943126 821128293 1595532081
849261206 909379014 -713802262 1305255564 1100059351
1212767623 -1712919540 -97910965 -569588868 1075343558
-1896927205 866676244 844755192 792489628 1554642102
-14157749 261967773 2040451090 849417515 2037529265
1657311342 601579544 595398711 -712061093 -1603879087
-1001439040 853055820 257969401 -613875 -67496911
848429325 807052702 -57509984 156777821 -654051655
-1119952830 326716294 -1007687910 -1756410378 -157890568
839932575 1758218487 -129160893 1290433398 378718525
381207805 -419414718 1243132385 1941541215 725260294
-2034318002 -1439222593 1901983652 -1238057623 1974523351
-1572454974 -77191586 -1284836295 -1165572065 -541673263
1492112325 -1551787077 1232904699 -783565571 495515574
-764509462 1542285917 124594671 1517430528 -645154911
-612458126 462758920 1714425875 -770834182 1854333863
934784363 -1417870493 -13488987 -1936512823 -856367878
571554568 255861742 1843258465 29219436 1541889232
1288333982 -206396723 400466384 1580888605 -1769949864
1961953691 1738097706 1656322674 -989482730 105467141
-297132033 411716254 -1654174555 690238398 -1182989097
-1358705631 1700072949 729788788 138136548 -1055791226
1969835448 -921743355 -298454358 229507673 212930551
1729140074 -2054165039 -1164316739 -445990874 1640729064
1912297011 -806232131 -1382173620 1890765473 430717005
-176593672 -1142151968 1977386042 -696687280 1035530445
-1545320032 -1483165820 -2146691585 -528974537 693404398
-1254269521 -1972485279 -1107269583 242061756 -1217512137
909913221 2071150649 -1626682980 1954464738 1882896981
-102528125 -1535558897 -2019248713 -653309592 1760777798
459553279 1096619724 1274119423 -1555540794 1083305707
-1166216589 1622020075 -193465007 -612273305 -1564868080
106203101 -400654790 -1175128084 -1313065382 1436330919
814482635 1201690888 -1700723938 390696989 -1406565759
851208398 1998340595 -763218723 -1502739679 47827661
-256981947 -432160683 -1770807944 -1947502702 -986867713
923578511 -1699410584 924132939 152383982 988189629
1509592563 725226447 -720106865 273361965 -862837842
1927669402 -1370504417 -121995402 301877010 1842551138
329651062 4669601 38373177 -1795874231 2099956406
589001950 -831444424 -749711861 -522314735 -1351218055
1093260942 -1639726842 1710102171 -901176772 580668945
-1831108326 1404900744 -1986370353 -923882731 63341000
-428746067 898211268 1023029091 -1497040708 2047473471
-745678755 -313124650 -802796966 978073818 335756160
2000882674 -951203469 749934199 159866535 -1847240443
1124107434 489130743 1150789351 1523809398 -718726474
1945555818 -577482977 2077706620 1475037216 582515786
1619633133 691725221 718017964 -1197260421 2689828
2012676948 413777013 372326370 985831594 -2124678508
-1827029503 -1724387230 2134538885 1623703861 1236370537
338095532 1441328859 203017317 -163513848 949148965
1530860757 1761924279 1219313961 983915412 -276693396
2126050936 2124692835 -1691189643 1010048895 1988219993
267261354 -519861261 400108664 1972697590 -646170872
611606342 -390499677 1532050835 2048647024 -315951819
-1239046317 1633666412 -671895640 -1996838096 1563922170
1028054297 489907945 -391947768 -2087285237 -1686240965
805122459 -728478539 797166179 1105913948 -157354214
-330038979 1031516746 -1815780371 -1433688295 962547954
1848909587 1964659913 -1217909868 -1784552026 685254801
855963385 -1956772214 1203659915 1680744031 1526155429
-1963083020 -850076759 1674659232 2070458215 1016811223
-1162372112 221398050 -456625995 -23268944 505012529
-501364440 -875168829 1264800925 173169179 -676369982
510782036 1967007302 -519153946 1719204507 -772536263
995420177 300614708 1599618885 -1063231750 1457652173
-1053516460 1697569844 -2045527544 1939588628 1409022335
1846538692 -280245875 48855359 -1096729029 561392153
-1305621577 -1811830084 -94494965 -1663329385 -554154589
-373299549 40937856 448134763 -1153375967 -1072134857
-1883380313 2097948604 -236775813 -1530034944 -477478336
1529363919 655335365 -1499444889 1267199156 -1599191987
-419336585 1945534311 -1941077524 -266936563 1757787341
42347512 998846190 -274648744 231848901 -542238202
-1467178193 2113417331 -1426027256 -203032817 682057256
-2074387244 16401479 1959211848 -310052794 1569147131
-597935693 602044254 365710153 -1189737475 7515047
1674235672 -462337596 632854914 230030886 -1287630585
2142862159 -423719428 -1483563568 -1948227137 -1966657315
911589056 -328235083 1505037998 744350276 853254736
-464034547 -213943536 1343542170 2016410370 1872731137
901935953 -928062857 761544240 -1546395548 520092989
-1031566392 -2010040354 2010333719 1293721681 1271538172
490809025 1470351542 -1041842924 1888033114 1400559031
-615159939 -1373622824 167933453 -1664664886 -958355422
-1925326918 -620303282 1508360121 -160509663 -792433839
-1947914100 -1643463973 1479907637 20717014 416426127
2000665358 1793165206 633554708 903238377 -1556714916
956536530 983295830 1519104841 -1503672391 -177548242
-366102709 -1530104049 -179959223 1022071794 7902205
-1038624732 638034012 1354845406 191094963 1062913073
1096980040 -477759305 1027114391 956307658 -1824118853
1147956729 1943080781 428324212 487599639 1766716176
-954254964 -1991523494 -1308834233 909692606 1949065874
1520026761 581596420 1128435720 -142862553 -1384852259
2049952865
