10403 192 1650352495 -407397455 -1115003443
31667048 1667749333 870608994 1267955380 -1310648117
161866866 1171047228 -1933766897 -429655592 -864028349
-1507251012 1970954950 1279241862 -958837131 1197793595
-1555299049 -857585688 771723096 885978822 1039653803
-345669647 434234761 -156160518 184110309 -1599415039
-1936312809 -145871137 2029186003 1057129313 677725968
-618940823 -1897806827 408095734 -859159284 -158603342
544790933 1247699869 1134893760 861080317 -1431272285
-57016025 1043814902 2085816327 1750162384 847698775
1058868896 -737790089 -1249241934 -339077680 -1926634505
-492674752 238234999 1975016325 -255181062 1502853783
238092326 -827542983 2136552062 558870868 811717779
-1189661280 885961971 -1599308509 273045006 -1658471678
-1289143545 30761645 1038674635 -1750713279 -1931682749
279374578 -714338915 2063031192 128923944 -265595892
899536437 -1355054155 1637842179 -861921948 860083714
-629803106 -70517819 -309619781 -367585013 1443353398
1062042648 -431339318 1101395261 -1704309005 105155593
-1307292943 680569547 -106724397 806545380 898992137
-1775142222 -1825054903 -2001937819 730261825 -355342379
-219477478 260274731 1113443714 271472927 -1265702707
-1385205779 237006507 -491033363 1872269715 -1519458973
2076258249 -1460609283 -244633275 -228582958 1047226254
-147696627 -617804252 1249618026 -971644647 -941658364
-416671320 1225398300 -1436562896 1948904162 522469182
-1688569578 -446580293 -2056906039 -1113536280 -1037341969
658915038 1746602121 -1610377694 -2109168016 -551312860
-2066160026 1579837741 785261663 -295980478 -979642058
517195049 -1928929687 -289977251 -1247326257 -1609854769
-1807804291 1476777862 1931257204 2048834974 -1241919716
1352015579 -1013133964 -1375121736 -1172959273 -1363548471
1287605328 -383185424 167145737 -1206353883 -610334299
-1901174077 474599026 -85309482 -1577124131 -1586526614
-1336875471 -1856550750 -596953058 -1500916463 -445733942
1258650090 1933666339 -476079197 2059467523 -1354553649
1843883852 -97280096 -605492616 312150334 1947434247
-1238341774 -1223438253 1472373346 -1837672063 188580905
175476118 1261209886 -609017435 1043709047 -1610065015
-666906275 620700462 2087005992 913389282 -1878207124
-1703809450 -127269924 1036068838 -1504084846 -1830415195
1976251258 1377470404 415729284 522381501 -1276209718
1975085987 1699039327 -691722042 1966835175 943700420
-369356703 1643487656 -1514111544 2108086967 -2076916011
-1848755472 2062310129 900782647 -239403522 -1815247472
1281287146 1582126984 -1762713011 277201484 2010532752
192544544 1238009545 1096616801 -549356579 -620285863
-33688591 -1025773309 -1727132677 -979391950 1557424039
-664637901 2021163866 -797465150 839152986 870224446
-647989517 1262502704 390477423 -2020268439 -56258883
1233500949 -1007243773 1874890962 2052676192 1537072159
577965100 354800434 1118933266 -2073829753 -2061417567
-118238820 -1668621388 -1780750893 -1194303770 -1045476467
-487645050 908145348 1032821267 338658405 1753634496
-94285532 -1845553670 1636264933 -1001324836 1869136200
207062801 -828336582 685006757 1212036654 -1134644154
1184358066 -1894099894 1571793767 670991889 -77177170
-2146152610 -330467193 -138488978 1926014834 1194409936
-1201410989 -208063866 272664209 1222279240 1334022747
-1386925523 -663055784 -1096838313 -1679352943 89823303
-2036352393 412202948 -1814086011 658094624 -433155312
527580116 1159661920 -264840415 -2134645565 -134829494
635384883 325456680 -1268331627 -1660448291 1769574127
42956032 -1541148041 1485461476 1672961966 -679102900
-498211713 -402845098 -1925016927 20269836 -1786030666
-978673200 -110557824 -1234937408 582471626 -297760841
-77469069 635388398 1677876161 -1996925341 -714357229
1963251038 310042935 -484829828 -2135974193 590781727
-2006986347 -409179840 -1548554897 1364391360 -479762140
1914011604 -389037921 -251228537 524405953 -587457678
1443472083 996094287 983780871 -758422728 -1215731175
195495103 -568333894 1453693689 -635449071 425667658
865444249 1634388475 1766956536 1786207923 -1123399415
-38581142 1534634914 1477874933 -74710133 -682881881
-1239117590 -792990312 -1015710707 -1465902282 -1317237974
-486791370 -2030168735 -656991780 1965538972 1548680706
1633627666 581011183 1945654552 1311345973 1937211282
493545688 -1225994953 271300405 455847591 221944209
1397595433 1064251769 952999840 407828878 1067049186
-1758199759 -747140825 -1408223453 845973303 -478497213
-113946218 -1679474781 -247460492 1013154404 -1122776465
-48103585 -2058199642 -663695790 -1305730175 -1333744804
-744514533 722997801 1999265302 -766362227 1689800331
-1191093404 1245421383 1756227116 -2085645927 -796319485
140302073 1255947947 887991647 -824222264 1520123497
1325714031 -679035672 1854142169 -1705189356 1379292227
1968456200 -141036441 1524967208 -1992207759 1245510982
632235949 -308284150 -258810351 1404974531 565436541
-588457944 -1325151407 1381745032 789247543 -1191753996
1734185046 -652110836 -906789682 -1017064969 2020497
907803706 2113380641 -457167606 -1333182320 -858080291
-1515377169 95869165 509157022 96884821 -1503906377
42108278 -1338532607 -765102403 974993164 -853980939
879207423 -860522130 933365049 -1985175431 -224915687
1042837695 -1839579903 -565926312 243560281 -769856876
-1691849618 1303348395 2056036743 -1543838302 -922314399
-522428197 -483450426 -1737826390 -740801179 -1759729705
-311768547 34040051 -1357265771 -718312974 -597782275
-437781450 2126418945 2121339801 -777087546 -799818010
853210881 282224879 -517622930 603110403 -1326999957
358900495 983352401 1491142743 1923554329 1352907357
1066149079 1547195299 -1076405751 -2067467497 -785216999
-1439783644 1794640134 -2087314591 1777333320 -1004735371
2013192488 420486212 521332956 -223064026 1040867995
645622444 1020793108 1630408178 218075317 -1544444956
-1346308479 -1589242891 913172743 1786494648 795385655
-951830728 -744262956 548595966 1576967994 2097360657
567987778 492481466 -1029691031 -1017921404 542995673
481391509 1688715949 -1845711448 -401437459 453570426
1081135028 1869175944 1331287778 -1611550593 -645173502
1662761537 1033409543 -1332420648 -789685227 102547424
114578155 899563803 378606037 1143862533 1209173231
1787760698 -1770009765 -2141851535 2059457479 1065173758
-751713903 1513885782 -793434504 -697355973 -614300810
526714375 1063616868 -1599226438 -310806942 -1533899240
342486854 1316464676 -1532079489 382635128 1648312681
1349954566 -206433841 2021814563 -1272680673 657900363
481894725 1275562262 -155568161 572439568 -458742190
-2047507547 -1200296817 917946566 -1591022790 1305070650
-1316218240 -854723464 -469871645 -927866148 -436815173
-445127992 1712920904 -1296670986 -794241553 -1823957604
1143702363 -2110928548 1945100612 -674530099 -630050447
-1583484058 -211215240 925309204 1801615601 -1331682886
-1997825759 -202919996 278695336 41734454 -329834461
951273300 69735609 -1845254480 -68306895 -935348611
-1706358945
