10403 480 29134298 1560858852 -2008888085
573576503 -1179151826 864785391 960709512 735558966
994030738 1193397001 -937498778 539983336 -1070404412
-1527843002 1434700448 -241685894 2098634222 2042527102
-640005647 1280808187 -1514957584 1984920293 -1249587087
1099004139 -132407768 1766654647 1833406593 756085198
1350137492 341762299 -285767715 1064964809 70952502
2133822979 -549761407 744268413 466339262 -1390075581
1773954626 -567217960 -316278731 -1628585788 -1633746245
-149030564 1378747455 -1256235385 577242002 670044506
864910883 -1149685998 2010710127 -1119093081 1635449036
-1141559381 -1284251574 1394945367 -364981939 -1315194774
-1867520507 -288606469 637443098 -1529583527 -664053247
782275437 -406084725 -803505155 705814842 1017894429
-1109879625 621421671 320153657 -2063405676 1108313348
1008906853 -1375214795 -738508446 989602970 607037793
476657930 2106405665 -2018834237 1404925648 -468978680
2060169885 -1267780359 85008004 -723313470 720580994
968401509 1383758946 -1196551139 -2084517977 162334098
-1292455092 -721164525 248487031 -180710694 -1254420051
376985551 -423532932 1019217128 -1208793686 -2049659780
1142497153 -1150147548 1336890363 1264558705 -1682051201
-1077839278 1281234415 972156025 -2047576846 -1966829065
1424509157 -2017950049 -1515214276 1843435520 1676154052
-2028316478 1585448527 1264125022 188142965 247521538
-835282268 559844941 -641601752 -2100704440 -1000127304
883182308 90772738 10868377 -66520634 -113339254
-1563189550 914091508 896954853 -453789337 -147369114
1215478432 -157892709 1346296607 675349264 -125929737
801567262 -1262914754 -331611139 966338909 1190453410
470175098 418059941 -1510884323 1616018279 -1736615970
750885267 -1317302064 518049302 1764800019 1384151369
2060837816 1125433504 1730307289 1019759932 1953965880
-1095676621 474120089 522874451 -722812335 1036480324
1028558873 1360285188 846741432 224013299 -1227977033
493242527 -653359627 -1197098755 -641818190 -695504839
346221621 -119255821 1211511592 -347679581 877136103
1816738647 587407076 521987976 -625723985 1833897938
816002860 1417163478 -410539848 1741263545 438201737
77052060 -321838555 537155641 149982744 -1326881881
878767949 -1091669947 -1758379863 -865262191 -1420577183
651573729 906056122 786887332 -1328238495 -1625307325
712230043 -248596685 1553771785 433137959 978090684
1672826858 601811944 -72821987 -1892720002 172235964
-1867070293 -1192930562 1813014584 2114087919 309229234
1618739711 2140445456 874733684 569078312 948209647
1931385244 -1891612492 1323823243 209636426 -118299857
1738575392 -120993927 201878333 -1243285957 1173605646
-1399815109 -334449036 33523631 -1832647873 2024506468
1744930341 1057623690 -123044424 1112302443 -915960706
2110452707 1927553244 -1214686620 -1653421696 443811138
-1869324357 1282987388 2080569176 1102810486 -1588414146
-1281467868 1048821261 989536750 -1721644536 81507715
-85790654 605103372 2144720801 1621800880 -1996154867
486371070 432229661 2079092989 1631338136 552598814
-567307333 -1954903562 1124001779 -735003388 56710165
-1735832356 1295473914 1590167135 -578848002 1320443862
885714846 -1634767284 -1849289201 -456526543 -539089340
109013757 -1651074361 -1433051866 -1774647054 -1068982859
591927392 -499658877 -572048785 -1687606184 488538826
399590797 1778327330 1490029756 280928280 -1966496101
1817858987 -1621004426 1866013141 1644965134 1633246644
-1363023895 1667055590 2032400471 -1708960745 -1169594706
-1235808830 1888638482 -338895389 1476467651 -2027021075
-64002206 -1102157225 1116077345 -181380172 -1629617254
-835171250 -2108564455 909972238 1838315225 1977036353
67377007 -1311218585 -1977831072 -320384956 1088096909
-1913166045 -1032012745 -645117531 -107750429 772704867
-1999502870 668747640 -1185717119 1070941151 -512143332
698903329 -1590566352 -1824216118 1494238990 -1516588901
908021039 219451060 -1937389588 -1460387879 400673572
-1164217680 1589156995 32623987 619705674 1596118943
2022299424 -579824608 636700747 804101973 -1080270952
-2074436571 -1746517471 -1960150191 -1081650568 994158386
-1551688205 -1077642750 670330457 214405349 46259812
-680821093 264906912 857099976 -1656060641 -613868279
1769899885 187474188 1766105012 -2014348460 393950379
-523851430 -618560650 1563995659 -930038767 863241269
1753250164 55357219 2126377540 1345060888 -1660823940
-1547198244 -36230747 551795349 -1472872504 441850650
52950666 646808442 -667530402 -1139120586 1686073391
1342173567 -343860806 930682342 -1768615133 -1564618452
318527507 343017603 -1903470557 -98034798 -1556797874
1000311961 861373759 523517126 -1771337481 -1370156087
1168910132 148895164 -1953956309 2124455150 -1950860771
-121751459 1920304854 63268312 -1436801825 -2051663656
987529318 -53351926 1922178577 -664507563 -1986916104
-42806701 1461856208 -63356866 -919345613 2068794604
1562527481 -1255431383 -1814742620 68285936 1748357772
867273165 -1085063879 141375631 -729840568 1795733445
-1489733945 -705569749 1538991190 137559457 1434834533
1777584480 -1475739364 901569106 1427912976 -1703097446
958345266 -1871635110 -880915767 -1357906840 1295522513
-179959019 -1971328433 1167968487 10683266 577095604
1975319715 -71960875 380850562 2044334646 -875068050
690124704 -309897786 -1873933025 -1772076798 -1209326710
-934391345 -1149165251 1285992445 222374645 2006813435
1822864205 576172694 1094706171 803767724 -1267687665
-1243587529 634577729 869120935 -1712458866 726293716
-784962091 352638464 -1839592624 1605954353 235280107
427825473 -2102013137 -1586473933 -2131065800 -17885146
694663906 -487331622 1164813748 -2083237178 1344620412
-1962271685 -1844094841 -2041912825 -63873527 -746253161
877617640 525056064 -116474941 -302327472 -1578524427
1268615234 -126167102 -619150437 1062620953 -255504792
-1040584498 -200834548 635211533 1351975099 436456587
-1739191580 1697988332 -795472404 -1359923334 -218298076
-1711396338 1159688684 -1383216040 1858903539 308951613
-1898181034 899191611 2002093589 2092095051 -362889569
-1889264539 1574671704 -275143494 -1830253481 2045390111
1310923117 665702152 -620824126 579677097 2115589546
1582752532 -414065585 -897361958 -836626141 1302979446
593076660 -551653332 -551811262 -1286484400 -209852307
1989593583 2023661308 -152302656 -1533091337 -1030420969
-1563089146 -1491814105 1228114059 -379896966 -332674343
703131693 -220261643 297192311 -995603679 1076528770
266670524 539201420 1953814213 1134124181 -362488376
-244234842 -534912781 773753950 424788300 1408799967
-1980074872 512763907 172210672 -2087438024 -1051426439
606577523 -1349969621 1065811114 -103170896 -1032386955
913145757 -1015654129 -1334921980 -414641299 -1311266243
140690631 2005505112 -1980078262 -1213766451 -1113857879
-799896494 260764706 -803362169 113488374 777405156
1348584416 505019606 1237284621 476186250 -207962797
-113306116 858395692 1537920424 -1203102763 697488885
-387188443
