10403 204 1757589517 1438896219 1155311787
116409754 -574306733 615203788 -1672507759 982682352
-937278990 562089379 522454015 -265666943 1724677199
-1559305379 -1105062478 2134846658 -578170931 -1052317096
-2102546750 1495016346 317296702 -861079254 1186938960
-797168601 -1215767738 1462239325 -762895996 -1806968887
-1240084125 -750792346 -1892798664 2089864338 719520423
-1946717453 718157017 92726815 1540123346 311526699
-1111795522 1967785770 354527844 -946929277 203633354
1239162640 173249225 -183887922 -1048913525 859883237
974105143 1147839830 1945773751 1851351651 -1920553280
-1471410078 1077982533 1942564891 1640934811 1264193624
1566174008 1906081084 -491382978 -1810562277 449530322
-894675276 -1031199837 -1949112321 -1315321360 -352351426
-1038760709 1049358200 -1034003640 -1463958850 715916614
1470462371 -1914423730 1667945916 -1608585017 1401574931
-500411198 1581467448 -1700633235 -1768733906 -1656888523
382035617 -568172777 2006788754 2142217133 -561291967
-103584138 470136188 -1906773281 -828734494 -592905605
-364149173 -1911228052 708783631 -1396690247 1885461755
876802898 -734555454 -1385544969 -776282072 1694480621
-1701135813 735729604 1931526066 -1157145469 879978259
-564615330 -717171113 -5637030 113334099 -1485357835
62231961 -1631199555 -5548623 -353117432 1082045473
-229293987 -1239859837 934433936 1275165343 1404807588
109143442 -2072258695 -1634110708 322124030 1921596563
-1621804556 605339585 -154699049 -1855267972 1119261737
-1446084989 1040962497 1919408944 -1986538795 1642071203
1008169167 -815211316 -796386990 -1179019371 -412695992
1282655054 -41364342 1290407076 369215069 -2131310390
-1460759769 -1144613966 -1640725791 1432047953 1594516345
1037266898 -87529203 799822924 -1709513664 1814171247
-1048802609 -1327668128 891949860 287804829 -1478188751
-1539124167 1590870249 972123313 -1705841054 -861826304
1075442222 507708979 -662185095 -1210964419 1875956878
-28546446 -1836663047 1942247531 -736568774 690937022
-1065679154 887587526 824020575 -343814557 -1876283565
-2035890675 1812254930 -612805263 2143981299 1032587309
-162853662 -223490567 -1150278540 -1007415411 46608750
67864835 -1355167650 -1908730454 940973694 1078999761
-204354250 410196577 945335532 -402635214 -548967174
-1593740580 -852214751 198839507 -1077657246 -1473676583
1673246949 1501384241 2084203650 1453047395 1457610791
-954459721 1635305928 -740127010 -329251671 150123855
-529119 2002034786 1260887842 1144294069 745108532
-597641278 916112983 1941208476 1196147806 -2043721165
-1067913957 433974908 1222847323 -2039092616 -793155775
-574457505 2093750460 -363692599 334835418 1269688149
1170591142 1903241718 -1279309923 -2115171008 -552118387
-332528093 -1638286741 -1256285712 -1885934781 1468280030
2032489791 477929790 180348594 -806685417 -252153299
-218577791 878968104 1448700455 -1497284198 1363640338
1858383168 1433128203 1224993775 -34396325 1690700155
2073679958 -785056443 -1585143019 49987106 -1679476735
-1722253829 -815070593 2020327535 -801706766 1599560050
464703103 -1102000018 -1774750516 303546486 826382078
1376830406 1549596566 1553567186 -822005011 488920412
-462618172 -736814548 839197630 -922094776 -1084552219
382936106 -1643670093 -1974082140 -1534768454 1341636418
-725211000 -81069244 1711449974 -599925526 -91781412
515008428 -298882018 756787644 449253471 -377940202
-1633667853 -311538727 1237493685 -338663406 -293181816
2085419677 943868408 -644199153 532575389 -255387882
-1684186070 -1695022776 -1417854373 -758643120 1735533686
663902672 912828191 2066598053 -1545016307 -144824651
1781665263 1408203353 858782539 1736374495 -464484327
-1497051050 1445529086 435027910 52502302 -1683253116
-1351110193 -543034149 968196161 -1354154584 540033249
1055070653 1217579606 1891322166 1813322481 1773405766
1795395701 256248344 894743621 208048838 -1659509151
-798121413 -2083267645 -837275843 -1685429605 497698409
-891584239 1752446020 -1770892525 -1232151313 -1949922608
-965819098 2141484314 -576164261 649894721 -242411496
-1180308553 -994048437 2035484330 -23043275 -1026327427
-1175880659 -1670054793 1630272736 -1900886640 -580073645
-1575414247 -404500066 -2072194164 -334354206 1506734944
12209848 2088016844 169531951 -415487498 -1375065625
53635005 -820272995 1380263622 2052532945 604454753
-454953032 -1315513456 -2013228666 1614606061 -356536722
1134245043 -245352469 1922757657 -1142565418 -2043067814
-711382852 -1321130927 -653409621 -1564706571 992061239
1877287864 2072120335 -1746083661 1954447432 360709140
-1507388520 1874957898 2103375371 1276722286 1587194354
1489831737 55824647 791320598 1267920334 984703490
-1033749354 -784574368 -834267517 466875100 136750555
-59381737 -1188491865 -1798653228 580572620 1167802142
1490350780 -1527406241 -788044164 -1781870700 1910591658
1344924164 417764023 -1773803320 -287820980 1992787569
1305857149 2050980736 -1041855496 -2091400690 1356659511
2086990394 1754034214 -349001873 1479349708 -1367809309
-1647283964 -268137031 -106910747 -535587904 750214087
2040244671 215819386 -2092953946 -2088698544 -397338350
579687788 -1006247289 766128612 1645565417 442279674
328106434 -899803179 984259894 -14370292 1536572514
-667072801 -2064001221 1726928518 -1635216846 -35299318
421955896 618772318 -482516871 1386645367 -100939871
-79994510 537906399 -93382949 1424264927 1194872221
-913476075 -951851206 -169546421 1274271914 1985849300
-2050037001 -1366366430 1501898519 -1520700465 -1504409516
1724638174 735675 -1212603494 1837651097 22645634
-644258907 -1282866706 -2123780382 604946358 -2035657464
1192013694 1152507983 481704534 -1489360496 834813461
-1118021384 -523723223 992077087 1190280045 -1529192489
-577791203 -302919628 392636790 746943926 -515874773
-1340776606 1661457550 706137194 1389889617 -681532871
1185789358 -836366300 -2133371560 795272137 675581669
1643125483 263886248 815893283 -1489921752 571534222
-1055008471 385651515 1372235129 -1435944302 338382428
-742218702 -773728604 355344122 -1739814013 -873909977
814352384 -1838802307 1870527311 -534317975 651240861
-79618065 1601709374 -333063714 -835664342 -148599445
823489684 -106003074 -696155605 1765631878 -1547532567
-1513713957 -1753207179 155592928 -1972549350 1958192931
1425136811 427738022 -186539096 -1768931973 -509824010
-1570331364 -1623160216 335851363 -768473690 627843556
-1419654062 -607676586 1759625326 -1315122578 1348083790
-666527189 56108384 -885225429 -1479716383 620892348
276953407 -843890295 -766636868 896817869 12557914
227142593 -1918911133 19144914 -1608665193 370392798
-895927064 315784861 1401944225 -1239719223 1163777213
-644412652 623930553 1574212365 662933736 -1400318840
2006631852 929289340 -312884222 -1650676230 -80097771
1664334897 -1492235342 -1563236850 1914449202 -397042844
-2029793928 2138632686 -1596657341 1040640921 -584915562
-1002784032 1085716550 -168657249 -1834533459 -594030966
378289423
