10403 264 -1649688073 -1775224051 232567167
1560967546 1823414252 -1951310014 -207064379 -82526790
1109054016 495207716 -1502646127 289339949 1834098546
716849118 -1903143407 -1195076229 -1068976043 -1861410704
1777617977 1132282548 909809410 -1683886296 -531896456
-1417484515 -886589356 520052098 632349725 2061054287
-1848997542 -237105983 168372795 846643584 -943055779
-1758022107 -183787643 1907538176 729333279 709347832
-1055016894 975403250 672935621 -1419432146 1257120151
-1220835885 1063222155 -343211875 1070055910 2002170282
1122781589 507392159 703657062 1672725441 -2040678304
370549269 -2008718908 -112682137 1822878736 1319019117
992182158 -1058921691 -204899322 -626917672 -672273815
-439557059 -1894168692 1200502535 1989990022 -1005120710
-1844851547 1830734636 624937070 1859769335 -1471369437
-884408580 1761412672 1259835391 456368221 -174242189
-794339584 1829752526 -1458190356 1504050124 -1883469892
409759135 1368041077 469502385 87979019 -653337720
-1835640286 -610444290 -1035065933 -2075390987 -1235258018
-378038234 -360709481 293621013 -1171208515 -1184716374
-1907188297 -172316347 -878337615 738169035 -444561697
-908777231 1036245660 1188900998 1219770598 723181437
1378067035 -881505891 1332441218 1253496035 -172397507
-1025262963 -1174198158 -1539156658 665638496 -613407207
1606543621 1246416916 -1881151332 207334148 934996111
-1437665970 -695545518 -1545951853 1783253868 1780743381
608622286 335515278 2076907909 -1027710710 19342446
725221612 -350843355 60346248 1570389506 -554258564
-1795452002 1825417813 478748739 2032406492 -416825259
1619879119 1544759031 -1506828890 479464472 -1788363228
1589201723 -1814708574 1715519323 1976565364 82816945
1689348693 965765641 717923167 -660949828 1182046823
-1078209567 1610891507 755078818 1163679269 1095188560
1871231685 837186436 -1109510148 -1318107848 1959485770
-1043906854 810218212 -344804384 1317007507 1967324823
-1537328588 536531962 118303688 88574387 732966425
-266402126 912539867 1664292231 -473688405 42753825
-867850668 1594683910 -1988678859 469231910 2032296831
1383915193 1785906546 2137026673 750623040 1133382790
1662501657 822252043 1672355922 -838285249 460713059
-499565710 45485031 -1288910936 -370287948 -798935786
-1464162900 1060855121 -849484121 791840250 -1665275345
-1942127043 115592297 -1218431158 277562692 -1728293923
1374411603 807869459 960982047 -1126085857 2095939562
1453532052 1230044094 -296116268 1968412292 1991926882
798606811 1832367066 -1417763441 -1683842037 -1408030312
-904462326 1004104807 1226287429 128351219 -822801625
-426311286 1974118581 1142287538 -897607215 -1298524428
-384524669 569101753 -1015369897 1760283217 2043077231
-435576338 1935983929 444206206 -722967684 -817405963
-1865233976 -1590298054 -777584448 -313737206 -796449382
-1206940951 -1114422215 -1405568545 -1681419988 -838382230
258304915 -607991661 -1097441340 -1917776256 -1341640145
633587910 -1497181965 701074431 -1110978943 -1085713854
1120359371 1257423817 -1067338002 -1676831276 1990477651
-1867168550 -1318834353 -616555694 -1854995778 1073182098
-739714208 756644330 584570651 754954827 -1216776579
-1177166560 -979558518 -859249601 -306379618 1913654755
-973423388 -668009312 2134218305 -1651251050 133423162
1677758226 292870058 -1664959731 -863571897 2055465349
-1984877652 -361753815 -1844757125 1535915889 1068939257
-1357887052 23865839 1696489249 2114718495 386450008
-1272913324 -2083611179 1470824654 1210391791 -141146954
873536182 -2031753870 1008430227 -2063510094 1479024202
-1696241598 1538842977 -97800082 -240825382 -449612986
-1701569958 -834168195 -410082325 -1338688718 483481235
-1001069239 -664714036 103674193 869347642 -1111623738
333026393 -246065864 1230090918 1151823706 316350327
-1722587519 -558102308 -62226698 -700487905 -1213084526
720980077 -457241012 1891402325 -729259753 -601587358
-128539257 1683123045 -990407334 -2117687124 -988546763
1839349860 1390895939 1941007640 -1843685220 -266293289
-980653234 1964566973 -730991761 -1830184073 -185481815
-1880425111 -1672599214 -1480628722 616612359 1223106800
1120636076 -1681450457 -2144575664 -1540377023 -1789442839
-874515929 -2000539371 988810627 -424965412 1452096443
-1414820864 895757181 -1433689044 759043951 -1358397136
1676199928 -349805058 337695446 1250806995 -476930850
1083605811 678313071 1611677528 -442046211 1695495168
79950907 1782953309 1662774108 -1510592861 1623669628
1225464115 -798167288 30305657 67003173 1099502509
-319905615 -1879083479 2084216485 -1153195077 1430591300
-1567568629 -696456601 1310958612 135061537 -346439532
-523205783 1044076693 -515374130 -589791009 719482832
-2114399353 1032806823 -117051618 472490659 -395488647
-1400521710 1312725192 -550668046 198002422 1402948254
2134889387 -1195473767 2042100212 51418263 -745451652
707101929 -897204865 -252915016 -1143228969 -232322163
-1618351796 1163336676 1951350237 358836550 59756612
-1648531883 -2097760374 1486995121 -478410444 1238556001
-2118956677 1546960411 -359089840 -1596819808 2058956435
-572835644 1513013089 -1260586970 -1459170859 1729385973
952941250 -244495179 780958742 970245008 442964361
1676978056 269735938 -2108241135 -1885931784 1799571911
-805759922 -554147731 2102403576 -1432470453 -318605135
1053299392 1460976106 1068773243 -1518151536 -555477001
1035515242 -845641220 1206188290 47499059 -559846781
1853523206 1682173964 -1148291752 2106622306 -1239866917
-1143436680 1922162409 1771923860 129367187 1726577969
1925192880 1401864603 -1069313924 841905376 1999169597
-1188127989 -2034981856 -795774823 1354038427 -2013696604
158754296 1298031020 -2001533194 337425683 -962817668
-2105624962 625595077 -1531230635 12697819 1436271616
226251614 -217628572 -811368486 1694833059 -32054312
1139375240 -1471511746 1543865353 835853237 -1155509707
-47315944 246362765 -40706343 -208856516 -1585896338
-1932844140 -451246720 -1349583852 -425142931 634527686
169405939 1810487703 197214085 -2131492836 -1705845033
-63278199 -1339465612 243908537 -1197614268 1098782310
-1870083967 1325659181 34868016 -909955485 -1298249500
-47424976 -1218054224 -511900956 -690233361 -81294968
1973357882 -177413232 691713080 -1193587339 -1799542543
-1944443332 -818122254 1071433307 2105156647 38091808
-427088054 -987669909 1172963532 -1159653192 411322490
-69012214 -302861428 -2044849776 315656899 22789562
-880215342 2052027652 711846884 -1587257145 -1132793512
1137632568 -1872541528 861713338 503414809 -1222230003
727996070 1268460558 -757134102 1589144006 927753651
1360431694 1316297225 -2145504472 1737474693 -1135983984
-955593592 -1403920802 -2047720239 1936473875 1901353248
-1395250548 247179911 1222053136 797856891 2051186315
-1782784235 -356715488 -1856775865 1072581221 1556244681
-1137436761 1857173351 1324436591 -1402378925 885120297
948761955 624281976 -1603973906 2004147967 697585628
-1405163202 -1265823999 774871120 -68138592 -1124320167
841711239
