10403 324 54559042 -1859686581 -688046217
-1396781319 -795433938 -629434365 1907787705 1554515082
154869535 -468740020 1926643581 -1938603980 -1084155153
-352455399 1730343564 90194666 1859931347 674709394
-1407705188 -65661818 -1004142103 -1427323916 1302089618
746228181 751396435 -675257721 -594941605 -597824846
1941387675 -1855228271 -1548303345 -1173042251 2067794756
102086613 1775366856 1688675693 1033678118 1165717631
-1235432806 -308188239 529882663 -854872627 -446288780
-556617046 1547349108 -1244093123 -1960341492 -2066042874
1335100061 -1468943583 657107313 -1804891072 343572944
113460391 484884038 840390562 437580245 936200817
725040878 -1486250725 -1825854734 1988830840 1620027305
1915875428 1473518781 -1524529305 1774746146 -212346445
-635428256 1668448004 -1408907252 -664657056 -459408241
111962968 1833934061 -1224860994 126929974 -1501716929
-2103369056 -1522372936 -1095142316 -914938715 -116055289
-908013150 1046717569 1133235887 534153744 1661087975
1959433546 -2142573411 -1638339091 -2080626640 1321281334
1760429450 -246589847 522160607 -372677643 1572649540
-1364086326 6602729 920688675 554891619 -918692235
-1403135570 786383942 -440631759 -615872966 1146911401
-47016640 -1930306818 -1910917352 -361388836 1342378043
-1312829097 1971138536 1589563902 -2027524150 -1668857959
1066007073 -2032742148 -1760435279 -2081263587 -194678574
-685640422 -165305634 1280454990 1531771916 1006813395
-1990609016 1255866482 -93762412 -657580104 -289768365
-44600202 -78043071 1329498396 -2001678162 1205123823
1266052028 -1198103470 -1970502597 -642313854 1203681683
635815475 1728791744 -1102391300 -813363158 -1415447602
353028266 -1566626106 -1330566242 -1642354217 -1363713075
-1552122019 -2072114320 1035177647 1087876178 -388528538
-1438710217 1968938835 -1838485389 1752143497 -1769529895
1945084235 783848626 557733143 -1451574869 965432836
-1014374784 -450208071 2146496242 776717789 -1408872637
-315132567 -1299865320 -518397004 -1730520957 -563117606
-773294667 -1820752972 1571221173 580817567 397130634
1052774070 1441605404 1481152096 1208420231 1632578865
-1104370548 404897193 -96307926 1094477593 317753068
-1169390683 201860416 -282976520 -240959374 983990515
1418210190 -636995977 103462569 -1821721880 2121251715
982196157 647725631 245741447 -1688295971 1321810624
1443200422 1843439151 -826374425 1629002404 1485468051
938050832 624901557 1267979590 -1622619856 -414060402
-291471106 1799750083 1706852367 -1184562728 265598354
1236372678 1039129025 531065089 -1296251243 506197496
2090343743 2325441 -1850543812 1335863459 -1128734861
-1282796848 1363070781 -1790119332 -1473318819 -471351012
-591392478 -582606715 -1601927786 -475958353 -1707670691
1655846577 -627555366 432728171 168323363 94509920
1356990759 1354879968 -563330116 -1730580970 -1428832723
1686467350 -1942475608 -1378802007 -362242546 -228204369
-2147368732 -1199133090 1754831499 1428281963 -746154843
1806011254 2034928514 -511187455 -826035335 17680563
92135388 861432321 -1969570825 706073793 255277073
186645298 582881971 257277166 1444567850 435577627
770899179 1850502944 1136434798 1564953602 424415495
1063755312 -281259573 -1860255868 -463720198 1669529865
-1362442198 -399339634 -1985435795 843950602 839962426
1284023597 -696184034 -387436333 1939729581 1108230776
2012327484 1559256469 -296198664 1447993803 -1400826491
1452454492 1987696267 -1519248259 1080948018 -607576266
1900004924 -1571217963 -190718098 356811198 663231157
1813544995 292258795 2024532261 1617393919 -1231974119
970604629 -1380310446 -906549088 207415487 -1211421891
552330435 -1406944497 1206146166 1645245004 -529833981
-439257065 -1596741967 -142409897 752058442 -754153564
-1620470113 924862545 134583039 1792427119 -1037706132
391527828 -1052659671 1908179445 -477730700 -1180035153
-4966440 2092203849 900402469 -1785627472 250784884
-2069826211 1076592971 -227010355 -1532167639 1911510706
995073336 1180070165 -1702971848 876955873 1326619170
-1372361672 -148658092 -1316273731 -1838460122 -559789601
-2076034998 -586508394 788190385 -1583536692 1752439782
2040552224 1096186001 1642537184 -1280057173 -1870544119
-339099398 1094522241 1787148134 1349483098 -777381670
135464530 1584234006 1298279122 1166919561 350485651
-201730611 -232165857 209592610 -650321316 -1311713490
2068720443 -1838667633 916104012 -964423705 1535735953
-517919018 2040474384 151038382 -1029874375 -1425714041
-1390621366 -785675862 1080848111 -1917342871 1227429417
-1461521757 1450291015 2046011812 -1893139356 480705455
361008171 -1670554373 -172330421 1474277027 1117673598
-1009341705 -1321318067 1631962328 45495968 130661721
-793491221 -1661045865 -930355848 676554620 1059494925
222345527 -1650723763 76143239 1244819735 -1528830408
-124182416 -775421422 2061869440 90962858 1951998698
349456532 180833751 1943203807 -1494055678 -1212975531
1461886528 1141625346 1559613756 -1436230419 1740351609
1257482640 -249794487 -1714691749 -2039659096 -1812310915
2117426906 -86670835 -1215422331 943282224 -139652508
-1345471680 -281878654 -898429072 975934546 -1048270190
991705045 -1862902926 -284464365 -538244727 516042392
1180477975 259395406 2057481668 -1527689267 1813632810
-256852314 -1296927954 -709513198 1463111953 -603852596
1263465838 1193888587 -60834887 -2123947229 -147260640
486145892 -1493889200 1295896819 1466134912 -1284427800
-200055766 -746863580 980900799 -1478894056 1099951114
-1773543554 -768518690 1724282474 1911670373 762545660
440019492 -1606038750 15747373 1675787905 904741973
406908715 -2019321098 -1721403226 -1304887550 1740471895
-656591539 -1641479797 -141447995 -1393815863 633318731
1684524610 -1622881873 111134279 -1442555717 2110312692
-256265632 473123049 -2080424663 391687972 166835557
1747438568 -2134947122 1374422863 -353755826 -587515438
-592290587 142187562 -516741516 1421670781 -1260911507
1088446104 317954475 171823492 523978993 1058091530
1192268906 -173868893 599056971 507905017 234592978
516413147 338828786 -281313685 -1237635668 -1714449337
-1473505105 496742945 1645460452 -848020866 -1289935527
1293727350 -950147377 512411204 -1802271673 -1112064667
1175816219 -1584381948 138124636 351769883 656659371
1075383561 2051075203 -296682065 478379461 -936573717
682576791 -30245140 -1983862195 932257708 1491341793
1386475452 387866186 1461512407 996061651 463295014
-1214345936 -331900374 -1489706732 322820776 1927574027
-1526409534 -580071302 1414195557 2102209097 1357730507
955376552 472691441 498255581 1778201278 -1179198684
826924901 -452844068 1340596227 -893056786 -485863407
877084334 1566670948 -1709652196 1190717488 410108026
-1311650537 -822220314 -2064676561 390570522 317867970
-724323383 182461331 -1541449895 -396499104 -885525234
-401933736 1190662358 -916842115 -726124918 1586418660
708381234 88378841 1359577878 -892048850 -921090949
-832829435 419475212 1921633374 872895273 -1953738078
-2093146728
