10403 84 1084115978 -109949664 -1065421065
955491343 -1041226268 380966851 -429541953 1093605306
-1451289243 925096574 2136808701 1275548396 -2006357089
285433054 980381693 843678747 -1355290710 -330457737
1033613397 -1541079399 1818144684 741608678 -1993333540
786379241 1346998905 -967001170 178901133 -1377618838
258480817 1520345812 -1070253128 -465614475 -1600220932
-189765203 -1943543854 -1694436306 -636604065 594788969
1901889739 1745287440 -877153217 1194541437 1810073902
-1474567070 -1046973358 -1213684791 782561859 -1579980603
-935146157 2092913918 298853588 147332640 28048122
-582102569 1014780844 -712007531 326533760 1952779678
-2127429573 1142761113 -669978790 2000958316 45830377
912664426 -1927495856 196210209 -666785853 1936447355
-367031733 -1220311494 2139522259 -28603299 431057905
1072635597 -305867032 673395269 -902917739 -1285048794
-339701462 -1729424770 231704002 -964724628 -1996753395
1309193731 -1306683231 424717177 520439473 -2009015906
-1830597705 1790830193 1293252865 654778181 -1826266761
-1598470208 1298078884 566146181 -333948642 1439720317
-234185790 527437578 -1300451051 -277811711 -1545104895
-47337988 1127992273 -112978555 -1208554320 -1988694125
-1123048423 195982347 740344883 1877003329 1797990061
-162603596 305901693 -154220801 1633500447 -743102481
910660068 505527798 -96996025 -1780732661 -379474424
1446728900 -525124854 438559471 265200157 -1836721049
-847744445 -1945596747 -1744277730 165506302 1204649225
-580914742 1747431815 -1936090800 -1775676610 148389802
886120667 -1149120183 -1499729025 663163784 110850170
230865619 -693608648 736221134 -2110631817 867116486
-286286600 1065374413 1596315440 1493493842 -1148308647
2133184959 1480640842 -1553357394 878189092 1671136919
778421351 2117104984 695175640 -1647087564 1617257608
-852169664 917282193 -1302173026 -1005307584 -1465732277
1980919811 913088447 -90015126 -1815585048 -843299326
-80242771 -464149552 -630867739 -50445866 1325627053
-1141243741 -1900992882 -1359270523 -877589273 -1960726119
-1227505826 186040359 829486426 99505780 -185745421
-178148966 1905044723 -1577277035 -554902284 661774872
-302570436 1379317065 -2056858222 -1425863373 837356746
-1685486595 -682437049 -151547912 1918638926 1683283315
1881027824 1808282174 1047820573 181124855 -1259886916
658582295 849292990 -890833206 -546683148 917235185
-1754811216 191780915 -146761527 -1656317499 -271320646
204029717 1540019925 -1794999550 1487972770 -486142232
1243460011 -1577439765 -243023011 1041638318 1351579776
-578680018 -2084273253 1424016848 1350269912 1626959670
-1325647765 727522446 375641153 1160152102 1279204932
660640345 1881876108 116764628 -165844609 -1091592524
-1985092230 481242954 -1769438309 1221634463 -1116143447
-320918885 1179067698 1795768333 -1612765118 -1423745824
610710560 299172687 1520692287 -577996712 1874447914
946180121 1720814549 -441937359 -1830237018 -1422729649
565413473 938660529 -1213309886 569522060 937515669
1693810453 115183427 -2124353778 1519810101 590100393
-751843612 -1377862375 153084160 -752584333 460238209
-1518457697 1244109313 1157903832 -1257803425 -448356190
-919443316 1567245439 1894955608 -304080623 627999423
2115617611 977450842 1057772547 -434035959 -21657557
-1225941879 1958748274 -1722980550 1822550271 -808517641
2031789446 -370426500 -952864896 729413990 1930201517
-1214271162 1211638516 1914470006 -1702210316 1898607264
758122719 1066411368 1869451738 -2129063958 -2140026745
-876414164 -1116757235 -1423986070 -1792913512 -491343877
1955195786 -888337520 1343120373 -70806016 2005533547
2100038459 -1847175944 -303058895 85956886 56853580
-659189223 -972704501 641233679 -1424250732 176874931
1240142917 -1225835196 -1249372514 2011722395 -1796031878
-1139338445 1452169627 -1201030067 -825089854 -1449765744
79240378 294857406 571271864 2003759123 -1802524367
1407127669 1018900994 -1762057941 2102263383 -1581796880
-1611693006 -1886940372 1323643120 -1061150229 -376942299
-244796346 1515492385 1435817059 1453245539 1195393208
1092633631 -159414910 -1951870527 962314482 1965376808
-1387466881 -1215120732 -1830688768 -1651596535 -942220392
1902401589 488969827 806562851 -1468424749 -400114788
274000970 -1787856462 -310706904 938639027 -2036687754
-528063973 1022756511 1200657598 -36305956 1977048368
1501460338 1305062653 -299007261 1165264761 -1794766564
1443811563 1629886347 217340438 281210409 83824902
-74804178 1069442564 619859255 1071706030 -306384638
-333482489 -2119822349 2144841060 1894374939 1582391117
-652856634 -1746401552 -235377296 -1549508148 964158845
-1397615636 1125326920 1637382498 -34299557 1236698373
1997675581 -214501142 283211332 -1250277694 240066226
396589840 -1655445422 1441307986 -1431765816 1085532729
-1557628711 955408542 777959126 1348675798 -8829007
321126611 203180665 1160848228 2019276132 -2128544270
1006075872 1747562693 1553870288 230766577 2137566650
-939790143 386032577 752172323 387519121 -1425279877
-1550048060 327917056 -1659895691 -958913982 2028395535
-854168050 949945662 -1711790347 -387684698 -1993781470
780751644 485426989 -1310428058 -817902742 -1124670209
996316547 704795698 -1454619963 -18054051 377389775
-610691752 -832414055 -2107040616 96238633 -2062611922
-408857665 -335213126 1809136461 -508164156 -472628897
-1538787643 1921299789 1744256389 -1833487399 -2074724289
-2040262443 1947696812 1699630293 2032513160 762829161
-265519142 1317994205 892891183 1156327568 182221299
1609913216 -1876231870 -372985911 920320223 -1757134576
646744917 973566242 -565135313 -895021605 -1443740805
2129301486 173469466 -678355243 -755072429 -750546092
-156085768 -1503996768 -1709999704 -1927840143 -1206869964
592507220 -1361234191 1213992653 1522492872 -527976319
783408789 -1053996267 504291703 -363954341 2136397342
1840909134 418739830 -208540330 -1748884740 288052765
790268382 -589293077 2013067791 -1419496845 1875901631
182095505 -1339694132 -1857858696 -414893036 1365302812
1289082900 -1323805671 -1111570437 1206757498 1514257423
-913741502 833438718 1560412297 -1554927786 -1927225558
653315119 -1623376727 290947150 -1992302885 -586323363
-2021334720 -1218673479 1547118994 -1319503980 -1968522922
1900016257 -592509960 -1701078662 -592070204 -910473288
375590750 189461954 -513270877 564158842 59815749
1613810557 688097854 979523466 1344204711 2062052683
718576855 1170850817 1301918676 454538173 927002782
2146714119 -1637467755 1598119539 -1308270348 -1917355990
-2113663805 -1812823664 1061462456 111677284 407961944
-1032404781 -56529468 1489333868 134047555 -926735453
225405861 -1117040057 70151640 625415788 -1354705348
1292405994 -952079203 1877478133 -858514192 1829243200
1350858062 1887279586 1839553378 993322768 -141440007
-2031281468 847816002 -460312748 -974567784 1292807121
-1039250879 839276719 597463993 1064124138 1221781093
1562034011 99771204 -1406797967 312074134 868377792
1888340012
