10403 420 -597829657 -237323422 144360244
41797637 -1031499801 -1080239323 -1137968758 -698693360
-1490707932 -937647067 1875463740 -646845936 -530251262
-853892352 1715878427 -2102376509 1162704874 -94243595
1732202739 -120705370 -2053918254 297051974 438614133
1565903738 1329044039 -1237226322 -1769872552 -1799643923
-1250526801 -491533916 -69814878 774772295 1434046229
1848482610 1441467141 -1986697750 -358627197 -1847469317
1967284734 1774846553 -514566367 2121722651 -94782457
549003937 301744419 1404235123 -980514112 1240347217
-236094056 1380570381 1342195259 635107964 -489621575
-1104298013 144851005 -1669937815 -1883493275 232274029
-457064077 -2131412332 64664996 1074410913 243857046
182980767 191286712 -132474651 1651928613 330525234
1946032792 -345381932 -379600510 -2134933307 270957119
1629299846 -2117243781 465848152 610336457 -1855317499
1161222212 668751423 -3387665 1348742276 935023046
-794364790 -1150148848 1305327503 1601251210 -856980584
-526308853 1556946444 1699974678 2016294167 -560214119
1793212053 -445543931 -850800760 -234770509 1816523340
-286434241 -235945163 -1032822271 1734739404 -1701322766
87269112 -490309301 665628696 -990822887 -2023405380
-298806391 1568199664 -1262982793 1279485633 -341038976
-236993507 -1070289332 -765560318 262222123 1117445598
-2137576097 1967985685 -721032268 1949854300 -1098626376
479472333 -1237825799 313193557 1604968134 -1806047226
-1676260320 576627656 -312550904 -1475517715 -1221157063
-1630455044 -1404259934 1075141155 80837537 1657364113
-1382058963 -1346807076 -548650762 -1801362114 -1129047727
-2053051459 -2047339136 -356112998 -1365433453 -1763557154
-2137943913 -1448170673 2013085722 125386057 -1780223568
-1974418642 792060800 -3008860 -1851282862 -741155735
1561862959 -1020727254 -28873970 222372346 -505482720
2038327008 -602074226 -496861933 788026833 -222291146
-834843755 -1705073097 1348029278 -1091319292 -1522073885
-1400272032 1370474469 -1171099764 -2005468661 449266436
-1038204298 -345453499 -755776093 251086641 -735754275
-1850025535 1379070102 -1062770059 166724771 -115002525
-2100594693 1107584806 -2938281 -500565417 1283834078
-2049266892 434400545 -2068241935 -2097697415 1633819889
991271958 961101674 -2020227501 -616958745 -1689098226
-1303499183 1960297437 -710006862 -627160674 -1189032582
511547862 1000600076 -1037745730 1432055520 1885110349
-300726251 1147457188 -1997035285 -1526563491 221184355
1225919523 -1051563106 1190258850 582767786 1245572728
-502834213 -1904701362 -2025864350 -856685231 -1574682971
-1042842156 1445358916 1444654433 1982098228 -422852741
-498964234 -1487472757 48110975 1329955180 1991929635
-1440040342 -276050996 53798380 1257016078 -670581952
-926627387 -1429556005 654855656 -1455644965 1973982178
972121421 -271654716 1286931293 1965734175 582951197
-1485729585 1050927389 -1186367884 1309815030 -1530368901
-192938853 75747397 35558218 -585064312 -34659582
-1031780971 -1464320026 1085415421 2092511021 -1985514628
220583657 -1021532884 -1073617805 1724289409 -1965923767
385426136 -574330756 -1980877549 955062155 -5481130
-86485027 -1282887011 819487940 -1347368068 -1824737164
-50512599 -800460488 1221409967 2080634897 -1441228915
-1215116098 1843634420 -381029039 -2066734378 -676703479
-1729300278 -1695048377 -1805745700 137857887 103375890
-159647885 -1178368412 241900068 -1515461291 2045657595
462407154 1766369410 -1195286289 522155321 1927631257
83053156 314702798 1416770741 -975167237 142861622
-710268044 -1530844928 1347033313 -524482884 1397601340
-863037471 523292261 401715058 -1246012948 1764425690
-1131717543 -694265584 296812404 1857128986 -103094915
326718824 1333700526 710749420 1406602881 1400962806
1132971861 1996040384 1501670819 -1977926894 1380832030
1615996745 -1038475579 397289198 -1709174704 -2138984523
-1314774026 -1658879656 416300807 -1639884192 -35599778
1130799194 526648471 107583543 1918806626 211231583
573641875 -403996513 730034372 114539938 1306574931
-2079053114 1426035773 814885242 -1519843785 -2022917704
-90248313 919683636 -707019640 847832681 1771120339
1298838788 -702079426 -1957989780 1074169813 -912429623
717337594 1703313981 1071561265 -433084280 -63856611
-468700832 -1453291062 -939078298 317562684 934815129
685921421 -792125877 -1907375256 -1190221462 -2141247804
-1429597095 401496583 -158573116 -466503797 -718514654
1538405779 299232450 -1473778369 1309826005 1029218042
-1018693987 -584386754 1212592997 1519235927 1003925546
-1437014164 -1326072059 -1347546887 1337981366 -1921764819
2118157045 -388780174 -1131695234 -1417912063 -2147156378
1792285432 1066096630 -92749493 -919722644 -1733513025
1579711502 1151454405 1964526729 2001613313 -14337008
-1275687126 -1655535929 -1670111914 1706535567 859339775
-928200544 649229491 -1327140904 1149938845 -975358819
1766668541 1869702557 1969968764 411165812 -1684218671
493151240 610389322 707943674 -474314099 999883927
2027937237 -1576620783 518519094 1378205487 -564668196
35752912 1384464460 -998941746 -233923067 -1838323350
711351981 -2038900296 -690330305 -384544582 1295785102
560259928 -713156445 528455623 272823063 532490777
-1211473920 -1772527875 -1110205114 1175220670 -871693447
-304177704 1768985503 321897451 1344016613 -697758327
-1855559399 127426671 -2048137432 -1894151701 1193894740
540819894 1024150334 -391391855 -1492105056 -261970403
-1084579869 -1364794229 -249341998 599900422 1089078934
-349396408 1112455131 1415873008 -2001336498 -1948082064
-2006288056 400647816 -187783302 -2068848599 631001569
1778061080 1561842971 1711815154 692972574 -1182929207
865442553 -1951205717 806537369 28877471 -181391237
382432738 -320128126 -1491363463 948350021 2120212002
-801234632 758966481 -66042037 -746982329 -1654426768
361580066 -1895880760 1600295595 -1381215509 -453506992
-505196284 231182106 1916952004 1458335437 -1491399725
2140325786 -521126182 -1635030210 -558833468 -620482876
327519932 -766896149 871844871 -267556984 1501790668
-269868979 584422691 -913701627 893894300 944894310
-210414566 1445436924 -403895714 -868074805 374555153
-960416359 347920126 1974139898 1486172898 -1059319903
-1512918639 -611552804 -1243066232 -1776869139 -2009565351
703166417 71686053 -1494154606 279879933 362466591
1969278234 124580819 1082000830 1471425077 -2008565224
637153472 1707237169 -852512192 1697237680 650734375
-825194480 -515803834 964774827 2038401142 135104948
-642910158 1529220307 747387362 1997411549 -388136904
-1431503559 1441351372 261652105 -1796825469 -1808004084
-527155611 -693255265 -749792 1418482976 -2009173142
-752403209 1117877417 -24754543 574891306 1352002122
-1578502083 421963192 1403301860 1840868955 854472145
7508903 -290432366 412823788 -2078637281 915804157
438331651 -1779078687 1918269878 -1061645908 -2048304976
-1981877898 -1407559137 -11650237 135212104 1110973780
-714371734 287836419 -1736970778 -1882262548 1304809842
-1187774215
