10403 588 -304764419 545237841 1586992288
-507744839 -841798239 1681230705 548985018 114624370
818982156 -975156075 1218878771 -97883743 766878611
690072733 -641478687 1053874218 1771182236 -1078057151
-1819023161 333363173 633475597 50772465 -279717632
702483086 -1186842915 2062570401 -1446451762 1158999829
-2026332868 -1592040893 1341583606 -641408439 539514744
-75740656 -1067767270 888378625 -2102875610 370733423
-222086557 -831737039 1848211994 -1714358138 -156834186
-1223671106 -1627972714 170504848 -1225864942 1560042288
-260575470 606977543 -339041474 -567762074 -1168967891
490769419 -1808108298 -871770847 -830607271 205276307
-27434130 -1863643944 1272044566 -1737439952 -148971933
-1491770261 -488558753 261459700 -240633929 -1409385341
1918153088 -635473816 -1782020273 814342061 -1929296416
1047238427 1668384849 -1208749249 580876819 -427497253
-1064129863 387100552 1914653487 -338356318 850211743
469227599 1588857323 -1204250560 -271413110 -793862887
1076739297 1639196006 2066122788 -454528391 1364730986
-1068401694 -48387272 895441530 -585781962 -1115730340
-1680850090 1251621110 1364248904 160203847 -1447986995
351564371 -216170329 790544571 -1880638883 -319078658
552232942 1981758830 -1362936272 -1022842470 929140287
1152398379 -698413137 2059287664 -498783507 -337974670
-407049761 -212464701 -1726274258 1371942149 -1877512049
-160497812 -1998779231 -1118399477 1389479960 -871748841
-2072115436 922485556 -510317168 86254798 -1023563689
1271817464 -448035303 -1848683176 -797740858 265028311
-1126632100 931617582 -1620858379 1077255751 -1835272195
-1344216154 -2054298130 1760018843 -466121741 -1343459411
-193906263 186542172 564960201 1464056927 1874477258
-16781483 -542151243 940984423 -1627248926 -1946910213
-62365166 -1971831349 -13631225 1923387529 -2112608685
1071934911 245200478 1682486545 -229978279 -1014897600
-1699951000 1734295436 -1398256134 -1288569689 -2078360493
-1484915039 -1089344838 -37934754 -674170719 -361696786
-1751626837 270628445 -1330047115 1392056568 -1691709473
-1228206376 -414122298 287907081 455159664 1499301061
-954515984 -1151132992 -2036177268 -1627687046 169148281
-213614305 492566162 -1295709015 601034350 88013240
1749842912 1173694548 -461921825 567692912 -2006651380
-1476442388 -1161250109 1406108813 -889567571 1897339963
-1104048891 1651502183 1375968479 1526498747 1528734309
1759446403 -1089750808 19380397 -775638360 1540799988
-468314017 -121722915 -635802923 1324863148 -1684026461
-788114937 -1017783421 -208129529 -476953897 1544113468
56889424 1756749232 -1285441820 -1075018389 -1320006855
-1365114956 -138516482 1379481273 -1393480283 -1933007226
239100987 -1088907094 -678695214 1859911042 -1862728152
853758911 329165803 -383726625 -1248477209 172586157
-1195817258 1293431010 2128672058 -1612686241 -1006288065
-236630559 -980946496 -528120252 1502742554 -1711097203
-1282070775 792919989 4987094 -1248756843 8862670
116043950 -48415478 -665791302 -1449832543 1921683174
328536450 -1262345543 -521650638 1774717194 374713978
-1080787341 -586292642 227561528 -1549308141 -330720390
-1897384656 908672859 -1352200965 -1153547446 -499454456
1670560034 837233286 801825143 -2097544981 -1295246993
-2016604044 -466599260 1678668035 -945713189 -1171923401
467849514 -444390938 -1029405379 1340738104 -1115685420
444155351 2001401109 -1234637011 258764913 170342414
-2082254448 -2136824405 2071464082 406609515 -1519312029
-439049795 -2034711500 -988374707 -1904957642 514279796
970615886 -1622257410 -645444548 -541299312 1959573090
-975444664 416055703 -2014354320 -629463659 -1064155421
-119030088 1205882882 366279216 -1538834203 -907468896
1061329531 -1589052046 105722148 -1165781763 -1760678211
-680928951 -1289096183 -963773707 -209960229 1498613141
2105976678 576798807 1089893492 1478175374 236146879
-1887215498 1920797122 1514937331 -80501071 200992838
-1856888496 1803451135 -863101249 -1273208594 -141598780
-437261403 2117570959 -2135283152 734426171 1132724617
-94158545 180347755 1834768455 412247562 -699517708
-1264473623 -1678791376 -460084393 -1917244959 -1603980132
-1599272513 1739040177 181541478 -1955504746 400255414
-1694616894 20509395 -1792353754 2141722715 -557029041
-1501959597 1297741930 -1470308639 893328262 -1973250221
-790849086 383554810 558427126 -1520405878 -321008372
473657438 -1641811796 -980499014 -1166907158 181400493
-1421900944 725993301 525447863 1886283590 1300084460
2131655181 383943137 -117723252 -612987967 -1070328731
-1450264740 -967430474 -272399182 -1181590340 334930789
1974204019 -1581568985 1348302327 -1321072901 -267468749
990140417 -1545028812 -914109969 1277665739 -637863127
-507697912 863262421 1907315208 -2085140865 571834578
984937070 31997441 -1472438569 -651544504 -732986607
290495560 644723092 57521680 15399133 820646876
-1857211279 -1901020957 -2056904194 -1258848311 -516740322
-1480744908 852703587 1705030917 -1128477345 1360786187
-1926462880 -829793397 -1047522235 -1997899556 217050931
-209795101 1866839743 -604685589 2072149713 700334788
85096702 825999269 880578244 1375667665 -1668258987
-195469795 -761766951 1402686347 566825102 -1510309899
122189840 -1978089137 483145568 1285064893 -311259871
-2124756279 722982828 352066707 -1921427365 1593630390
845739274 -1618026766 -261437297 -1340842742 -1962395440
424410405 1956048673 -936749102 1757112803 224119956
-2119018635 75138372 1675234585 402138873 989740399
748916673 2032796975 -505009180 1825957104 -1184506930
-15527906 -2096998500 -2027716611 -1045249629 -1261819242
1392421923 131286070 -1151195449 -1800627025 553758658
-215893471 451880034 -771471662 -1676098217 -220455191
-925882345 -2098746430 1154589987 507401307 -1088430461
994626776 945642867 -1447026942 -255190864 -1377078805
-1701719177 819605025 1959935955 -239112030 1638921003
883559549 1118434958 271319014 1274002356 851492021
-35790468 603100789 -1566117189 -1496768014 -373585413
-2108742566 -1046408789 -1074206139 -2102764220 -568675077
-1427885715 767035583 451247716 -920982468 1048437518
-1674356615 2049450448 752042796 -1525625899 1007844462
-1599099573 -1277084323 1903026028 1921067574 -442754904
1841689920 -1445746307 -1743276716 -250892154 576571548
806763152 -81702120 827034333 552192041 1893994628
-2070172455 1921519221 -298201122 -1453133282 -747863013
1706554048 1768379607 -776251723 1384689101 1944613069
-496277899 1552877161 -1571987532 1419925944 1291740853
-248128020 1601404445 -18522856 -417340832 -1191438454
740851658 1523637070 1337993019 856803313 -1762249261
-1601799028 -1141256995 1413286253 67412310 2014588330
13860480 -746786670 896325220 -394347916 -2034658072
-2108407807 1335090927 -1202944901 1614682816 21460334
-1192235222 1568520485 -2068667272 901082990 -90100662
-1536014296 1411718720 -938740688 1011875725 -947622420
116081813 -1661518722 -1446073019 1704509535 2064279900
-298635992 600266961 -135748179 -1663873059 33732834
-1618214041
