10403 228 1783448164 1451791877 -543062953
-583663771 563079061 -29794036 1196808818 -1108002037
-1801700137 642550215 -684842576 -842372244 802225727
-734192011 -926446612 -2041457847 -1305059845 1143723806
384093284 -23028298 1148279404 -917916279 640587219
-1214319252 149036364 1126300850 1989061047 1223732255
979285152 1411913080 377372003 779884012 2019182154
397362419 625483605 1050418491 -1141151481 1564735574
10498800 282222737 -2106157227 1806195565 155194182
-352157902 2013240257 -942005937 1043113026 1030684623
1283264921 -1743774060 1739271418 -154627620 668546142
1431781491 1630855681 423599098 276816810 1848127896
-2046770347 -1068129579 -279115070 -1348447406 -102895535
298602490 128064984 2134896521 1512145619 1189616049
-943006895 750991128 879510558 193181767 -1621682981
-959130021 2051399188 1901215640 582366003 -1401079575
-529453024 911653829 -1525333529 -835041334 1844322456
-766276934 996502880 -1529522403 1165380983 520445824
810581352 -523933410 -1445322957 1419727267 930124204
564552180 -1502522433 -1880984896 -249465298 147502311
-1315674447 1516935863 1257717571 669494690 27781228
-1506312291 1508951561 -1583921423 -1550625702 -158413042
1892803973 648695027 1055230438 -1384340005 -744934763
1147960107 -1924845379 1527280866 -147470119 -1205093631
-1898151441 163442561 -519310214 1898850337 -2104879288
-1828518991 -2037924225 -563635282 428232997 1773377299
1861785758 -822995302 583826440 2037248899 -1187952598
-1282092370 1500892604 1121535104 -556961817 599831214
1601978789 -1596605216 -1170275142 -1345825895 -1308051984
-1102685680 -978747795 -609342187 1968448839 -470076556
261340679 -98968001 -634728279 -1363133181 -526907232
2022144439 -2075494082 1239318119 -875883231 -1059760648
-1795579909 -1896922063 602856360 1538003540 1489834178
494561221 -310951968 -2123890820 -399994506 1451352178
-1208929219 288770956 2026901771 527692143 -1085247835
-1562039377 1343329824 85807549 1182633692 -365989783
306101321 -725701805 1825804288 1559122909 -397929519
1554217906 33786625 980494975 1318696016 -488056572
-1537332870 1563033206 -1935297217 -1112786284 1784481137
-295339824 -1530256596 -379005926 -2078489797 -491050590
-1788644758 -1187282885 175660124 1844228336 925288397
-1508649283 351084575 1925197681 -2081374886 -1065555137
-537911446 724002719 -283411597 1542364765 1150961462
2038297627 -276310161 1108011584 983544491 1037744561
-403364066 -648752390 1617434060 1104472504 1605255929
1410011526 417023871 1019904774 589019990 407515172
-1124647423 -480766176 218841952 417098713 -1780422202
-1222874462 -109186277 -2113889965 -816070735 -362577581
1229723252 846620793 -1369930192 1675663469 -803356835
-1487409121 -474759972 1597911705 1795413925 1984914166
-1548062659 -816379981 -1178725372 1488793368 -1404343482
559306298 -2146892781 1475864880 769704933 -1398181868
1002594672 1157268310 -397227353 1675923982 -1277384802
-172526049 671254408 -1737927404 725886817 -1597080031
-894821205 852314869 692615086 1921461051 -1192736034
-39342253 265708807 2048943705 1702510530 1494643879
1816785523 1767106020 1760734503 -484721003 -1885811896
-1413167440 -774772719 977063310 1591386126 -1187477273
337947403 1709085388 -948923329 -280696477 -1200019983
-1001987133 -1089229220 -762295263 -1076250941 -240569097
-543543101 1806910427 666228114 -428906709 -440040635
1397685798 2038742258 2092247773 -1026041602 2143316458
1215301210 -385614116 176501099 613432800 1195476774
-1050717040 -2067225202 -511370898 414304303 2136910896
-1119082744 1104284797 -1701425475 2031606746 1416552533
63772101 -288727749 1244579921 -1446582578 1118755603
-586886615 -1296946523 1769000909 -726463083 1927688948
525393809 1836918267 521659608 -1425061616 -1863309393
1093509680 124247696 1411518128 -923211594 -1640788815
-953014730 -1877687720 -795116742 -927553292 33282548
28946933 -248898134 1740118362 -1557997549 -1047253577
689022528 -824193277 -1318122681 -128502659 895210687
-2083421912 -504627083 -962052985 1221845027 -1837300265
595617839 382827902 85856351 511644857 -356889350
-2141268202 -675795295 811640802 1019869566 -851881906
1934597072 1477581543 1363075468 -1469588942 -743378828
213830082 1823573850 1284898299 -1133702140 -1496736580
-272899087 -981644527 -1508224202 613482865 -22868895
741085871 1680889909 -1278463774 -1970154417 -1700120539
-2116509271 -1419810807 245379057 1194438664 1631448173
-1258001138 -314868691 -760426856 1816334109 -509147873
-962075593 -1232483950 547753498 700571632 1440228695
1729658444 -1890259228 -723547009 -1827293593 908993651
867829858 1472985143 -1632505282 469726431 -1454502406
1830090796 -803511624 -1795221041 -376148133 943087689
-1039213588 -1084075773 -415460619 1553208828 -518659756
18489160 338114383 254592516 335655511 1804797598
-340881389 2082978229 2108836569 1032787836 -542847860
-1936728970 387266949 2115348110 -1922828310 -555139047
-1062442007 1370552845 -709803956 615591761 1255875876
238403625 1431802460 -645077466 -1288136178 29665253
2111224089 -923817045 -2006540802 -253128231 281103207
-1856433006 85047754 -427799794 -640051179 752281210
-984438855 -669075188 531407537 -1147841253 618378627
1717927526 -32636746 16570380 -1700392189 781660592
26328352 -98151485 667348179 -1832753817 -64545642
-1115478925 -1114919174 1933991459 -1357755050 -2021327376
-2126025492 -1383952381 1374695271 -458000403 -115882808
492433367 -78649615 728517336 -1506212624 -1608910748
1630677643 198765144 -1911876213 78019498 13520879
-760478487 844897309 -1363642888 1588213408 -398221830
1243215689 1370184554 744002750 -2103967723 -1230319987
-594998551 -882679774 1408667771 -755862143 63024279
79362099 1052421111 -1909481678 1489367255 -143962520
1447431492 -653914850 -713397158 -1818767037 537348602
1038550447 -2040132925 -973279131 -127374422 1734035738
-899148036 -1736049736 -649615548 -1928700679 1300915878
-45229395 -329031047 1207944829 -589150595 484452702
-47315667 -1568267648 -355669316 -1037682948 1491716509
1796669083 430690601 -1572199715 -1008359467 828738676
992314837 1213250098 -2002699642 -1517728260 1058122848
-1997845807 -1585182316 879605601 -1200308131 1204889727
802870652 650376156 76338494 652626978 -1255385166
295822595 -1292744452 1496453567 -1213420629 -865993528
963231744 -1109919562 364283492 -1964225428 323764780
-50389959 -1630066221 -576464504 37394898 1477515703
1300261874 -598559770 -1996546437 -1313202095 1054258506
1239138933 -1389232527 -2041388975 1423145833 -1637190495
-678496807 -1601246390 -1708874098 -1652029913 -319577955
1385015672 1923829157 -1661480607 452840366 1595932392
-1265743709 1390744274 -277679630 1026124744 -1006849510
-489354174 1399152226 1882597431 -1613560875 -1031621686
1063832652 -1822800343 77885960 -978786096 847761553
1662927683 1376683376 -3838785 -687931005 -405960325
306571127 -2034327489 -237540630 805431804 1495465114
1914114362
