10403 12 -1715773120 1685910915 831774185
-1866999883 -1729813412 -105654461 705453005 -172386381
-922855776 -1909528767 635667864 852232999 1374005672
1692144663 -1850742513 284423925 1031148171 -353575935
1388720029 642832166 -609966853 -788394994 -866423705
-707207205 1007014043 2032346450 -623530847 -151919357
1124458770 -230461467 785942341 1533455693 1927559294
1250190840 -1626847024 2083387766 -1580688303 755339711
290584547 2009431346 413755932 1149747797 -1963266669
203585239 -604672044 -1456019101 488742722 1627029409
636923598 105971743 -759208391 -850694649 1820711037
-610370971 -772162909 -1906356169 827447134 1182529154
1353400239 1942811399 -1216798847 110335954 -1455900135
1248426648 -1242715933 -650907486 -1012062583 -1852009689
1010372425 -2082083134 -276037188 -649114558 353596574
1796599721 -390415921 -1990785326 -169994330 -1587072631
-1028791565 580489584 -1761263739 -1954230458 -1347947104
95006823 -1918247936 1747358207 -2018071562 -1342739913
524982138 -1258847928 -968026238 -790913631 1062048381
1847984483 783826159 -1233379875 -1141276694 1012914225
33931934 1992839346 1269044248 93283841 476116363
355457732 316886457 1347991945 -1829935187 1354027635
670561116 -1397355585 2024965836 -2090162434 -1345435484
215284732 157797327 -100564252 1878158794 -1287627453
1772749556 -787871875 -1952920449 1408324016 625334086
786479372 -1365501550 -51982831 -825652760 -1174235407
1601343728 136932750 -1161169247 -355476259 -1460001659
-1764476207 1227274993 -1981693056 1997639839 1638777916
-1577820605 905392569 1799611684 391897960 -947392379
683291719 1373820292 -1457357320 487927114 -1311497335
-1436630934 2001545265 -510560808 975038256 208321495
-841041008 -1363789870 -855065457 894758365 1981927610
513425839 -779339430 218984552 119425183 -1925453615
283341527 -1851220210 1229165718 -120166250 157534298
1209938377 -1278568659 -358644544 -1773937028 -1849480202
-1466752278 887718196 1791419726 -1487479233 1348242487
-285901748 1185092673 -306826105 1737446217 -139818446
-86287860 1416654858 1366285985 -245173785 -470265756
1651710871 -1845634513 -319148233 1954120854 -1974727267
-466699110 -1511891978 -1687152402 -906332343 -1686327240
570723452 2072990173 -39368047 60266205 733334832
1794846932 504788437 -1188275000 -1125751809 -364215637
-927760151 -1892308595 916054004 318260551 -774046904
-71376860 -1867446651 -1813341833 1633357103 1977527287
-2093326266 -238404503 1413495539 -281574090 -1507967895
-4598727 -729149502 -1330999696 1375650188 -1883270075
-737437282 -2082709403 -644415158 -725418852 -142946641
-934300953 -371143717 779994368 -744068040 -931556341
1689641598 254805330 -1746768876 1530546469 874066769
787029881 -1153836038 -1991124304 953090846 1361178280
1717576650 -1073032128 963148009 -1497876436 -526071607
1237656978 1332203606 -999203393 1646702988 -863313691
1368390257 -1042924385 1113399487 -1546678793 1017443176
551091453 1163675122 -513118784 867388244 1087846333
-945685267 1857184699 -1825191765 1302874969 1923792461
-1187798946 -1029450149 -1029483663 1332860780 834235338
1671119121 -419445532 -1985110165 -382206189 990596314
932342006 -91327272 322947875 632903760 1250599368
-1768394279 385375456 -2083007122 2144286838 -466180374
2127677508 705657601 -779815889 -203535581 788602232
204189426 -474834081 1265426354 -1893689247 1873723841
-1734633226 -1350881207 -36280341 -1360540385 514050688
1262657304 -107340752 714813672 -1762658199 1383310198
-1752536552 1580330443 314135289 671682725 1478278719
-1623530222 444051548 -875785586 194773125 -2043330357
1078126214 1462839524 -1589199193 157646464 1415664870
-1364847053 899736324 125707838 2055996535 -1269327010
408339505 -1338718396 -1732475029 -841226196 -432158295
-95276953 -713967403 -344920898 -1869732123 -19203547
864634836 -666464958 1293641166 176202509 807174703
1691180754 129698221 -1844060777 -1428649064 -261920395
588265750 -178567342 -1986115504 586738826 -1181692191
1061317401 -347589494 -1078983633 1882007009 682695670
1330888924 631600200 -1948740829 1670312855 -1345919871
374931927 -327430327 515122491 128095568 1803286929
-1840753731 -1499667948 -1602823094 1801907890 -527563637
1129518301 -443690114 -1893517522 1442505178 176936639
1806735436 787712657 1020915257 -73613061 -1324767550
-316474042 1571396721 -326621553 1938230286 -1806906176
545427749 1495276922 1269540060 -1509772855 -1613053934
-1168765416 -975786578 1243108944 -1352717176 -416076629
1151600382 423571278 -660488510 601605618 -271410138
-2038424905 1657939005 -63343229 -1276829057 -148250682
-2114470731 2017556799 -1181925071 -78211720 -964020787
-1614111587 -1598153127 1454013952 -1585411672 475399418
-350077958 1407013598 -306195272 -1966255398 -1857580988
-1164173902 -1488763302 -1082459184 -217753907 -235072932
-599773928 -1134325636 -920631142 -695297846 1011552773
-291512411 786319179 1377822245 58346989 649962127
1499675358 106309063 -1007909101 -1446874601 2077954678
-264585861 1002349178 2030026867 -366914379 -1207625355
-2112283879 2034071961 371490565 -97044186 -1951200084
-146062890 1516884867 -476064505 1499541091 581147021
1563581033 -739881317 -104625488 1037066546 -1684838863
1562379497 905230811 -1212913469 -1728850856 -1874811446
1850503404 -974425887 -993779601 -2068268128 1181000589
-1523212769 -410344937 206542393 -1683164359 -1153362493
1378269263 1034915684 -1465809443 959146204 -1010823138
-1924614270 917454407 994858996 1050476059 -1953014228
-1211574868 1239463693 -1851985737 -598025017 -1635017481
1360016483 1685025990 -806084415 -2031094965 -646445438
764958075 1886802874 -282053597 -1599392105 1210177442
523736845 638062298 452869975 641107017 1984236501
-1955796121 150179719 1381696146 54063496 -737541112
796986454 1568243243 -437039407 -617606246 -1737217149
-1288249022 614890048 -1528692818 776203148 455054969
-585648701 -1697248265 -184921042 -602477950 920105562
-20501049 -2082045479 776858955 1573116717 1234374948
1025646208 -321384866 -756968306 1266115690 -1664200841
878535311 429036497 743853564 1360364806 -816602667
1281363275 1873232648 -558800228 1302677589 -551128869
-1930118997 1439977724 -457944446 2066024580 956691059
1199460119 -174063616 591737342 -239687919 1873976139
1804766423 -1046840852 939113308 1292527834 258093315
259044267 1068263709 899028063 -1497130232 1358478593
1890652585 2053722876 -784660007 -1302285026 416875392
1062789726 1490030680 -1322118442 2096551251 -699759897
1351217968 -1449093006 -496017248 1094768172 1939134015
2122135200 -237398660 1043575661 94779323 -1842153514
-2117634918 -1563999176 -885041142 -1789896011 393998154
890060390 -176843261 -1489571182 1952677445 -787741664
-1887081982 334452416 430278364 -440234195 -162373710
-335046832 1640761968 1084380281 300044512 -1885585011
1280655278 2077989345 1646450240 -1832902953 -255416238
1793006339 410244196 323004822 625796084 421639902
-354483863
