10403 84 -1796293446 -812933424 -1471580376
1200080137 -392197637 -790110477 139973567 -1089597657
162911018 -677018700 1410064106 1483931803 -236896538
-913553423 -1993373952 539143006 -927726725 337331587
-1391283403 621112991 2073796882 1417562290 -1447355188
-1656015137 -1712220510 96142249 824454324 1300962593
-1034868209 1519340467 -152624606 -1925821080 1471956061
2138555562 2059953915 -120013346 1357944460 -361957955
-567393714 163190352 1704217881 -345823281 -1628412364
-1025497539 1082260121 -2068349239 1813503355 1589400656
-437052441 1932318073 -745112718 2004982065 141900564
-519579743 -567788770 -1743451046 1289395546 -442790061
-482843951 272362341 -188430376 -1310399045 -2068459696
1024434380 -830764396 436034079 475507772 880496553
-555940770 997295784 -1097668742 -838511580 -174595564
800337866 -463802222 1518055243 32368890 1587844133
1977769023 1734543859 1226543461 1114099287 822837230
741323078 606597668 1449734915 -1922544154 1416964309
-1862017227 1764626112 566670646 2058175160 -1054516347
852632952 1024414267 -513049202 1268938192 -504743282
-123649800 986339813 2094647422 2041801324 -168304808
-150992482 -1635815196 1331160103 208183508 534585041
1874476703 639078122 -116595666 -1221885685 601700012
-1925896795 206870516 -1242818074 41072962 -242053512
-1087862925 -1985627246 -1454194250 -2121561574 -2130912704
1611997965 -1150600420 1056128251 1474683021 -2089785977
-1432129147 1053041063 1899675496 2116939358 591497461
706941423 -1309754683 1143937449 577250417 2048667697
-12014705 -587027518 -986743281 -1935419364 -735325764
-1283892486 1555807243 427471815 -787220272 1294011620
2020795459 -849163972 1145508046 -1152313040 -891852252
-359662316 262103228 -75014524 1336592617 -212819803
-384149677 -1790591749 1983385989 -711302223 -182052122
-1229495687 1804550612 1726333103 -1147076476 995914143
-922002995 1014955908 555498677 1695845313 425092080
1872447597 -207646633 -497051637 1880893268 -1862964007
565301472 -502671281 1209823633 1772355111 -1372626377
1985737883 1938603566 -1271120836 1474184164 1583974791
-1262519955 180837121 -1802569510 2019853854 716837287
208685688 -978797735 1193146491 1382143421 -251004559
536328608 1865263921 2044325132 -697447547 1412908399
-1610805420 -673143639 -355255722 -2023471771 -1383589811
-774911236 862748018 -276668313 977212889 1516017020
824691230 -1702104079 -2067461463 2128477567 1235084708
-1247882303 1011906468 -1502504156 949860240 -271345872
570997159 1017005306 -702678170 -2057078618 -1319496039
-1985979011 -178239387 -979153326 1054614399 -1124615076
-1361646312 -2131416155 -1763419315 -1131935919 -1770141221
-666516986 -507946910 1226844032 1904255050 468399208
915788016 294503471 2116542788 -1063709344 1470836298
426678576 352510927 -73963496 -96926887 794419338
1658539213 -371705754 118123062 521881365 198347417
-1686865953 -1534484684 824044117 -1388618589 -2147413296
577906896 -500958376 -37161820 -1445961427 566425268
-1775677316 -2078237171 820384410 -1448939635 143364255
750212449 1958468114 1259857363 933584600 831950382
757134245 -1905625624 -2140119493 -2022174733 2114712040
1156095738 2019856665 -1161777637 -927454665 -544205601
275614153 -1462274537 1279617603 -1617307118 -2073130305
-329507930 -2025804844 1713322300 -250030515 1757134254
1129667720 511726549 -2050517387 132213855 -789804575
-44567663 -309056090 -206363254 1281472888 -158064842
551819489 1199751443 -1039136543 -2052188228 -903286890
-868756495 783116116 389667917 1966388894 1325698336
-520118100 836272551 -231596947 -1607433764 -1953212524
-1426807909 -1016346036 -815069354 -229039706 677802870
-627830598 146928294 -1227721207 275637788 1146169856
-1069592298 -549496881 -2136579245 -2091508463 -2077867012
-1654491205 1291423276 -928393314 1912467733 -1227233697
-187482692 -1824036165 1868779099 1006574589 -2013039151
-1951196399 -2102326155 -1157413357 -372433276 1135742809
-1358497076 778579931 -1652793261 -1203483441 -1839195729
1161522185 -1316199632 -960782426 -1182452217 939609547
-1808837295 2139097669 88057307 -1710775601 -1389246807
266469513 1916538244 -25062407 -552366018 1715825910
-1416354762 658018624 -890754433 -974102359 2064002002
1190941615 -1774724059 -2133895781 43698715 134433013
-1636591156 -1348338120 1478820062 908162381 -154303376
-599218382 -270659950 1902423421 731959466 847181125
-90072039 1635422527 2142124928 784458218 -2147228754
1849510999 1102329303 1676159259 2131771821 1671509647
36393601 473145407 1561460262 2006264000 1856358921
1031624840 -4436003 125187338 -2008310716 -1642498474
904952036 2069066659 2138425560 1673105711 927710269
528134971 -1302883656 1434757155 1468685348 -39142405
1386690362 1816217782 1146774823 1306729771 73219936
860477713 -1674365215 760202915 -157843202 -915704247
-568622791 -936780847 2090634796 -382131500 1501919731
-1064915540 276262553 -1249807067 -2065216938 -175613934
-443534854 -416127623 -350775896 99342220 -1872950386
-896460109 -232240582 -1261168549 -71919608 1404689119
434420822 -254804490 -746829101 -175271927 968182699
1740338063 -1490792559 1084601946 2010386033 -103414219
-969331289 309234496 1040827720 760617259 1192176682
-2040552146 1263009193 -134635907 -351202497 -959672575
1560008142 135089803 240664754 -1325226427 -1927017238
-1384349809 1868225841 -2118527951 2130642187 -445106826
-1257941233 88437417 1048420050 -102929489 -1325806674
328733924 640235296 -1652279824 -1910787634 -1772035624
-1352719828 1551682659 233427065 -6202588 -2069700694
1625312725 -29090815 1238459951 -1391901713 838312881
1312200233 -1409943654 2055913060 -1855058381 1907164219
1312311900 675776617 467417689 934378116 -1783170605
380030921 1278071366 -619074003 1703559717 -1614927012
-786958136 1974204991 -1351200450 -1780374663 -715527811
-177133850 -457620202 -241259812 180492186 783477148
-1259209077 -990851633 -1263637972 -1560675749 -651650789
1122001636 616940468 1884080662 -2146721525 883103113
1920613632 1924053099 1551034439 505366400 -1149428024
-1338261084 -914389832 2007380433 -1835102517 133170773
-1054200475 -520643765 43607563 2107866815 -336979780
-1190859335 35160793 -1620527204 660668347 -1050828298
126987505 675767809 -187356073 -830613506 1718666204
-1287511155 994587359 1924660834 949923833 -1149768213
-489869026 -1164529558 1412676135 -534501016 1199577232
1204249963 -1262519302 -1407978103 -194232580 1843431338
-1113001080 -1002757641 -500069632 -94370681 861048940
-290459727 -307685974 -524657099 633496506 1041162151
-618949235 1637295866 -85525012 -1640773029 -1433147694
1506742167 -1617770432 427319674 -7820945 -855561248
-263904050 -1759570550 -1340780843 727978575 1058628643
1627820398 -467039898 1374668943 2001123869 1389949891
-942325321 392634 1899990137 -1907686390 -881356033
-1664912974 -1687514253 1142031875 -226078646 90632047
1086881272 1437900429 -1905504818 -109927349 1929293824
1689698231
