10403 264 -2075470949 1346744413 -1087109150
119179651 811925158 -798459848 -1427884827 -566331344
1413157415 1154065146 -1209325718 -1166436507 740510390
-441179432 -299210002 -993538947 -1110180994 1932132232
425992898 -942794734 1097930510 -703280760 1738265490
-200869447 1741152112 921825845 -1053412037 41185439
1639538473 -1093582797 1638220522 1095022580 466850972
1665147677 -1013218686 834553551 1128922137 786011405
2069416121 -1008483644 -304392355 -588328177 1767577660
719009998 -106425321 1248630658 -481120264 -156128254
177109913 -1123079869 1677442688 928976042 -1192411035
-773324656 -2071059298 -678950345 -637212056 236260882
2080966824 873982938 -1868037683 383681011 404379955
-1142723333 1711527924 69653745 -876611954 -214787697
834899796 -1619756091 742314536 -2015729607 -315970306
-1135843228 260575515 -1766075552 -1742589512 1724857201
-1142710453 269699138 -1092439295 -652880843 -530205735
2121851896 1957111235 2058519761 1894623526 -43717653
1392517034 711680747 -1853705076 1141874164 1493350622
-1620509064 913983949 -1745941163 -1582516432 -823495113
-496082042 -384129785 688183402 -550592358 -727593536
467949131 1512786989 -1074085325 -2057558690 1251612565
-385099675 -1954981297 -1822930396 174612439 968294664
-151612885 1667320419 389413674 1319483873 -762603197
1231268412 -1136162265 1543559094 194173935 1273844119
-1447818916 907840120 147265319 -1951946455 9893124
1263926908 2066034044 1884466898 1168868744 1175823369
151748968 -298939554 -2122174056 1554093550 -540185851
-465877038 336804193 654887687 983661132 2051570028
1478724755 610384942 -1787914712 1389223792 -1726476837
1767667458 751711982 -1900342626 -1754100434 362183208
-2018322071 -1216168230 -367195175 -1321794206 -671639436
1143151470 396034266 -1039716345 -1475045018 1037817112
906310130 -1950014850 -792082441 -446996743 1071540545
-1651093480 -1086925597 335334039 -1095754698 -1546577064
-1909218328 743848290 -2130133950 -1756160382 -1907649693
1934971973 -705273123 629336777 1705519836 68614513
-1924324741 914611259 -1251180494 -1718743689 2036155830
309439067 1883305143 -645165458 2089071599 458439821
445706788 -2073126947 704490141 38535772 -413479582
395723342 1129175620 -699223088 -2040121593 476872089
2082499013 -1865324455 -1120737561 1500303848 -613560456
1821237908 -2051272226 1322769992 284535237 -113103778
-678549436 -439053564 -278514504 1795168879 938770574
1285115508 -1851963926 477203978 2062841894 -766721779
256571571 2081940993 -356308650 -242702855 -2047288397
1679777413 -1501242224 -1041990679 -238720027 -2026338334
-784660710 774525875 -615828438 44954041 1774429608
-1510614224 1206304223 -1831216103 -430511622 79615357
756293204 -558814536 -626635282 467800731 1563276389
-1332162055 1491839247 1660839753 -1664233936 -687086566
-1544172069 1916187581 225467172 718843306 -1587060303
-1880262415 469080311 -528470520 -2082988187 852172440
2110218908 1123155792 -1231364170 -1163491913 -468590692
1602712204 422512421 1581202507 -226311382 -861005724
-1915461929 -1334213602 -2108326705 -886315778 613393432
-180149288 911636167 -1938349771 -174894182 -1505667418
-1023967445 -2131177866 -461588478 -193374286 -749827593
1690738849 -216673939 20650953 -1575385040 1238875236
-109156739 191392718 1446414920 -2117368529 -133513188
628597356 1863740343 1660084355 177966364 -1756726360
1098634162 460537656 787808417 -1683789524 1426084608
-1706445265 468078496 960671843 1005879673 1717547766
2135589209 -1851306507 1021192546 1343044058 -1284553176
-1855885856 1526008550 1801313389 -818161053 -342044151
-1034117327 -1006630097 1766159147 -1913771305 -273865336
-812982749 -1752738478 -1616040726 -2002457684 1296473672
1170239365 -1328260560 163400151 2128111706 -1382344297
-2108666077 432814898 -621082772 -44018973 284445457
932920576 1722098789 -302855749 -105185788 1420412702
-416983473 -190648809 -205899477 1306207642 -482848214
1840566577 13361180 -2017561410 -1007706777 -731136358
-1711487774 -374130443 88257133 -989228764 1121605043
290866038 881593969 1005544445 1143055151 -296288505
-797304757 2132898911 1570447960 1871448309 -1743679671
-1957095738 -1819451192 -1887384592 -1700744554 1150244712
-237080293 -1733253753 -584231766 733693356 -2106374344
-94810337 -950801009 1452483115 1643505244 -1944418264
-1492819664 1595717573 1799095687 1470786423 -984218033
703663500 -1451360059 -1516149829 -1719136363 -1250736306
751430681 -1616065378 2055231191 -716930161 -707794964
-193459751 -106278598 798784027 84247472 -2040553169
-327349232 -181341355 216306137 -678687491 1910906093
-2005249811 -2070670946 -311768479 -977978884 -1454039830
-1137301414 595891593 -2109480508 -714844236 883413930
-1682920061 1783386838 2063818346 -1335710957 -1627718156
-1789857843 500868753 -446847628 -2002493001 748473344
-2026095290 -1713447033 -1342247505 -182090671 487132754
-795572821 1385874947 1356398132 340908638 -370117240
-1790081163 -835437965 149713434 1323434668 -1127850716
-1805773914 1723788455 -343705852 1757988707 -397798103
1881000692 -1614373679 -706188110 834952677 583033912
25294550 2013106936 -1042313379 -1512055658 -1729165278
-1633082943 665173528 447819697 -396932208 1266420130
-1277361620 -1748472853 -1298136410 -1311816221 -1013827733
338001378 -1139777283 -393019524 493860199 -1219286780
1066273151 -216084493 1319160309 1956337143 -1801338815
1759899400 159569890 488233810 -1618856289 1876515127
642100525 37227370 195924196 1581454007 -921479239
-81285511 1049153725 -1504271742 1128927854 -1370957179
-244621007 1209514968 1586143327 -520530945 583864576
-2040760625 227379057 575140268 -701445780 1897367009
-1260353925 1562457320 1424025049 109023720 -1176969618
1902070228 -944863626 480488697 1021892935 -713342291
1669083135 -357166254 -1046356436 -491314556 -714392407
-1600160152 -266387473 8421302 -276921038 1545343037
-1033210119 521253418 304038731 -156873958 1876071052
1652248870 -1812687107 -618882931 -303848190 -180873206
-199215623 1798114756 1539831623 -828785550 -1412483711
756623666 -1526274114 451000533 83637457 -503137769
264500242 -1825948225 -82048470 -154269829 531073419
1003190 -1549336798 -1223752096 -961957604 -2019151454
-1254866400 -1930695687 -860079282 -2002365838 -1829228700
-1634410561 -1702363528 -689883604 -378353184 -1474232820
1356548183 -1591652204 -942154951 -967201572 1171245662
250990063 1167026372 -1921746285 1272278418 -887040035
-1150670261 -599065434 507191297 1555426265 -777368741
-293080896 1786977752 427595717 2076218051 1426164779
33408917 -1312005670 324277213 143005860 998694077
1839192934 -1260350411 -465222287 1014873643 -2051427705
-1857202339 490700203 -79291482 -1825645953 -1812513691
1830215387 1188431188 -1425750356 -1512033374 -1894485826
1101646476 -1502167776 1031143430 -460203143 -1930547010
1871607907 1106603605 1287762368 1654227819 1545966355
-1623099456 1739252806 -24110403 -394306380 862966487
1118164615
