10403 372 -1256656937 2067949023 1873010967
-962904300 -1909279797 -831777607 -1434824933 1741002180
-1362112807 -1621974788 2003790508 1508983747 -1075444219
163383350 638516253 -1103517893 2055034884 1254061720
-688516687 -1889394055 -282753195 1217076235 -888592133
-23666021 -361230895 -521201022 1531397204 663177419
1172292755 -1618367710 1691564947 784538153 1509894206
1806309232 1900926925 928858063 -1195713094 779157087
-929876846 -703479447 237604835 1185167842 1930376467
1208810967 212359094 -375934235 171613822 -1333432030
-2023536787 570517126 -564207009 -1820701247 1317497998
232455211 976417268 1146062254 614106951 1164129028
-856748852 1922539604 297073833 941121840 1446759418
-2141452681 -703479986 -1460774703 -2031001792 -1375477019
-622287187 2053604485 458989003 -564079007 322933471
1685105465 437042854 -1705031781 -2139225499 1358277765
-1365071011 -515894488 -51332725 1763224058 269038272
-1727167394 -1936635704 -1726086887 -1482922927 1763952914
537760850 35923365 -274591337 -779884292 486701095
-1615132338 -595207744 79936597 -1563440667 1271028309
2111711346 1843670864 -838700152 -297391442 1175918246
-1037472742 -1010884931 1248643674 1929104916 1602226735
1797778288 711666688 1411359889 -2057827869 -608122273
809051271 -15551629 -133713142 677143113 1193770347
93336196 -643764013 1460007646 -181177118 1677338815
-1689846080 728486961 -915746046 380809342 -1610706864
2071160232 -1589363515 -111294462 -1615467052 -494027652
150900322 886291133 347392447 1466315755 1183614611
-1671777200 441021038 -1270115233 -396688516 -1804524286
1761014550 -1846514315 1403747170 1416552537 1012229457
1863238255 832399381 -1603165001 555425651 -949313179
-1963775665 1277582777 -2096010088 -1564937421 -699304602
-443098838 -1325894480 1727479455 1828999889 885614163
2135387628 777557114 -1642362118 1305048353 -919903907
1980120087 1231521957 -272359008 -473721703 1504837338
-244312936 1334216464 1982791791 243549424 698011090
-464684819 900777929 618458494 324069294 -1363619489
-996677702 2029340719 1925826118 -1282582866 -2120829425
1560727778 -1008758301 -1455898429 1701972763 399906095
874746109 -2108571512 1236487438 -442059873 -1573087532
248134366 -958215102 -1918773716 1157482830 1271796170
-542327673 -1506858473 -1369065245 -298111811 -267941799
285305108 12651106 -488829689 731947286 1953461176
-353967403 -1746712889 -1489705953 -136585873 -878086289
1666013674 -769953854 1902156753 -2046522589 -710317582
-64129305 -758036126 -1755472810 1363222418 438079450
13535001 -1826330335 -1652022872 -2075947135 -880332602
787651071 1564511365 -1547132374 -985764364 196385189
2115175873 1594202959 -1625149658 703247562 644991635
2033282262 796648013 -294663285 2091508244 1221052366
-1691410224 638252726 1434615879 -1257056429 -208518549
-1553126287 -1147303701 206045133 1233738933 1962661911
-6401359 -701260415 -302423973 1503964870 1093239449
1475516484 1369022012 1264838415 -2029297539 1112466370
-1783472596 -1026547815 1871289183 -55472348 -59338005
-256511388 1012338119 -1457600946 -278476496 -350734594
-1258175679 -1862956279 462124033 802423058 178028738
1285936364 498592085 1201226923 1701562427 -522917822
172954642 980007874 983170520 1390765897 1154923964
758998576 -994447861 -1036830954 1641224404 1800008798
-788197370 330420577 -1049048493 -347136484 426260230
692270280 -1523046641 -362534795 -1208911046 -441437230
2049729541 -831209662 240835600 -1240016647 1706120337
-50996562 1051616471 -983414140 -1234051444 -362905396
443334616 -158440299 1274050082 870221277 1312844326
-630437348 452379596 -932460186 -1155177642 -276452845
1914625145 -530585742 1921792369 1205135189 -1228296218
1523514059 844207195 1589808330 -486550400 -2137294015
-432687887 1740675515 -314478728 439447653 1055999080
-1042587032 1332221244 102072541 63851317 423565867
234568551 -1998704004 -367025545 -738391492 1895500054
498350282 385108471 -844743448 1279460246 -563681010
492144263 437095606 989650569 -1077217015 -33758856
752243288 1421809618 1550300845 -1712130471 748072210
-166758410 -313533574 1443341859 1497586028 441235896
-911846191 818411744 -565178437 250270328 -332275611
2077292446 -221658185 556782657 -1751790226 -1321286440
-684758109 -231945358 -1323607506 1753901764 -637319218
-1781364971 -1674172757 1984425777 2043112165 -1133604470
2012849506 1695542309 -7017285 -945442241 1991168775
-2070598289 -2065298935 446002934 -505062038 -1907944489
164410015 -1444721205 907801066 765194850 196342563
-1610394664 -366399068 448061536 416733130 2058385808
-1487595420 -2070930983 -140326458 323821251 787952711
1586498388 327599479 -720480859 -963974714 2133652984
874961220 -1497085814 314787616 -959893991 -559319694
-45571264 772480488 2027956177 1713374231 1313108921
984482497 -1266510415 -1863407760 -1869783047 1867416183
-438388627 -247515431 -1503592164 -496991555 1360611175
-1733307062 -61356147 -664014066 1109960297 1576761065
-880257080 -1978972932 -23157357 -1382664412 -1370161790
-472624963 1448430374 -788147677 1744492993 -549396141
-446099883 -2030505965 2014965037 708251076 517304790
1764685682 -538655204 -545297491 -997088909 1063613630
1849775240 2142391218 -1167330346 -1150679954 -1147907643
-837231693 -1066943168 960578782 1510901833 1759281291
1709051909 -1993668438 -221051549 1154856796 586294750
2060045833 -718537971 -1477366957 1127481516 1472062185
609548209 -1401418045 -1706920538 208297997 -311726800
1378539624 -1165058215 -1169177302 695334613 1405964542
-870127339 2060220733 -1846997636 1240268588 -921984344
-611763184 -1833659753 -1028515408 -1304624855 -1880587756
-2038890726 -1075657201 -502939632 1366080330 1915543112
555215337 1777261015 1598078444 -363844947 -2082222203
-313703541 -285142012 -3187372 -1770309980 1620178356
1727468532 -1687392568 -1692250886 -170683418 -448523184
-1532570442 -1376550998 -1228994092 1947520810 -1229687096
-2126931898 -1594630039 1601718665 -1635823005 -46352007
1266622777 -196088130 813738199 -319410997 361001773
-2099783699 -801716406 563859656 -650191375 1671203886
1491589089 -1947320270 661922493 -1220927871 188560389
1084111730 2114671363 432332744 -1176394782 380956995
319549126 -70546731 991503676 -1680832074 1719177195
-478405200 -729921876 -951457947 -222411153 -1127916549
-1403428893 -1051868762 761946351 345202543 -1530339574
-79365546 -1873633252 -147843441 -325458324 -1593104997
-113218922 1092992645 1283838064 551110574 235484187
925813719 -1327482931 -88412457 1327782741 1909565162
1261345141 563600631 -866050066 2126582209 2038301130
-798749830 1171402186 1702283569 159888317 247421560
-2061941108 1145141403 -1923512931 1892522455 -1381342188
398173230 -1376560097 -651004868 -1922636982 1510120327
-1447333109 -1824569101 -2084395745 1831762404 -1038870590
-1011899889 83162509 2106217860 -1197787690 1468610499
-246554660 -1108855295 -407850590 1391102419 200217770
69301515
