10403 96 1169539915 -2029349113 1159504867
-267631543 -1672778214 1707298031 -1049263132 -479759849
1386803764 945512104 -1580415195 242353140 -1906376974
1453334188 858583615 -492681837 -823373731 -719564976
-970992104 -1947730555 -797514980 -902655765 1779116408
-880070283 1819182166 -1268396612 1621356931 1591806671
-315754108 408744030 -47726589 2065211381 296007978
51927685 1077943912 697982979 -1196071585 365974882
-662247537 -1323073733 2108627331 -1186952492 -315233083
-1144730444 1399540971 425607671 -2061470686 -1695542307
-288644241 -483578643 -860183070 -1438564141 -1801769118
422365967 1698516078 1287376775 -175967676 756058590
-1767835531 -1460073880 -198068607 639670291 1224908851
449638683 -1253634118 -141644332 -1105996519 -1348054095
-2006487892 849580415 358380484 1019547672 1509818844
-1967012599 503198537 1565639218 14406852 1694698573
252542184 704060995 790328598 1004661077 358101371
-1257055719 1493050296 -539347496 -1724948945 1207877969
-1622812460 292029965 -436884286 1567225179 -1372121010
-2821075 -300752758 1810548598 -28802962 -1180731320
355595839 2090820086 1445942023 1689313505 529406567
-832326264 2057024530 34455834 1881620135 1705119664
1588502881 -2098452741 169423812 589128098 218917203
-956182945 1370067268 -1601702296 -244101161 -1266692447
532577694 -100990563 -411089314 181363582 1505591921
-579469048 2112985118 -886249677 -338713337 1137486090
594349088 1615004617 1779763834 -1123993383 -1348951132
-928173073 666041610 1080304587 -1142320853 1569529122
1680597353 -1616164877 332608339 683187258 -116568030
-1955196987 1076145233 -166211472 -1207667595 -1889016472
707981094 -1212376378 -1930990486 -869216959 1368700777
573573690 1736194480 -2012226936 1429434234 738775188
-1803802467 -382429846 -828840028 419827393 2029708501
-1996518571 -124309845 -605137112 1275117697 -109386042
-1806047622 1066962842 -1757520102 -296616082 864459393
1022419309 2016476534 -67459331 -2085410414 -1068608387
-717382314 -1995515272 -696345869 1790438147 -1963732756
1167409577 -833285832 892154550 255251543 -1920709138
1855606042 839367543 2082488824 -2032738806 -733964795
705562991 -807897849 1347228937 983466576 1596701346
-501032668 -1199147300 -1543397146 -331297734 -653721009
-1329070379 1198423426 1604391198 1558377754 -1584490887
88787434 -1526193216 1547417741 -1157195270 1005878580
274996964 1573647622 1314969281 1447149848 295431377
-538505588 1803016217 1399207681 -260736426 -1188883407
-548690495 -867102115 -1296735483 1898884980 626949537
-333864539 -149305972 -887197229 908475768 350386324
198592766 989908087 1963602562 -1710302746 -1260807664
2042095122 -809202684 1943427883 523186079 533238190
42056431 -2036831836 1267280298 -248269708 1434902885
-36314999 -1789323255 1746328869 -465984505 1054192900
-1493519918 1111863797 -1977294337 -1825540420 504401553
-1605253368 279703695 763890369 1052217321 -774704618
-320243028 -327030205 2144518342 -1242511739 -1573567960
-1731274686 339586595 1370436779 -821375728 1378013339
-1413332964 1192212875 733321333 -587529658 685653715
1787668802 -856220416 250916529 748884052 -1412570676
-1650062632 -797005994 833205410 620622193 -1342648098
1355892841 -458298812 1487200368 1201313505 -1141321295
1784720229 -444001441 1433672156 834085750 -1217840990
1613026090 516656334 18646908 -134110357 1352016075
880771205 -529855259 -645237077 -1987246512 761450532
847320242 -1503028226 250247867 482332963 -183558046
-883963217 -1227653634 -1357161590 2026822675 1522178029
-1946606922 -1513107465 -452372261 -1702387865 -324544123
-1794659098 -247003150 577319730 -646274153 529791411
1125102390 178293777 2122351127 1398524777 -1161391505
1264298695 -798332482 1537424616 -339030156 -1556574017
-1692869089 1188788772 -904804745 -1998457279 -128522349
-1073967237 1629446653 278843566 -2029296462 -2033445261
-1670000150 -1014890827 -463907783 -491603602 1128062373
1093850519 369955176 537187057 -541338817 1746870041
1316373016 -1210992871 1125187627 1678025174 -1541151017
-528404431 2002830182 -1536744830 845898821 895904209
61543205 -1129780972 1920859376 -35476886 -1552479859
332367284 159385775 421870434 1353513495 -17861414
-1736406620 899142106 1799800228 -441934941 91635729
-463515520 1798254880 -923042776 -1457846776 49634647
-872836323 1136446007 1676664911 -1845426758 792722750
1156200160 1952555142 1784183631 557105383 798299275
-2134604559 -827493396 -2000779239 1708893539 -287910581
1119962831 244444382 -1293786739 381449137 810969942
1591622842 -726267565 -1994145290 -1906872821 1078411210
284393388 699440532 168648620 -413576201 322207743
1032751287 2009333918 -2002673488 -263525617 162943644
-314609172 286372873 166837436 940768252 -2141731658
638666428 -1048857181 1267341380 -58173677 -1307624001
-229443829 -1690616505 151665616 835648887 311020169
-1456046241 787305289 -1196299395 -1727019118 -351827724
-565565617 1592266826 1878876612 1146893431 309785321
-650651024 -1692812842 1061444124 -2056804632 2123299980
1913832360 -683933727 -1735161352 -1853371445 -609484673
-2054061578 -1034615896 -1694531158 -1378424412 1861157506
1210762823 -365931341 447864525 1892269415 87627207
-224405873 -1890074492 -1282997694 883187647 -1707954695
737621148 1467159281 592549027 -154293853 2013855230
-88342120 -1819742445 -177039998 -1552133596 1283530449
1567339558 1719739768 -240048245 819917764 404642789
-963091237 -69160210 -390956789 -1452230021 1005059170
-33524287 -1739452011 1133615241 -537184756 1699918631
2022283074 1629932642 -1083918829 -1027998160 -344463914
1076545996 -371201472 -212252462 1869067746 1167135808
450268565 1632148911 1491987493 -279885753 431399998
-345295418 150487972 -1603992939 -1440787460 308429665
1088750853 1296115771 -440519985 -1745545353 629518686
2002052347 -1907878336 -765832045 -1806779912 2127946929
-931546106 533960020 1529344231 -1914102905 -1874284043
966835578 -309213448 176662390 -894936296 -1609049534
-723670163 1220710975 -1846798879 -1426356915 -1767771769
333255405 1766593218 1959825164 2012143136 1600221896
-791022568 -697129864 -1186122345 1210167549 -376906971
-1262707847 1164431863 -1861446753 -676067486 -1283684064
-932081564 -1447161050 -1710994842 1135591406 1628658277
1903429186 -2096655776 701135834 1123591976 -1729307113
587753734 -557760845 -848795101 -344759119 938906790
-139731439 1124336505 -1597368879 -947438993 -930109408
371789784 1434108244 -474124506 576967028 -329638734
-1253085095 -153382782 -586302074 -36720353 -1437356090
-1772425018 -606494393 -1966663007 1937767123 1425804326
-902598962 -1825703354 1384710576 -1797120975 -75386831
-1317930826 -1968873857 -1139047866 -1979735400 -2146123154
1744099166 -1297945428 59078900 -137074949 -10599942
1985650572 2086501578 -1006430122 702258552 -1944845165
1713282008 -463802327 -1879177927 1654703261 1230644986
1134408164 587467725 51203862 310593599 -271922196
-622423651
