10403 140 1597264307 844444935 -614298766
804125413 -938544715 -10871334 933453684 915094081
900065646 1365413240 1348507099 1719729673 332006936
71865902 -1684319101 -802928024 -724222890 2108487938
2125166063 -269930528 -1100155789 -652930941 -1414743084
-1084888419 49333219 -931183731 2061326068 -302640522
708321432 -1239550846 -1406092025 -2003549403 1667907586
194104415 729120514 1467817830 -999234050 -1337534679
-1012494050 -720370380 863060626 882190734 2068734942
-767209294 86105065 -1347058798 -1838630410 1508888140
-107605862 -968788018 1199744196 -25020978 1694881051
1212530399 -1208789442 -56510393 1128351411 -1932341326
1954262355 -2014538958 -1579394568 -71808467 -1802692120
1983058498 -678306271 -864413133 -190945231 1938867251
-1654689470 -74684788 -1790020246 1739912416 -1513365974
-1422668919 -709131091 -1017739998 -757094123 284287601
1802559741 1178704365 -1778058239 1308032205 2063009035
-1381511539 1110339794 -589559272 146837529 1567687069
914114710 -1068415660 -215577063 -344997900 -500818489
11740937 1187567257 -1814117669 -383695045 -1415674573
51334073 -1620084091 404699070 -217431453 2047002753
-1007648696 -999031599 1917232700 1043548194 1356484672
-1725587336 -1373907264 718254774 -1887834262 -203056784
540873672 -577894627 -505961631 1939649484 -1143554659
-1099022371 36196184 1915743248 304792360 -1849349920
-112539346 460055553 -723374046 1819478457 -1768680578
-940791131 1349459048 -1431120099 -1688314129 1126585143
-1600882883 -1099702271 -1677094655 -996881989 -1458000328
1001154579 462081075 -1559169925 2031895563 838833730
-941631952 -501759524 438585122 -2017249827 1664079785
-2046857051 882192443 793331392 -639125117 1712809787
-1240123067 1609973644 1610807684 737251893 1700986358
2073448577 -1668451806 -1348792505 1790327069 -1135586562
1299681804 879000383 2112485670 -1744207515 -997379050
1094886032 1427518868 -1617082844 1263662128 -587309844
-1119682721 -712890206 281190676 1602283139 -2132335487
-1171941253 -732705414 443780022 -207530433 1884955427
627483465 -469638771 -447209519 976358347 -292466699
1806609117 -2121098154 -459635241 -1431281189 1205797134
1352642629 1024430847 131419501 -1638523098 -225195108
22608637 -1887635281 391868489 -1172023834 628132024
417478575 251552475 1152733445 559882820 -1390552435
766593346 -312581333 -729833238 -1377644423 1977512900
1104159022 -1679517877 -1768386055 -319430755 -1138256531
1698213743 1375409298 2024283228 1952534898 -723051914
2042775402 1400089030 1129388445 -1706377573 -605971681
-1218451370 308523738 1914030192 -416611213 1697252531
-1823985395 -1340842765 -6957445 1686384424 536454954
-1757536503 851292952 -2089561194 -80220539 -822291390
1970408460 37764804 1770852625 -774844663 -721696600
-796345805 486867838 1979362238 -20023224 -1785348077
788882538 890472188 -996091265 1940699957 2058005524
1205822819 -561955281 851850761 767884885 -1435257011
-1010833628 -158911657 709381653 -1249279187 551635949
-935986776 -770308982 350779334 473558784 1341648454
-537127230 -1485745024 1934778887 -433191723 -504829212
-864254739 -1964125099 -1966316247 1886622464 -1463379012
-474302847 361139448 -1608549850 -55275725 413381163
983452107 1634136497 1155328971 354007059 1768763488
-421768863 -1547528668 1895492358 45719080 427398253
1142015794 -1468509861 811434097 -1942801684 1755946156
1714188193 -788554515 -1154447793 884511893 -1457308108
-2111236241 -920471202 -1967791675 933137527 1713405411
-1951749844 -1746569443 -913536602 -1582288917 -195854862
-1148216356 615206116 1520235182 133554277 -528266584
-2110464604 1052775325 -1499479105 1563008806 -1564927558
1870613170 -223679474 -25285532 -1929678268 1439286206
2025922689 1588945692 807437149 105491820 1521194215
-583871022 1040421038 -795680391 -1175038506 -763164649
1167809901 162252738 781851828 -1739083001 1472360949
-1137041172 -920890094 -72907969 -1358808304 1827016016
-2076358188 210641682 -1050233060 1907695905 -67475674
1806918666 -909960705 31533648 529162250 -910414088
-1716448347 2023890376 1616376165 371685198 -130016633
-1388299437 1452195 32725906 -836742044 40267306
239257776 1843686027 334431474 1925850767 1430961965
1219756284 -1599838862 -419765474 2127034894 60180330
577171731 477906902 917810336 -205535378 -1025161423
1322714352 -1270802903 1805486197 537524481 30471673
1736792745 -1267147421 1809536193 -1057007454 1972722127
-640233957 -1751022817 -736116071 -1905859244 1807369019
1585407892 -1118652458 -1006684714 -819070719 -999994036
839009040 1374116076 1086888041 -2040511478 -1809372418
-110657039 33916734 2081405704 384816281 -1923027345
896118426 500228800 1383873573 -1297777815 1904944323
316725515 -233798996 628093354 -1112083347 414402940
1023107652 -726734261 208531463 297344685 789282657
596956968 -2080633782 -357569384 132661810 993935039
1910526970 175493939 1771624662 1687532233 1562235069
783771965 858600635 1131740230 1144706525 1647662317
-1192675214 -1892168041 -1694404184 -224078224 1963263532
-1809888560 -1070884250 1107447331 -1997848804 -584338760
-265222683 -978130230 1848071245 483190723 -1176821812
-182359154 -370640271 -988088027 86462865 -565716433
-867790241 -42880262 -608936909 -1743882630 -260311221
641774009 -1731419205 949028631 1479967122 -925812849
493010319 387645215 -1044224430 -1549807551 -1533275158
1629372181 2002943608 271001223 1989497101 990400539
-1884987118 -335781390 196887426 705276608 -138766802
1968928789 -997909198 1705678435 -1102327121 -998962448
1492234546 1488404951 -1995097860 1324634277 -1247521221
747106915 19923747 -373847515 -728322636 1124769882
-1390686344 -1214263998 -862257935 -1043184415 966682122
1872302955 148521327 113597012 708495462 -382477994
-103108703 -125388829 -963339332 -27012954 1020485468
1500276578 951912961 -419017183 -1287352744 -1380223863
-858687845 -15476353 1467173684 922067442 -1440405656
-675626340 -1776063823 -1773896620 -283270584 251345873
1078685066 1363168591 -2088755403 -1995820439 -1695636272
-1417399093 -1654764045 -2017993949 673599907 922784275
1009639240 -1189885597 566156171 -840480893 1860492554
1250803674 -515968054 -392565530 -839271162 -1947651416
483627049 -1381881952 -634038616 -509038064 1611911472
-1223360164 190618013 -1052684967 -1892609377 -896595182
860698202 891538064 60767045 1499968308 487408943
-422117421 810958633 -1223589791 -1562412278 2073468619
206951075 -464605022 -585215440 -1922206960 424001161
-1702227228 168976010 -1568317634 -1393581427 -209020440
53458783 1174301130 1799167232 763045145 -126113115
319865207 -1438243705 1310339026 1016466904 -1622469462
291231920 -1548687727 -338658567 -290295943 1734201835
1267036857 2138182534 -1682753203 -869044575 -1494617816
-375207563 1148376501 -689269215 -1261615148 -2019521459
-420946164 1024259969 -1644107309 -1843568459 173671332
680243249 -1780717929 -1934832087 1207411493 -1175370626
913162404
