10403 412 -912500083 1421162670 29180438
688248824 -140764784 543899166 2124297347 -34295390
1749469150 284468383 -371354854 -1056102660 1481097635
-1589281404 1501108492 -143978283 1867949706 -1614770314
-1988554989 1943925078 1231638133 -489482464 1191983310
256303637 1589875203 -1620676425 1032652039 -1601485567
955520444 944411198 -1723704599 497658151 -1673653143
-1585468810 845181404 292939420 -1211941763 -1269224593
448083573 1918211492 1083702201 1796431419 -2122450377
-1502961932 2110364676 -560409608 1268614501 -411344734
-2074902081 6630000 518697226 506485447 -1401007816
-374971869 1578064421 927671190 -2080617858 -1606557201
-938658628 1938507574 426886612 608914338 -405860998
-1923389059 -435425414 -1840864135 -1764500888 308070939
-862933905 118269172 1006029220 -324308266 1759454772
-1046920312 -1649622472 1177353880 142065339 -1860214552
1293214737 -1437209868 -837028711 535857485 938022522
-720929142 -1258306286 1482695613 1747948391 -1604800443
1198292935 -1911528985 434417110 546090965 -1025830407
1352608185 1053297236 -290496347 -1358619973 -1545663037
-1837371632 -1019087904 1208416959 -72831489 326634830
-495336539 1924708154 172554779 1832141987 1865538739
375235561 1756517246 1338859933 2071418487 1004656892
-1183159845 1628972362 -2033358992 167349133 1848415184
-320659204 -1225832164 -741314036 1526421984 -764857356
-1289398713 -644731603 -1667107092 1431078318 -379275352
795661530 1181687007 -765637062 -1629602028 1954657019
1600050038 -1061868596 -2079121701 -310310614 1485178919
-1254642897 -603825728 -1880290008 -955704292 435323931
302783969 -1831073658 619562091 68921683 122192388
-214666206 754053929 -805972916 -484705429 -953629159
1452157364 1764429651 831993379 837847976 -1977066103
2049591717 1421059118 -2004287156 96200083 -1277085919
794338591 185631026 -92917945 -2107061405 1052942786
1240365416 -72231363 -1744555858 -1152455936 -2094007688
1026069782 419104712 -369776409 261338767 674372577
-1035222670 -384583803 -2089460792 898547073 -1364523757
556639671 169851185 1323788341 -1265350431 -1507456342
697722678 -817783465 -1676618425 -16974707 1432624895
-1152468050 -1275406233 352345251 -1440074522 573700570
2072345549 -598612207 1585930819 -2076815213 1426717084
1051999043 -1763536498 1492128856 100063753 -186006963
940271945 -1460747807 -1670407774 -1956354695 -238522420
279699033 -358513659 -270257127 1157906427 2124234346
1248879361 1550774588 541696230 1573234168 1720937514
156941138 -800846751 424637719 -408952322 -1738047787
1467407375 -1384057373 -1585130538 -1774099250 114734172
820185839 1769453707 276201338 1184190333 -1603141261
-264846249 1344169889 862609405 1050013195 1365694824
1808803416 912509168 -1803336788 -1293704935 1635638459
1062752689 -890960874 -1152879057 -2035146714 583005849
-1220432672 -165211446 1558782762 -752126196 -1985940499
-986005054 -2056356928 279665569 1931671813 -1955409773
-172878001 1545302332 -811548734 -957124611 584296907
-1163577648 316340690 303375024 -421541078 172574128
-1509769427 284303535 1143661336 -1538727104 -859782250
1417231728 1340374398 956776798 408138797 -2075307815
1151484496 519368494 -673132207 1850215025 -260307031
127411529 -934556844 642699532 -531017853 1754213422
1944169937 -2008829643 1545753710 -1834976556 148938564
-1416183211 -579780734 -1181998583 -1194246294 -1846403896
1162212950 817335954 -1610567841 1988593369 884579519
1574157076 -1200666379 -421769274 1095325425 108120332
-1473716947 1142147326 -704860254 -722877475 -1193968554
-415142405 -320816617 1435347112 1398361310 1651452557
1026890620 -543087290 -4549268 -1271466794 332144109
-1067856423 1682485174 -2002906797 -1980262066 135234152
1173764430 1481796125 1504947478 1404614172 -1157627410
591474325 1815689428 961561839 1921803151 -1320814670
-1252240112 2085379225 902783369 1267398815 -1818706744
909740886 1948261087 1667978526 2114346247 1379272164
-967270817 1026211310 831538096 -2034422706 -1308822454
1219331959 -570054339 -1405834403 1359636417 2122317404
-1015323252 -1567545545 -535936871 -1125500691 175613109
427946978 -472137023 1922094320 1757580816 1879234185
913203222 1191109253 850748361 1891759684 -2131661372
570570711 -412474487 450838362 -1303140880 -423989452
1805356632 1388937426 1043639726 196094188 -2013590950
-1303757881 400377703 -571041679 -1341814818 42792136
307431878 -31820436 356297949 -29085283 -461122773
742231917 692007340 -1992783181 -1274121960 -1002431387
-1547657825 1520033883 385984197 -1880609126 2017751401
-1160400759 627162903 -874059696 1606826123 1246429321
-1575521878 1858581070 2015079050 -1064770127 -1685989240
-671658129 -2140152500 -616799473 -1856395230 -251533144
-1797273132 -967430699 -1181656757 2036739117 1485895080
-1689974968 -1871721257 76877721 921679055 -1338345731
1154401491 868730320 1528928921 631214046 -1486515745
2084454000 1294557262 221010981 846132565 -1398370012
1825318185 143034718 -482389621 -1923949326 975872192
-704304018 1560359588 -2006692485 1867473050 359509383
1911681256 1411960591 105782034 1971148228 -1974054217
1775116512 1045752898 -1094355875 -1478426790 1333415567
1784792621 1242762728 1295280362 1421928297 -1753561429
736248161 1277960896 -675034408 37807289 -1768969493
1065220725 462319941 1649583633 1725519157 -1710211291
80259844 104481067 -1665714333 -1174834224 934384031
1938422239 380620133 1127519739 2056429858 586791399
1800118288 -1524818795 -785121499 395396679 -1282493935
-1422665354 -2144316881 955804487 -1085555062 1107806540
-1805682672 -208664345 518150480 156815954 1757294717
906858183 -1415911273 -268154169 -1177388293 1930364458
1559149298 946411266 1199072903 801692740 -55123366
876348530 2098165264 -1157984055 -1626419220 -1238597274
-826003926 -556686199 -1523876335 -1111467374 1776260738
-1708580086 -721674915 -1915983443 377535440 -2083111412
-168429495 -1496706989 -172833915 1341380396 -631655956
61801480 -849827906 496756799 1641377138 -589782349
727323257 -1394352215 -751010187 -1629752133 -1432526238
-660827170 1331292442 1741622206 -414532928 -538379593
-611664438 -1375028137 776382074 1712104561 -351517372
150494511 -1841135761 -1372086744 -901697237 1503431813
750471340 -1104345315 -1175033490 958402338 2026255422
1966239982 -2127328750 -589758786 1513861317 -2028818912
1948623104 -1320154737 193396009 1095964889 1897540180
-1097139248 744374476 921282376 408852533 -1032987200
546261659 1323936150 992929069 134745010 -921327439
401458265 1121282231 1088625491 -1092832794 -2119128635
2121929683 1464349898 -571757271 -867443661 -1681695193
1281958958 -1581384062 103306483 -1577192533 -2109644141
1853376900 386767973 -377995486 1834531678 364085475
-1102610396 -396332261 206741463 -664693051 791218285
1449275915 126892926 1930030405 -1409724696 767659438
1831290641 1748143934 -593134403 -1617308741 906163321
1597194405 -1862041079 2134432285 981464411 185953127
1132637188
