10403 172 557629177 246646046 635829192
-683670469 -1221630352 -628092985 1277491650 -351997534
-1567845861 -1898378344 640815051 -2132479884 -717843999
-1389211810 -1183046579 736552984 704746034 2030420269
-1184165791 -43031803 536069098 453224409 -1491622325
1327121686 -541332157 587365293 1227700492 -1558615220
-1978807732 1034691334 -1838774162 -1183793 291315886
1560491035 1942859464 1484723202 -836143747 -316235691
-2091314427 926139915 699089436 1106267192 -266488127
-886767843 477123197 1189913801 -127002657 -869903871
475646232 -13658745 -108366716 1543389887 -2067487982
-1980943032 1049263884 -1556802063 -686434511 -73801995
1693493786 -2114431570 11860953 724845471 1861657257
-853589540 1230891197 -196965450 2099455446 -1960952815
-823232211 -897780927 102861726 282300236 -1603496075
1703998677 2096047200 465465153 1602199764 1985212499
-1858270726 2062870515 1068676888 801373808 -1719881448
1217125420 734355097 346937659 1285918440 -604694285
1845433790 1898917757 1738567265 -1039522781 303146643
711908509 -1200715528 -641606923 1200420177 1735180827
300387006 1794357426 -79185556 1708901215 1114956399
-880709185 1407377093 -1862153877 -22199953 494714759
1182011956 1337957678 1138713470 3437203 1116650429
842561125 -1216362480 -834107435 -1246404356 335962993
1685759726 664171662 -1701075385 1957875957 2043311377
-1187965696 -45359181 1749952900 -1575020618 -787056469
1597428942 -1054212385 -680127560 76272014 133801229
-354882313 523771601 1244672314 -1879408665 1203854621
-1127650966 -55409845 -217635298 1146561371 737408380
471327853 717054005 61989473 276689048 -1697475143
-253384841 400303958 -504141148 -1397511950 -428366728
-959204508 -522699434 -1124425638 1499458471 2005306521
-710462097 -532693075 91774705 880074815 -1374460376
816685768 1924934732 -1759072439 493899966 -938899613
-551478464 -216501116 -2044988838 -917133819 506017037
1133136205 806023739 120343846 -113490365 1053139663
111739926 550026836 -1832900728 -580171531 705086657
-1862023593 -1913973300 -2052839370 -646873486 730483404
1889515340 -1312315256 1761238448 2567295 -576389449
926324371 -497600867 -577609123 -1241852098 2143830065
-1675758497 428399282 1876277421 1835993363 -612799442
-398688361 -1292190048 1675532217 -622618059 1613243290
40759567 1585583912 1244839995 -1707557850 1987275560
1283335417 432635026 -464693711 759636470 1410380389
-1563216961 1788568372 1934808326 484919542 -1005114145
-2082803767 -1373469554 -1072957019 1542732554 -255065319
1361652967 1662097706 -1112938785 535650161 1900243614
-1381132176 1566272346 1733549390 89111848 -60051231
-1669513830 1009304404 808354101 351459677 -904912283
1731510976 -564655759 1700598473 1173703451 -1845468730
1503127438 -1609948621 1834288772 1686767694 460073583
907537338 -1808057142 171056856 2082361224 -906380897
-1129779146 761871596 131795910 1364491593 -1487575878
596680961 -2084615228 -75873049 -1167828581 -1987171269
895926006 -1324785590 -747133693 1981305226 -725058670
-907348409 -1633306677 652161849 -1341155713 1124671843
-265878251 2026790154 -215495566 558451774 828993027
-904467931 1978965128 2115040549 1947137064 1707815976
222157618 1014379179 484169437 -102527436 -795589857
-1301385210 1500728633 -948429339 -208455412 2045207291
-2135623351 -252928148 -305383188 -1369618831 1239530370
166273315 476246443 -289291114 -1243633540 -1522332644
19521063 -558601167 -17829164 2131837072 382847654
142007083 -370609305 1095727801 1972028565 1430864724
2133783334 -1678868736 598945897 1581482068 -940970992
-894846818 1544717575 -271985921 -2061718300 680687655
-98769780 -1626122882 732163456 776506786 776008027
-841815589 1384316981 1488866353 -844004366 878192839
-2094540329 -2032846019 -1710657434 838496607 886104877
-1751559620 126605470 1259487230 -344339611 693721320
-763869863 137648261 -757986609 -1566379193 -1312261584
1687871081 1256543364 -1459568625 1977368415 -717994038
1634463815 -1978557509 -366399435 -2004870503 321757115
-992330376 -2041220999 -1849194921 162265156 1902845071
-1231882326 -872168837 -901310604 -75496394 824953379
1544133392 1789829338 1925450443 1741934488 -195534583
655734918 -509596656 480954220 -1757896775 -449489571
-309035707 -976987861 -246637009 -886456956 588201879
-1764626469 -874439010 1758237949 -1357244336 672304417
1198761590 -217108823 -738086035 -344164925 290149742
125252276 -511217670 993584772 -784075889 1306249381
774628602 -1055136185 1008927386 -1267453233 -16656088
-1836745966 36944230 2023063302 993935930 -364235344
696864739 -981234579 -704067076 -690105438 869265888
-104059614 1991234784 -1654127693 -2041581547 504566958
10652034 498192335 -558935069 -1055580797 1744986948
139261153 675775583 1020099277 -162017122 242315119
477538663 1180988229 1306095126 721247624 -980105566
-205755126 -2033782946 -1686571042 1085472242 -1537669425
-963761151 968398124 233416694 302346003 -1714539431
-405124674 1915476576 -685331710 1377290351 959808827
-649398804 504326817 388162570 1958706938 -1710628401
-1447774317 1998234947 1572142645 -488150709 1804903936
728148701 1348255341 150232688 564457819 186277050
1543602417 2103668706 604201955 623208967 2103037362
-569805613 192756050 -18574707 1788638977 1302308927
-1291786316 -1120775120 442519978 -834428640 1977398710
-731339259 1231385447 -1257008948 -1036758235 -1620047248
-217170147 -632831048 1602664619 -835916808 -707761692
-81002581 -1078099403 1125954420 2078240830 850983851
1223891830 -454308081 3869292 -1552457444 -1770751268
1976105605 -1306153555 -19216704 2116083430 -1030501361
465993980 371215431 -1554798751 2041593871 -1976225689
-225100329 2129090559 2013959268 -539305503 338629845
-1873918273 768574424 -533953928 622184736 -1976584593
1734180566 -1704160740 868179271 2036431237 -2042221474
-814968337 -678668174 -167122049 404336017 1351843573
1940861157 -1980400488 1730510685 509275692 -69919758
395893804 -278811564 845285958 2140953128 -436921208
-360084928 -2102462624 -476440074 -1220713193 -692630068
-1314489463 -685727792 206643624 1872923056 1182437547
-216616338 -1253305614 1344127247 -950684338 -854522960
-1535508331 383721419 1560132790 113421563 1940783152
-1171904247 1303514350 -1597565606 -511948726 717372849
1556767781 1017322357 1395339705 -1347072333 -1372769281
1347097250 -643048475 359928085 -610698786 -540587154
-265986532 1516662924 607653986 336812253 -1286291843
421741476 681732910 -1002897340 1919762739 1848462347
563339102 -2099348851 -677833077 1796407803 1585552284
846332976 316899972 -2069971010 -11900344 1128643580
-772955444 -31608666 2041464151 -1943309824 1337381428
-1743938635 476699994 -1382215386 -1414926599 22530521
-943590110 -295175582 -757418135 -380628710 -741913621
1360699686 789349288 698348703 1875819281 -1386348357
742520411 -1338474214 -1870820183 1106120687 -2008671585
1659542112
