10403 624 1657623896 -518336647 1853507814
-158986705 1178648228 1244331349 -1868616174 316722795
1458289328 1307537137 5182462 1465182311 657610108
1193394253 1830282922 2038716451 1603754760 -1764012695
1039421974 1457969567 696801108 -2047790523 -1275608510
1954932955 82417248 1645234913 -1514511570 -1871134249
-1805507540 -224840899 1065689306 -1054842733 -1402483528
557598553 -197286074 1579385103 -1324671996 1918214965
-1961729422 -1356161205 243490320 -1459019055 -169443746
475789127 1484431068 -1289854419 1551755018 1553433859
1545185896 -1197687479 -2006366090 -579664769 819203252
-349745115 -1649275230 1626730939 334762432 1897461441
-867801714 -1927968585 -1696152180 -2006954723 1713715514
-386873997 -2008550376 -1122259143 -2041956954 -2083757073
1336813924 -806012651 878298834 1104076843 339128688
-1472280911 -1324541762 -1971554777 -1378772932 1842213901
1465784170 -722263581 21866952 -1499980503 1047752406
1306959711 -1222348268 -200385019 -2008249598 -1822659941
486948128 -868642143 153982958 1109901207 -1104800020
1251366653 -1278508646 -786064813 -28980360 -189724903
-164105210 -164055345 -1014896956 243384053 -208839886
-1861906165 -86133552 -628598127 1180361502 -680631033
-2087763556 -509053459 -1211074614 1070542531 -854894296
516254985 397067574 1694083647 869369716 -1440850971
551499618 -537832581 -386393984 1080696449 386398798
-748198281 -260564916 -1045212963 -2003830278 -1527324877
-2110172456 -2081140999 1637802598 538999215 -639740892
359871701 1002774418 -16338453 1095788592 -891429263
-1771577986 -1796619289 -502555908 891676621 1676478506
375630755 -1456818040 1528605929 396839830 -1151064801
1244875988 1389316549 545395650 -1226003365 748790752
-1767728543 2087554222 -1064534697 -801846868 841956029
-796220838 -1415801837 -201684424 -1562540327 840368326
1211870351 -1944358524 138517173 -1944513550 -1979039029
1382468496 3625553 1305216990 -1331260729 2107548764
1253984685 -842282870 -303523709 -343685144 295034057
-1912536586 -975302657 -912145868 1872308133 1280122914
612791611 -1998921920 -1814362559 -1946792178 -447806409
-1481364724 -1669196643 64191162 1213118707 -1621003880
90484409 490229542 -1857925265 -7258396 1181020309
1872836690 -867679317 -2064064784 -41109967 -450928066
1952240039 -1231004228 -1058432115 -209405718 2006316387
1441695560 1948843177 374335574 -719361313 -1384847468
-1108085371 1968725122 -789139941 -1971598688 -116694495
1681539438 2036792087 1833843820 -1121722755 646087450
-96121389 1011222776 -612252007 614124934 -101948849
-2053653436 1800746613 2104855730 -67586933 467575376
1104546321 -1594233698 -2050719609 -1721186532 -232792723
1596971338 -2136751549 373487272 818809993 -1741947210
367015359 486849780 928494437 2025572578 7689979
-1436785152 -2094289407 -271490098 277635575 -1017446964
210540637 -928007302 1555583667 -293580712 -785592711
-1781105690 1559356719 -1685657180 1317694549 1487802642
-346843797 1173362096 1208700401 -1846302978 -426401945
-565190532 -187101363 652552618 -230031581 -967240184
1904020585 1194149142 -1864863585 1806254676 289169733
1066362178 -1824886821 1297396064 -348919327 -447498706
-1703462697 -130912468 -1087094211 108209114 652199827
1172850616 241026649 176380486 1896536079 -357120252
58495541 -1335704206 143713867 503658768 -2027650607
-1801154210 -192401849 -374494756 -1685245651 -323180022
-775902205 1812522344 -600966071 -1561609354 717233023
414873524 -1122369755 -1091882590 92141755 -1002656576
-434367039 -950454130 1658814391 103583884 -980231139
-2015052742 737389683 1045819160 923577913 1748592806
-923845905 1216304228 -643586027 1068214738 1575528235
-1426715536 1914283441 1369746366 1767124263 -874896580
1957970701 -556901782 1077922019 2032821448 -1831281623
1996448214 -1538312609 -812622572 -395801339 -135844350
1870131611 1273780256 618410401 -461772050 293418647
-1818140180 -870291971 -2128837478 1529610579 1067533944
1798407705 -527390970 -749269553 -1237806652 1551347189
-845103566 -1852647413 -543518768 2011347345 1032582686
1521589255 1093487772 -892975891 -1221444918 2063553987
-879389656 863349769 -620742602 -1707228865 1736634996
2090863333 -140813726 -2057282949 222016384 1416379777
1464716622 -1442292361 -219618484 995418077 -1305314054
-1077885389 497176024 1187270137 -249490074 -621129553
1631223588 1399890901 760873618 -439912213 -1697987792
58178929 -1728941954 978877159 -1308678660 -1539623219
-1140831446 -617131357 -1390251128 -671323159 847658646
-2059158497 -471189548 -1623689019 -685787454 -1754320037
486719200 499399009 107798446 -1942424489 576394412
933775805 1732158810 -2132149485 405865784 -507705895
1669510086 110166927 -1562567548 -1039758923 1039103730
952011211 -1486969200 2077274449 1886395102 -704591417
849850204 -1014294355 -1085240438 -702562429 -743898392
375725001 757691638 -1172756737 1948134708 -1314269531
-1148435678 -1847821253 2082044480 635184449 -1536220658
1942420279 -867174900 -1584225379 2019098042 -505438221
-618304360 -804016711 1296925222 1490232943 7891428
-407806059 -361161902 78645931 -1137821200 1139119409
-1667435202 1466075303 -2088834884 -1490163059 523959274
-51340189 1627472456 10992553 -964568234 1769341407
1937166996 1366041733 -705101950 -52415205 391636384
229376289 -1343450002 2020241943 1193248620 361491837
1234798106 1104786643 2119664632 566248857 270106758
-1334265521 728000324 1072244085 705621938 1607728011
2081520976 -1162974959 -1039073378 1144371079 282907164
-1986286483 -975725494 -52303549 -486329944 616319881
1176990134 -1609413441 1766598644 1475830373 1669196770
-55419397 -946470656 1915473153 1937585870 232478967
-1792948020 -334747811 -887603590 470825395 -2053158056
1656409465 1501474534 -935740369 16323748 -2111448235
-3607534 -60662677 1977643184 992161009 1365522942
2117228135 -216437892 1632394829 691956906 -1624529373
1401344264 -1936012439 1068644374 1185286047 150351188
-624717755 -1389164478 1368061659 1370213472 -330069791
96012590 64073687 1689172524 965431613 2028807898
129707667 -522927432 -1694808743 588582214 919482127
-1970376188 -1579187915 2059348082 680734027 611521552
473686225 -2026986402 1125147975 -292768548 -524812243
1267166474 -922365181 409215080 -1103414455 -1833292170
568930943 835510964 726183461 137385122 1470234555
1718699968 286995649 1228409742 -2046462281 270424972
-830379235 1529888570 -1206742157 -338695656 1316597049
-1300980826 1861095919 -42172572 -829548779 -1240888110
-828477909 -291412112 -1326414671 1812479678 747103271
1938730556 1985384973 -1161126550 2074636259 57876424
-1147823319 1792496854 -762065569 -282572780 -687948795
-712126206 120551579 -1564576992 1903874209 -325960210
472821143 -1647792916 929461501 100239258 -61970349
1852359032 2100167961 -1724556794 -1085184817 -1155842876
1940495605 -658497230 1958485771 658729680 1211701393
-729216738 810603271 -1636345956 1285559277 -1860174390
-733250365
