10403 296 1570506620 602503406 370553901
628230037 -1273257772 211055556 -735651296 -2121890761
-294278434 -330066729 1166765247 -928673989 -1228006808
-1480290847 -89036768 -2104422625 -626315991 1504326595
-405215521 482515079 -2069758028 295635651 -390029491
2142300963 1446699022 -231781000 -461992763 -125998422
-143560938 503163744 1132706115 -1870024999 -528175046
69523243 -1597084877 -496178631 274395459 -1427306078
-1775620317 528704886 -492531251 -2102677832 1800085717
1177037106 817704092 -1295496537 -635032147 1888316486
-750104416 236130068 647477588 292346260 -876830013
-1286676027 789279506 -1661694837 1386076952 -1662910757
434783500 618614805 701426007 -539858702 1223203710
-525851228 56212684 922520336 -1069105687 -916740460
478758473 -80516437 284150763 -93069568 2137327899
1359292901 -1059095177 -955142669 -1096052700 -554943420
1735777528 297587557 1041742123 -1323370106 1857824691
987856665 -330530214 1413821645 1923654753 1727115368
-1073597165 -1112554526 1990376621 -1776836456 -1333007265
-75897161 -1836694387 -2138736808 937186469 -2019541231
-874046218 1225837819 -1105320237 972419190 682114912
2135224110 -678678262 -459239848 1733929013 1540711988
2077716007 -1401367506 -1534577400 -1677407924 1186522322
-282966926 -884669339 -100940657 -1383957066 1842247217
-700374432 -1772772545 -1444891141 -306756761 2024261749
-416110159 -483399070 865891998 320283347 -1015947013
355937600 1415620990 -1739665593 -319193174 -1792110485
-1959521182 -937126576 -1512974420 -2054352228 -2103651012
-228451552 1263210692 -514358402 -1282939255 -1370193007
-942605897 -1160998804 1026131422 -1164729728 1446034058
-1383410856 1751530751 961095314 -257245932 1767138318
-1521810107 -830297656 -1939751755 86250455 1111588063
-1222286566 168059723 207170088 -637903715 369146816
-1562420659 -2094727216 2012655597 -849703915 615575751
1313711402 1811662747 -374088900 545474775 -1247496152
-2003681294 348787269 -1761695460 2022793273 -1330176445
-948731837 413902553 194219865 -1123587907 243505006
-1409131183 1755145504 425530292 -1031733065 -609024724
1459095499 -213574026 317084258 1411715646 1954376568
1228228787 -847218048 161661686 1780466124 14580625
-1561980915 -2079788755 2065732916 -1836199530 452354936
-1622916172 -1164789765 1936327772 965257060 1074550678
-384125631 -1069559764 -1055577583 1010994130 -1014676840
-1358726084 -1246300914 1319752084 -925176551 -794749700
617600316 1203369533 1277978630 539533041 -878312566
1399997267 54471680 1447952545 -1347308244 -956902948
-1846535553 -1087024142 -1914124860 1439942088 1670714301
-440947955 1896063707 -559000497 967835413 -1522791201
111288299 -1187800100 1613612245 136904041 -385049697
-235080379 443195876 -55906041 175989999 1126510979
-1443486233 86540462 238749936 1151239972 1148365733
-253975676 2121639276 1849995020 -1301362537 -2090542820
-1220647966 109723634 -127387516 900759482 -986470654
-867860273 -379401913 -583805150 1883680708 683564703
-228868623 -382868068 36285718 -1331252164 1422919662
374923017 -485899472 621267860 -183634878 507512816
1192741489 -442241301 -905667185 1972761204 1065772644
380212827 973503016 785114437 -1245659522 -637787469
1258266594 -871157414 -1526652924 295194557 1399696557
-911371950 -1400124897 382436335 321702288 -203451238
2140000970 -1830842955 553652274 -1565984307 -1753897571
-1530943098 -1389558802 -731773968 -419112 742915745
133306295 -573292370 261208658 -556188593 698891282
-2064111814 161917830 1681643304 1499520526 155965392
1708284522 1213779893 569299609 -1816405528 2118873319
1011903946 677116449 -151220680 -833760963 -305182445
364569385 -1918947815 -1998712931 -229353023 2069145294
1284706783 -419475096 536837988 1033157642 -1240638457
1863227250 -1271515337 983982271 1651731897 -1088810207
1193388111 1146643840 656111582 -556715488 734928489
1435802849 -8107289 -470000856 -674873442 -1076733464
-2128754985 1058730497 -2047395359 1585268797 1543168703
-2071680796 1270891410 700521683 31701380 -1654560465
-1304732414 -1774156482 825834359 -635576710 1478727585
-1228335971 -677722019 -34533455 -1632598131 275491257
-449556348 -1729571056 1391004537 -1236124985 1612698012
727062362 626868567 -1884352304 -2031908433 -272546338
866118158 1535528059 1452591835 1238849152 1445725266
1290715852 -144998793 -874188436 -1329435542 157092231
-864475793 872934800 1980584852 373379162 818414222
-1666175017 -1370208035 -850537391 -245014638 -259824937
-1779496186 -1673648947 1303242927 1964248344 -1687652215
-612106944 534538190 -798295218 1631327005 -541340077
-539215092 -740228451 1845685501 -12608289 -835389868
-1234478944 1103586053 1678193937 -424915969 -936276720
890473561 -660480825 -990699524 -2056958088 53145565
-1884309550 -901252124 -731074211 -1678546165 -1990534020
-614469204 1060833051 -862412354 -1620492750 1761514816
-1386386291 -754343336 -746952365 -1675835407 -1292434752
-2144820740 -444368303 1531989650 -328971987 -247719858
-416767231 1147888431 -563573567 -1443329642 -897845123
1080924291 -1217594253 -275270961 202871258 794677152
1329597984 1587720315 -1934385222 1378069813 1298752925
428799644 1548890090 1786739879 453224043 991454238
-160842978 300331864 -587728207 -2039528890 1156294483
805945078 99163695 15454359 -50885703 658361307
-1047175818 486850123 2125307137 -655395808 -1259258924
2145212124 1660727973 858321999 -1820933644 1823194669
55010003 -156900073 -98218492 -131321004 455557240
-581674490 43994208 -328770532 -319546620 -1480769193
1905253615 2111215096 -532190918 565352937 2074455470
-750259595 -1180714933 1346926627 503023530 232589272
1667760378 1965005188 -829275000 1384815240 -1735804658
1515907899 1059516993 -1235695698 -361849172 1967699755
-1846967280 -748973802 -928587727 -1534728964 -120780750
447698708 -1685197301 1963360369 1409690019 -1593136019
-686544540 1113829180 -1899321761 1305539847 150386804
-827058823 1055936653 -647175928 -870759692 869033349
-1971989940 -787269256 1097968731 1948885722 519582497
2070261213 -1944585195 501090775 192459807 -643419090
-669410571 1843041797 -1584208000 1071666131 1734351214
-512236265 1813265684 162378773 -434951495 -1332887456
2138357215 645168081 1900010784 -1873818779 679696796
-702507006 -282110474 1943291986 -943613670 1330833134
-746063343 1516251892 -1863847760 997566133 -496218651
2020571581 -998976975 -738957403 -1140209369 357245705
-1708489918 -1525720394 -447908665 -2126144490 1038882994
-1263993628 -637601290 1228748919 -122388039 1122555055
974756291 1614211633 301378515 -1501145114 -392330565
748509737 -139200280 1192311830 1679331368 1720930406
538196143 -723825164 746427573 -883966834 2132460555
-85609986 -844248603 1651644697 -1493159169 336823762
-1141236374 569562422 379936382 2124256344 1495830626
1159179144 108484859 403142782 1284331319 -95540575
959727923 883342761 -2109376055 470627329 -674028749
948917220
