10403 128 -2143971393 -351025992 1500162320
884820422 -1807401029 414345483 367472612 15511020
1433574503 -1987901736 306295334 341379903 446418153
-1695754097 -1166087173 174089162 1933882036 -937222971
-808282831 -1105250919 -1472635294 776783462 1247096413
-1453639269 -2091260130 -855317405 -1264233379 776583464
1949800918 807224456 1465271002 361832895 1531710493
388324758 1769367150 -2102319380 1335579657 1573455521
233995622 -1486141242 1328729365 1888380182 1599348516
-654721467 512130967 226191653 1872512597 1944390476
1728261938 1821915851 -221234281 2078819335 -527093392
-2139664084 1109306239 854179509 206886572 1709302537
-604575173 -1627294370 1701087012 1343633398 761915180
1374947913 -1838122477 -2080674900 -459260916 -2144045198
-1165114505 -1889060257 780294496 860531000 -897884509
-1843965012 1898242826 1067838771 -1621519723 1783373691
-1328480185 1134107670 -765318096 -2032781615 1714999957
-447590995 646349318 -1681062158 476456577 -175198961
-1914083070 -1183531121 -849230503 -1164026284 -1346867398
531396508 -2138845922 -410321357 -1820139711 1206640570
765710442 -446871464 -605337067 1882366997 1051595778
1305704722 1220006033 -493624390 1104351384 1511501769
-925553901 -871813135 -521467887 1029359576 1018047838
1559912900 195833267 1606199402 1551663993 -656221780
-1019537202 1320915261 -1480848188 -1937529612 166214649
1711361193 -520947565 -1298430704 -630844237 1258335923
99184869 -1983110073 -806673284 -1006837325 -1556236110
-1975450397 180287733 1846681020 891035791 1729710485
-2147343260 -1491180104 841158942 1701665409 1606374716
192516736 9270178 -730719754 130315177 -335109304
1996685247 97109986 1486032832 -1178963377 236990154
-529964958 901701731 -889230741 -495477635 -401302110
1041084185 1112865857 -2051513809 -88751551 569857466
2100800737 996464008 35632497 499673151 -482256530
1141262693 743743187 500792926 -1393714724 1237410328
2074753182 1172566287 -1966082810 -1898473466 302453079
-392847920 799401484 -653723559 -746718631 31921875
-383231219 826083094 -251315149 -1271815498 2027928539
-301393361 689983313 -1245932678 -674057857 -91826469
-361340564 -1356486593 682093917 496818282 1670986150
-2145858688 -1442470444 1638954693 -344813430 -597401141
-935501758 152170562 828796104 1593465045 939108068
-2101281476 156097909 18318362 53016126 -761292889
-1793791569 1447115109 -22072721 -1528210848 281913085
335955740 -1168371415 -227286391 425879571 240535616
-2102104803 -1433001583 -1241276174 635318593 1330561343
-725122672 192663236 -632336070 -1828163402 -247441537
511966164 785793969 -2079089136 -313649300 832042330
-785717381 415145186 376433706 -1023207173 2108404892
-482670672 -1083656307 -324210691 66234847 -1136926287
-1946014950 1846868223 -1864871510 1126892895 -973387597
-1865699555 -1570902538 1729130843 -1674800209 1366397184
1719803243 -662905103 967186270 258575802 250878348
1424882936 -79313095 1151992006 -1498910785 -267007418
1697707798 1208724324 1038859841 1118192096 -1491740512
69640985 2095281030 -390026270 821784283 -172616557
-624770063 -1672575853 35672116 1581798073 -482475890
-1215761863 -316975558 498261206 765739558 -625833064
-1150100945 2011377316 -1220348710 828184604 1294765450
2105711458 92687219 1297868076 913043812 927493273
-1003667911 238131070 1086824025 -1043089687 -324852249
98978589 -812879590 -248910041 -790023139 777910801
657080113 -1809069943 451640400 -2030443851 1196406751
35409468 878543636 2124064931 933635172 1235385428
801420052 1550516538 -1799894963 -1909264302 1802794116
630312142 -2065465976 -176712336 1423018833 148951118
-1962155698 582273959 -719467701 -1280317812 2129291007
-1125857629 -634534991 292007939 1938101660 -822558495
-1849107965 -962885961 -1437560445 -976053861 1036660178
1845386219 225112581 -2119049242 1706918450 -1545615203
1670347070 -1022077142 364222362 -416610020 158196523
-597732064 1225631718 803036368 254234446 1301111086
-836010769 -1255230992 830216392 2039087293 1925467389
1141629978 -2110336363 1971094277 -2004466821 2057514769
-1542941554 2048689747 128580457 51035109 1418403981
-60669355 -1505261004 1433576785 -581200453 1448854552
-1927798320 624042095 1400528112 -83203760 -1889516944
-919123466 1536964977 622255734 1073442328 -36149894
526201780 -383728332 2144909493 1028983018 -582590566
1389485779 -889793033 904160768 -1257650365 -775318009
-209954501 823052591 -1345682763 1990080208 -10075985
-451501799 -216642176 930839960 948670300 -96919261
1526553472 115046035 -1355474430 1976491719 1739681089
458841253 413695488 -278915272 -1607081918 -1502685967
-1974105870 -1636471034 2040280749 874250821 1045048209
1548897616 -748501507 -1880282416 -1488014403 1948914824
1785882954 1870467458 -822922695 1134693941 -1778980753
973647226 1748790845 -396229021 -2070602226 -717347498
1637217466 -634401215 2052677070 1546876781 -580697000
-1324891171 -1842597409 -1514094345 -2085568046 -574642470
-662667600 469077911 -2138103540 -522374236 1427782463
-506343513 889569203 -1083042782 -236711049 -774051458
-1244753249 -203086534 -1195358356 -115423496 -930610289
-1070541797 -1728052471 -673622996 392268739 2012830005
576078652 -4157932 -117279352 -1430199281 2000213956
1883950231 -1923926434 -30446637 -962245899 1646578969
683363644 -1339481396 491410358 -574965691 2061199950
-914768982 -585620519 -890702679 -978133555 1465215116
-457215983 1516196580 1157022441 -1939174884 -1398753690
1436222286 -206699355 790288089 -868128917 948738750
306145433 -591111257 -320044334 -1440545270 -887133746
759678037 1820947002 -1267183239 -104359988 1094313969
-920616357 1099704637 -1169930830 -1948569519 -1587235515
795149689 -786942799 -1767994582 -775644911 1730418100
631097288 1639931672 -1956205687 241796303 653372597
1453411617 -1065714215 934620848 1447713129 1222432974
401441234 -1143685880 921284932 -1300297483 2099233632
1965734373 1989808609 1225944155 674895600 1535151856
-1398939542 1172780190 -381014546 -4787881 691301256
1181453635 -1319842825 133480223 961696119 -557853952
1688887459 -72849746 612384050 -1247875486 1446247483
1821492801 1103747799 -1828687117 -120680905 2034514930
-250284905 926119080 721833604 -358748066 1955147546
60002051 802193338 852355823 -1971560701 -1409815450
1345099074 -286556373 -790312175 998205452 168375993
1951705645 427312706 1387490204 1980795623 -205939170
1911735286 1127285236 56048510 1315227054 -1961442258
1681889083 -1590148983 1496510774 865969960 1946368157
-833530996 1715695164 -1575602331 -1292297369 -1055874612
745098019 -1582695217 -1279521945 -1597749269 23106755
-1937777005 39612820 1236152412 1831162725 -670609573
-255519794 -1839627913 -1080068929 -1279544368 54031494
1342840285 1809149576 2096340416 686741750 -965581916
1166229676 188679148 849391353 1497505939 -808515512
-1432226158 -796638985 1609405874 -170833565 -182607587
740015171
