10403 420 810138277 2143498307 -971025302
952317732 389459265 -11997404 1504080405 -1313170580
1623656019 -589373893 402409824 -1108838790 -1232731576
1168048795 183949634 919677315 -1549285686 -117534961
-970946198 -588729659 1517198806 950662604 105326495
244037155 696907698 414987924 -923902196 -1434262164
-1932795136 -348225526 -1548785404 -1331631507 -215230551
897644900 482111207 1596882045 -1050761294 -1639636793
-1163556070 -493322803 -1692403537 -1979450787 -188087563
-154460248 -59592485 -1868690300 1127767730 -1592404620
1121184536 -232973324 -497520496 -2038739562 -2136223543
1565134983 261874655 -1906369774 -993776241 -2082474111
-493778828 -944939749 -1340079382 2067011952 -482125131
2073958748 -1248934832 -1566332092 -512153192 430055003
-1842124020 177840775 -150849063 -13843509 405880108
1375512875 629158824 -2021415807 -1475905617 1247927257
-737472276 -707066048 -784477749 -9331340 -197681633
526681327 -1877300854 929979489 -455963029 -642467485
756988733 1347839491 -1120502863 1586774588 -1458374315
148556965 -1967414139 1319031689 1144063740 -1815595172
1832389611 -1923411025 1792155202 -649406855 864809769
836181746 1753413563 -1824228954 -1483819862 876267650
780326068 217244124 -2054201068 1280511082 -245606139
-459840989 -199002268 306675960 -472552927 1714374974
868621239 -741620618 -2012904049 -902310866 -864323405
-1800766176 -1735522481 1885565175 -183421169 -99178068
-1595032602 -1960333116 821918127 -37180393 -1107636906
2091803250 335782017 -1180887612 745977730 -1350866455
-232852157 -1373991184 -1999685622 -1215664597 377008718
236633902 158279096 -2019701214 -1099018381 741979291
611629656 709348058 49043125 1275249203 -464247926
2082587752 -1228869443 1010620537 1950138141 672709000
946481430 1058321641 -700122151 914507472 1621813105
1320240441 -2094227111 1895484508 892286958 -951745590
-1316826257 -132944496 378376713 -1665593652 -1764456214
-927339122 1626233806 -1598102089 -783655188 -2133005344
532009356 1715442471 2129068643 -1426034675 1156706944
716561836 863025114 -1065876992 803560522 21776220
-905741315 -204226445 -2040538015 1043074729 82642316
889402963 51797600 -1039889275 -498094285 -459356567
-1080285936 -1615897024 423813815 1550485698 -1633583439
424515769 1214895394 -1272923060 -1471568192 -154201409
851870664 -2132817896 -1761675029 1567373379 1918206162
1936512548 -1325721319 1301699171 -1992506460 -1655320215
306306520 -1159480989 1557464754 -1826441614 -2030415146
1722233009 1662728097 1049569944 -1934137594 237570565
80006399 1445176477 1616358913 -484121315 -243160185
1577238770 -484253094 1394289767 -508035806 -1712736709
-209739393 773734431 -1610939544 -1111231529 -685618387
1463494912 -693129000 125903950 920924080 -1384122160
1025048017 -1027391497 -373203335 1662502822 625528404
1588243461 693395074 1040252467 8053131 -315120047
870293761 -814769546 -32735697 1250475745 418203821
-826369418 -1976597849 -2027978294 -1774981118 -544500380
-1507524837 1642079890 -1227035859 134416456 -1306111745
-31327443 720143607 -1793573037 -561358889 1143772947
-240157368 754329546 -599877552 -225118060 893190860
-185289631 141073030 2145282137 1849901202 -1875985047
1383396983 407539615 -1142540809 189926208 -1518082334
1260539770 -1814668938 1268832534 -1803187380 -500291639
1953619805 -1175619029 -379295517 -536185938 -990967436
549982428 -1272417468 1736605524 -734077009 1855713989
614502164 1606991325 1421979525 1793165974 -450134998
-69594690 -558864631 1588475868 -94198327 -74491289
-2959622 -711289765 -1011407253 121571811 -2105853238
1334668993 387478238 1843850207 2050434460 -1129620941
664985472 1486759614 -125877427 1562681561 1269879190
234434707 1469412308 -934998265 1213211270 298430967
-1526017506 -737813053 -687028619 421079077 -528633337
-1916555428 1733741133 -752081054 -794441021 285811262
910964379 1112989363 1012294811 161342770 1775479800
713899859 -1778079305 1254573131 328288509 -1808022906
-1250346417 -788812132 265078349 -134516515 564082711
1902214406 1869389628 -1447518204 883368209 280820931
1090078721 -1969363928 1939642264 1950608396 1224224706
-628860722 -1085283320 -1348355445 -858336771 -1904644657
-1297224164 -2048379613 403851954 -708302038 -1866317618
1195504342 1836577714 -1282514616 -244174275 -2019136618
887774452 -1741136611 -257496367 1383552578 -405985420
2102873300 38228724 560872110 -259920516 -76206206
15127259 1249357759 -1209933334 -1950361786 -112199151
-855926890 1760409537 1494381852 -1481789337 1535072130
-1813606881 1292446714 -1564483264 2026982462 -1824330630
1071438449 985298806 279187298 1911936620 -1728772782
-1951127085 1989014659 1802768634 1516567364 -698850562
-1321730445 -1105683670 -2098319597 1277829090 -2099544918
1880421842 -1169896312 -1821224825 374466002 -1027360288
-965684737 -138425297 2121179418 -888919554 1051581500
1640374045 271494913 -1592147584 2029136606 -749443586
-894646505 300194250 -364585638 2134849372 1705648031
-936279761 1007753823 764125429 673513115 1738418835
-1971679225 -307676447 -483108002 2093961568 1414850031
2004579703 891787216 -93370484 1376282990 1178607580
362742299 -1069411566 -1060296747 1505412760 -160359727
-1234484842 -829166255 1136996401 1511399400 169518843
1116982551 -186010574 228089688 -534082721 1102018449
1376618070 -1207511781 854338524 787684533 -14367961
-2022029297 -1451860695 1898034893 977030885 434675123
462843117 1844329170 1730970666 1824628118 -1566706650
1043877643 1748273723 1413621246 1014612954 196345136
-113723075 809742361 -770890708 -567407143 -1217932275
1027918964 1284770926 2108563145 -1363188572 -1029590211
1034048785 -1376000740 -1791754304 -2107194343 1360642368
-560604887 -316290251 -5980069 1264570663 -855941140
310530017 854783717 847059657 35054278 -1877189178
1847358981 -1828242168 1352987938 -1793677962 1067592083
-1308354303 -344350382 406680829 -722853966 -202732435
188225207 1654333250 -1519428520 254577857 597296308
-121913426 -1453728762 -1016632469 -1191020675 -81915208
1971832850 1141565350 -1196870091 -266819718 -2042562732
-1031754543 390366778 656657860 160724267 796349412
287854355 1584687188 833063345 -1204900232 1461193024
1890033658 -1471108733 977386046 -78013954 1835086874
-285717008 -445044305 843322338 -1179271616 -403743654
1810435234 -772256017 -119205355 -1650601919 -27556246
956241353 -9570683 1835333903 -1093626057 -2028271744
-545287683 467237304 -1246099780 1218536480 1320140177
-1037622503 1740245005 -1239853267 694304921 -721885719
1448317176 -134987634 1220437891 1972014109 -510810704
-2124934617 1594911001 -315506899 1369518249 1427493205
81124881 -816308229 -1150244571 -1602033187 659478332
-605577500 426710642 -378187443 306715782 917210863
90721211 -97310326 779501679 1249208544 1245163590
528004466 -1719535088 -1598637742 701724004 1170027327
1666561946 570239757 -67671972 477673804 1343599394
1907196145
