10403 144 -48275913 1729046711 771118590
-577444633 -2125211538 1521732064 -302959177 -875913005
-1470267131 -25795285 773087841 72793841 -1122319888
1780953629 -399190604 -616752644 -1733003917 -1646772942
-1002516668 490972604 953686010 192821620 -1103537592
1488469238 -885611602 -1321339008 232275491 -1496294669
1002797944 -1795612883 2017043779 -1136610374 15591704
1360795747 -471495765 -2131538230 -1900567962 -1054941068
-1905375142 464804267 -1378118124 -585105410 -1866711587
-13618197 918236350 742543134 -1983541931 974001651
477419747 -387669273 -1683882401 -2059548244 -199294347
1551603569 2052241699 1042366832 -1704747035 288890927
-1037923003 1164898513 -1788073874 718521470 -1259922921
-1181997411 -2114990617 -688103031 1914826395 -1601698800
-2073419391 -1858342597 -630561099 -360919201 1743589429
613319446 -1293908127 1954785871 -818600585 1951688097
-2016832650 858909734 1993390909 -367862316 293167624
-1023588027 890510942 1213803123 -1584088248 799262723
-1234237940 -1102811006 1962499531 177059937 161087727
-601798328 1322847249 -1707140152 -1582622872 -93115426
-1632546113 -104027249 -410265506 1778305807 -1524724643
-1877968664 -1967034456 -1774877953 539361937 -1052897589
-593231159 791232354 -1645549619 -442899717 171761285
-1229953314 1355656560 1965381281 -1683552715 -3273155
-1812505778 1904886187 -915450793 2078039539 -1728161919
-265596390 -672653201 -898561724 290352988 -1629540569
1988542329 -1613591203 1778000196 2106103585 1627436759
-1672319136 -1641304223 -1707846924 935423808 -1419804240
1502593722 -1405914953 -1302479672 163738502 -1016636684
-212985059 185763811 -501131691 1829363313 1354535170
-1361062301 123991563 -662760069 1740130295 -1682348976
-288159064 -1895304701 1422390690 -1883598389 -1659882328
-321304974 -657720039 -1491825195 -1859036600 2059065478
67245735 1553860464 1702533618 -486871170 1860399224
753040602 1525541049 335442240 -1660301889 -1848718183
-538194368 -1742218262 -216165462 2109226219 873790657
-924016490 -2118014548 -1088088155 909915833 -397426638
1641839187 -1150801593 1744671218 -1345933288 -1878350589
-2024883874 720935604 260344906 1640379342 -1600427399
1094901454 -1654141572 -950935968 -18856147 -1650883774
-841231201 -384950478 2073911155 -1916577317 -569772228
-729683503 -1264520282 -223690905 693135937 -1124941811
-1762313296 2016068034 935722062 -1718567816 1814834935
-1469163379 -2146145378 963325322 1190217139 1803642227
-1253415144 440774001 -1824536341 -1445758306 1827995442
-270115803 793709518 2027109905 896349836 835938186
-1955945042 861256373 -2010374158 1096279242 832450373
1262403654 1203054706 -531147630 -1824481342 -143163890
1891938333 631608604 406241178 -19403944 -565372623
-1350847593 -298860886 1932055992 1564489621 -1034256399
-1853968426 2085034258 1485172773 -1972151629 1342209642
1056495756 -208091452 -32645405 -407547801 -2071533265
148804638 319773681 -1731799718 1073722381 -1034754397
-443032081 1428718848 -1510760382 1965368612 -1566093810
1388214840 534494990 -1235064874 566912311 -1634898027
1237808435 1450078617 -457602601 1965153288 -1690903135
-409255831 -90383596 1926799159 -809850112 -1115154414
1327656567 1523231540 -1298292366 2095266107 1828548795
-807757768 -131779994 -811440659 -245120562 -1005694307
907904214 1405739254 -753283823 -1585277475 1860402900
-1558523802 1406415963 -476482514 -1249161375 -602854340
-273112960 -1104441989 811314943 483418283 1560012242
1971465402 1623405975 350891166 1098471543 162223214
378246558 -983260844 -1892889559 -1669358107 43297161
-1138618220 184242817 -985540832 -81087417 -525428270
-1042240234 -105034931 -1925846184 -1494562926 -949378466
-417568329 -577000339 712646031 -1036469620 760013934
1754577346 1126467798 -1059266982 236743743 -309729298
-887173100 -860836357 1691065962 1177581362 -1288640520
1111569015 1204485641 -2064952007 630368817 1924593226
-1490756499 827211535 2099940251 -174923374 298632167
999156532 -1693411732 -1523906898 848065493 -1860264907
1617249077 1752093203 -1617912159 -1429313410 1774061913
2102992321 -1354705249 -678896876 -968538927 1415722135
1181873706 1587732702 -152727278 1081279968 -877690081
-346153787 -632593957 985038137 -930933790 902111484
889656090 358181004 2077680011 -476616355 302138022
-458797811 765306866 -1864725387 544870567 905520864
-1158845412 -1871859485 1174933242 -334552907 1748293410
-505210303 -173103967 1278805232 1352409820 -1896769649
1048067788 -1185436635 -1584869088 -1040265606 -1918061164
-1642167627 -97678585 -268408741 176921991 -487107296
-1986741356 1351988732 -1535145446 -1917942210 1491205900
1095441355 -1128790982 229497306 -1984261202 1335554965
-2076402514 -1210700474 -219263460 -790236969 -2053940705
356772074 624288712 -1892590808 883196214 844634384
-307168132 -1899297190 892008782 201541898 -1678925406
827505993 2127309565 -598989430 1498679500 1047163080
-683401756 -1925682724 425854832 1736237141 2143199006
-1173246385 -1317646257 599304879 -1991899081 -1325742492
872879234 1363852657 -2071159249 -1896690118 1966335518
-1629579065 -1707204598 1593191427 692885390 2055955579
-1799801841 -1104534534 585721469 50470858 118433699
543514508 -241411419 -2075330278 406138380 -559615818
-1913955090 1593523275 -959894491 -366286747 -1028405599
550343107 1141862481 1063423949 1730443638 1252761475
2113942879 -2087426197 -1636856826 -2104131114 -1532937387
1652853090 -1572200588 1944709726 367879897 212016588
-1985708016 -1585826158 -263613966 -1939253636 -912426116
1615203357 -1098551419 109068927 803411672 1478407201
-1695861999 -752637555 -1691293226 -1698253969 -1243956475
-1190576626 -167638348 -2127820275 -1309595068 343538507
-1572732904 -1085558168 420189300 1939440038 1986011819
-754722064 -1749463488 -1688415456 -487323357 -2030605144
1489496007 -440483117 -151174750 -377574628 585867611
-7069597 688857509 955461762 -1522687525 1128869853
339046241 1712386934 -1875093312 753896231 -1863525550
-1952660118 -1859676844 -431060119 39592277 -1802413122
-537975021 914654601 -269451230 -1320768174 508088841
133720482 1829701881 -1383036625 1184042464 -566727970
-1688177083 -316951507 585563019 -1394476232 -1385384180
-1662760506 964220904 545163776 -1169590617 -644502648
-1139430304 -684343122 47802381 -505150905 -1157873458
1394841443 -436361952 1041509413 -921213743 1431912696
-631029550 -1909639233 -1508855441 -989220354 1758520098
18304628 -958118980 -1327621710 214564209 -1389186791
495388033 1891033581 -175622065 85504008 -131413738
-184801485 -480139854 -1146114604 1751400912 -41396741
1718838232 -973727016 -709304799 1239732159 -1365807652
520812206 -1973349707 -1721262516 1242300686 -1587261378
1962352550 -1353945399 -633722470 -332690663 360440898
-64479336 -1732814121 -563494121 -1443134883 1541617913
17440379 1970672825 -373651814 628947 -2012548969
1123904581 920764751 1840368604 -1789727655 1752368179
1689800406 -1999742657 1880064107 -1746228648 127240437
-1222951656
