10403 288 -1898360964 753086054 1035852368
-1292466565 -465834473 1644672763 -1657092786 783975348
-2039266219 -1157175529 415425047 1342103687 901972437
-1487248170 -42270658 1038111692 -1376307695 -1284274920
32854561 2100621908 -1427614952 -1267641592 516168857
1834293969 132260006 919591668 496163723 -1708382453
-1514925996 -321932922 -1890807324 206749091 -1060103700
1571108727 1045776257 852711452 -2014649925 -409604555
1644908619 -1663253795 199527965 -444042316 505163572
1942524455 488807593 1348526921 1601279352 -743966370
-1559378765 -2111339401 -1405469316 -1069939470 -1327844502
2120962230 1961554257 345213112 -1192775488 808342865
2139863177 2043000622 -1737230490 1512679005 -504240093
-843021344 2009800121 68395963 -1169746945 -179049728
246561424 1228637115 -1590722624 1603129979 1826652932
-1726633020 1633065973 196920681 938625537 -468929646
2004374379 -1730404442 1289800540 524034105 750386798
-959916566 1287770833 -1699813133 -89321182 -334413223
-583789097 912324553 -1414045998 -751921101 1415198870
-833095153 -1177663798 2097450899 1674899272 -921852505
1498976951 1111520010 -421843092 -572293449 1537497578
1740505805 -1787551872 -953376013 -1734487999 968657340
-1000512648 121404138 -675537458 1092507276 -1109617872
938767394 749629436 558012227 53104026 1266607726
-510839737 -152635670 -615436906 -403654704 508280693
1357568088 -208625180 58315861 -1365542690 -2092271824
938694429 1068375245 -860282490 381522411 -1989838360
-706193821 -1796020066 -1399245447 -152784700 1321976566
1939522783 639888358 -1084478275 -22290261 1022189958
-632128970 1436919377 832046612 -617032996 1992545035
-1463860491 -1062186778 929937373 555118105 -984766323
-2082762484 -405827649 -202112880 -1796947148 1985997666
-2073146305 -838487667 -2109092205 -1404869661 1888085325
-1132582409 -1659656098 -1594171056 710090767 -1513834842
2013832575 372877458 -625615968 900881468 -272350460
133922509 -324961163 -1344585268 864765695 226205813
-613888939 1508128209 27407327 -1361938227 -2022192238
-1490450070 -1233973385 1247231006 1157546252 371088172
-28613337 1776053146 1741055836 -1916752781 1257203997
488534469 532890301 -1898560428 494000323 91747259
-1324869724 1471607381 424868357 83670346 -1856032485
-502695963 18919794 -1908384456 490459613 762148704
-2127736840 -1772725740 -208434674 780535277 -691182451
-548298856 1157882939 -699719028 1382668324 -738062751
-225311709 -1883438136 417343109 1819997872 -1783701600
-837653262 -271515889 953850776 -1766218831 2087358884
-1557404600 1837085627 -103402468 -1487883207 -478248109
814328276 646036489 1009865524 842487665 -103730973
-1090952312 -1249992972 555229964 -708285302 134758624
-1228483991 -1187896114 -1047776654 -1803375402 743230239
-1862020861 -630679727 772541122 -810194123 762252420
1719751406 -195512674 -1943950382 823621807 -305008379
1323663427 294454499 -46335190 -1562075369 -788339868
-370714331 -1069174316 -1736812694 1421715175 381031797
-1394274467 387366508 1084716978 1476804209 -630649856
-1912588816 -239957806 -1322666733 -465050180 -972643388
-406308275 -1403448379 -347456897 -272307742 1992468880
-1214396585 -2099868378 -1851323026 -655162331 1119311133
2114733047 -1294565211 1692701950 59542446 -1528052340
661552058 -1690123977 132253690 223071257 770485813
825576890 -1456594209 -981650319 699372945 1763589698
799640904 1829000418 -1791811368 461922598 1644762838
-1711065956 1607981453 1063571021 1341732439 397555386
-1734019747 -957409912 776488166 1779059170 1092573424
1012299239 1050471618 -402957216 301032275 1671299629
1275362795 -1227821295 54782172 -1834037981 1610578271
-1345902228 -958144100 591777386 -780935500 -438845868
767317392 358965047 -310298506 448559645 521419355
1996671718 947650968 -1749355206 873239589 2079112651
-469445879 -929962379 1564539095 -13981554 -2142377923
1156057696 805180922 -153008636 -628382954 -1185076315
-267508183 -1685956888 883802426 1733322472 837243618
-1598556758 1182243993 610653532 -1412622416 -1926985793
1050973056 -1480306075 -1259902858 -99579549 -1281567412
1447997716 1168444414 -298631874 -190022198 716125727
1632572225 -158215632 -1864386089 -1060575740 -10216215
-1951674622 -2011023584 -1695398924 -1802323931 -2043033668
-1115684003 1766178229 -2118756279 -839371616 1113875375
2124771471 -948299350 -461575656 -598355398 -1445763661
358488761 1985105943 -568193682 -42929704 363048137
556647658 1917892226 1576814145 394904216 1731444700
-942733811 -1611414584 -593700072 -1127301702 -2050991292
1701451673 -1568358470 1371678192 173948908 1532789963
865933355 705924713 1191683872 605849566 -1791659980
-839433515 -1099306939 1437771220 1732490985 -994467650
-414023946 -1061687359 1421062509 2080278657 351304097
-708582402 1243416072 1618353501 -2143995181 1966051214
81277749 -1711994125 -1813870569 485237284 -1920166602
135443914 1230240320 1601066477 1397796009 958759111
1445633163 2090145403 -1271174566 -760720472 870494386
49967074 143935938 -1179263809 2087622931 2253804
631600361 2135792685 -1718268246 -245618113 -1926159252
-1199914472 1695844770 1668929145 -667669615 -1878458115
389992837 -548731754 227647715 667635070 -303975581
-203522582 602514828 1861095658 729629028 121274263
5055659 -2073220920 996657990 1315452956 1818779456
1436613503 -1170462742 981330694 914935438 753788898
-1555550526 1430457127 1940705490 -1711707953 -929486046
694329730 546548777 992430809 1082808323 -840713263
-1918025937 -742223863 -1287598056 1981110986 1250479034
-1194947875 -1793580888 -1968415527 1558519859 858243759
1753358632 655111800 573159407 -706834224 -985831674
-202349981 -864671220 -1602639499 -1131545589 -877064361
-428556499 -960320090 831202305 -373243882 59147243
-169023179 1870056027 2039371507 -273872266 183932543
-29527448 -234739140 2054492242 -1463468583 646936714
-473813657 -1966084257 1213228766 1076399124 -723213604
1025782521 -1244900842 -1427537371 -390907893 -205424722
-1065326244 -417023649 1321320415 -1818123079 1107692809
229031279 1928912175 267593863 -933224122 -1975647611
-537096793 884822288 -435511540 -2091463245 -566790508
42418763 149206603 1408172326 858068737 890792508
1466822117 -1188263197 1898729985 688276776 -686292991
438681364 1903707396 -2095603109 1005934216 -307747398
-1247010755 -1490586752 1571155898 -266538145 1108182335
-1459255064 -1690748007 -774900059 248052506 1068389270
-33589283 1036184044 -200662032 637547119 -430730295
-550346132 -2002882668 -1076253351 -1616414556 -1034916758
-2140598827 987357684 -1047933626 1932348841 -757859743
-355568094 1770016746 -541525986 -1651701144 -1727063556
1713505063 504572302 400772846 1698734750 -1879279163
770731862 541451229 1049867455 1186857929 684452398
-1755667046 649429441 -1468226519 1067809634 774720286
-102665409 -180458194 -1470027379 91476809 1391327893
1306305505 1330100322 -1855369013 -355445381 -1877140
-98806170
