10403 424 -568778594 -1820190947 -375040368
-402218011 1176692367 -2005783370 -1308225549 -1186391288
538482082 -1832888825 -2001005821 -831869013 1883030235
137633922 -985032555 1411488191 -1758442902 -96829191
573477925 -1789104467 -1300767978 2089234752 1529291300
-2097788095 -828780983 213560016 -165812636 864448618
1439416355 1658266973 296056670 -409632334 1341674496
-1346080808 -490062612 353038164 490939913 -450937617
-927544779 130297141 -2051009846 1539151809 -1547655954
436848802 283236165 1675732768 -2062796147 -1272834138
582015012 1813780818 2064923867 -1254515271 1199561186
1512923938 1487593118 248944663 598782314 2130187513
-1850944125 -1833249280 2019560129 1323639179 -1698370845
-1323549772 -1665365864 -291291530 1064278945 1449061311
-947769169 -780038817 -1278882589 1042629214 -739552047
-1455105875 -62429940 -1688897144 1298395157 -105643897
-1246870824 1819839157 531066284 -396742657 -1091321117
1385991264 1317488191 -1542489097 -1750777836 1500479240
-634254872 -1071252983 -594996711 383104853 917907311
1372484221 -1642459824 506317111 1050019892 1013702966
1424971979 -1088558359 1801266702 -1899223424 502212866
-1492388655 -824422185 1101189508 -942575182 1187364888
270556850 63431222 501773508 -2110062401 980150709
-513135288 -1491423778 -1655389019 1595814073 -2132234054
-1965666708 776995473 1461520474 1741224064 2145690475
943953960 -2061960901 -1245000244 1770664154 -2031128385
-661344052 1483734429 1075864519 -2093984789 1029231250
546654398 1006213234 -1543161246 -237092858 -1337266058
-333102937 -1684941835 -1543630034 -990115430 295575349
403096551 -2111141859 611920102 854934738 -468359129
914733474 747466529 1426970083 696560780 -344670122
279102700 594656332 -58297655 -758074000 164683718
1268420397 1282101679 -1402844534 -1862494794 -748378731
-1032690114 -635660672 -514068455 -349991627 -2358132
-1050342155 2095709864 -1960874262 -1047394160 -1683632666
-1164381335 2073580168 -1539257454 -946739277 1333293462
-335455849 601917037 819285378 1091717376 320808748
198042316 -684996640 1126641460 610778735 567240263
-207218216 -1686559389 -1506242919 -1932118075 554879602
-1316137360 -1307787575 1860143801 -1914214717 -455751898
1930555883 1251933996 203613004 274336131 -1351514396
-423334544 9056131 2057262504 687830066 -2067480516
-330999844 630897154 -751494454 1558094434 -2090486751
648570251 358662128 1544991981 -1872850563 -1494918001
1398749520 1037457132 1873753568 -1406996851 -332404056
36399925 1054823994 -1136505520 -1843787642 353833379
-1174677415 730153762 -1495803109 1487755953 -1292879755
-1351059606 -2051196951 213181199 1399748919 1311953559
-458221331 655737372 -1202037840 438920878 -1875182458
469023785 638639839 1782355327 -258286041 -816403303
-1773421813 1473970897 -1345706181 123093100 -1741960401
1640121465 750600888 790813425 -745817167 1519258174
-377220091 364692969 -886760519 127159963 739481964
1618594387 -1062835200 -112892137 -1054653944 -522237566
-943552970 -127760493 845011426 -140190565 335956050
1123886627 -518077277 -1331801500 168645268 939239298
1805024792 -233508752 934386153 -92773479 -1268491570
-1618740411 -1323532734 119566770 -625469277 2014999816
765267589 -726313932 -438409900 -1163555092 1451460493
-1406341766 -908861788 -2077906380 93951539 -446605582
-686871023 -1178458677 1523413038 -1681228857 2010460992
388128743 1082159762 1062512454 -192856561 -1034305140
-77984167 1400505604 -1599164249 1775866363 1538581199
1840712406 47173012 -1156172968 1431839296 1392317251
427896244 -638154290 -992025976 -1153486146 -1804658694
1917257553 -1089024698 1366411497 1413265016 -1376670015
1362988728 773611650 -111146413 -1455847532 683229994
-705337206 2032870607 -950203489 -79536577 1629344922
917213100 -537936666 2048697518 327387522 1970396165
-222360099 -1554887395 1548187015 -1795318449 -95612737
659793648 403220842 2091444309 606255307 -1407393341
-1933765548 721755811 -994797294 -675804304 1693197469
1371715645 -625305888 1448783289 -722149601 1421810070
1273736501 185792939 371184037 1330037632 -1656084330
324275142 811867001 -765012932 -1546838853 1101445361
321541133 819146288 1693815213 88034778 -1255949598
1418378854 -1675616170 2105812250 1300107681 1888824909
-1588832551 1738532772 -1197130484 575312782 -953953043
-1055977551 -1435240759 2010548230 -716477654 -225882385
448678393 -1524443617 -200343267 377756979 1327309557
-1385466185 1936369032 175332832 1976531894 -1282223135
1559116605 -1788759414 -1161979184 1400698700 240051594
-473417822 -172045761 977258947 -566506283 -508028930
1502827604 -1558329232 89481866 -1097786530 -793250868
2116427540 -355418038 1097360257 -266705752 -697279615
-1808134546 1697710469 -120726907 -344167055 -1382588282
-2090852263 -494010432 1655872154 -268649838 -897161995
-1599449623 -820667897 -1224967831 -2040997254 1978675609
313046005 90095378 -619853338 -201477688 -629340900
1503304971 1501678969 -1416383425 -859920836 -2121524270
-846862499 -141023317 479458277 441706700 -158868978
-1542067934 1514033151 -1719388415 -1890835685 -1723575590
-2067582542 -598757749 -924637581 639392015 -511487351
-788708965 -1940490438 363104346 -223327657 -832287835
-1060300798 300718929 1366198745 -516127326 -637965650
527016638 1566322278 593789728 401021897 -1380262323
1896442620 522863256 1382185942 -1290751653 722912405
798212462 -1264284889 -2142665938 -424201353 -648700106
-642790743 1182913962 674708592 -682517654 852836872
1996685800 37715482 1536684356 1760875244 263676686
1894716894 1799126887 -1601100742 484229559 -72000513
329951458 -577455171 -1457965355 562985437 1394681948
-2047680522 2084491387 1840882972 249103331 -493791213
-860327143 -98937847 -1100870642 -766303453 -630203582
-2068338682 -941208514 828386901 -1233058603 -1055321048
-236322207 2014411314 -423855722 -323737403 1169129070
-851359812 1759509084 -1932802280 819143694 -137159170
-1069728302 1479661095 1873271260 -1693059608 1229252469
-82348943 -1142395523 -1898445002 1674386840 -90590160
1640746155 -37612749 1668834342 -1890365123 604394889
-1123138246 96824155 596440177 -106496654 -525013848
-2019638587 -1551828094 -1115134356 -1585626729 -835163316
15437605 1284907733 -1690635842 -574577942 -96178858
-1828808769 -1128278519 1023895395 -120219636 1003356965
1717340416 -633483418 940647465 1844626637 154161189
-561910172 -1728846094 -919496060 1139668204 249168907
354307580 625144651 -1328285707 -525885354 1270127320
1231142284 1883204580 -734046074 -332098150 -1246871891
1117488575 -767188365 -1501681951 -1126796934 -392323066
62835909 -1674802756 -198351003 98924422 -1098309871
-1329250009 1735652454 18411615 2006640250 -929595861
-1092445257 -362068243 -597838262 596381121 -1305245013
-2108950234 534431312 -358268955 -459356336 1079619527
1250489575 1646071038 -684765705 -1259306900 393541287
1804541210 -1650185331 -1514777603 -2023316972 1366114749
965250428
