10403 268 -1613844221 -504826811 -570226388
839492942 -1723053250 -81015460 1611834431 556200854
2100132768 1047363539 760121565 657700527 -1804298
1386485141 -518778429 282445965 -546181213 -853978850
1471510505 145128403 -181925354 713795933 -1533744085
-1112822831 1816487184 1023264618 1416829356 -1565848571
-1256347589 1124652569 -1571291002 1357549655 -543916296
-1308351213 1394775265 -1756039189 -2025147302 -1973264793
1647746248 1879439370 -1651717186 -329422417 478268900
439025098 -1409099333 -9141175 320148433 -1998728966
1370236631 -1223186872 1546768851 -1384199321 -1216427813
1230773851 2082424401 -653362578 513234510 -1319813559
1755068940 -808269836 948765800 -1027808208 1225376793
1749472763 -1444234056 -1535048926 1059331570 -1660890484
1538567129 -1820798546 644179115 -1030348502 714236272
53018290 -1644809979 -249949771 2031226786 1009042932
513692186 -1057703251 -1171154082 -2144536598 -1667496656
-1525884575 -1650895793 1044827221 1721116945 462127607
-1348323476 -135408268 -1572570693 1920618294 -1599172124
476803947 -2031045653 2027571689 -1252280034 -1057217641
326865639 -840293550 292607933 267720676 -1909712196
1117422428 379316656 981364666 2062208344 -1210994731
1459443440 -1919198778 1990080235 375524058 -776580090
597365098 -428972972 2034021100 2098685621 1921753551
-1539485656 -1361277426 -1324503242 -107330118 -756244750
1096783335 -426449652 2053175247 -1709310370 862375249
-974878538 1924924214 874535508 1819334646 477266672
-1596248368 -1266589546 1884675709 -1454694823 159238986
-273721574 1615627282 -210322084 1557547815 -162793230
715451065 -1708953178 637205495 -1495532275 -73332964
-1722461735 1371556025 -98768059 -1286719795 -1870194263
-2075614953 -344808788 -164332276 -50517360 -1409207431
1377456128 -975857342 -935413872 -782077822 167686130
-1076851965 936582287 269175260 398768993 -1384667988
691604864 1241813811 97706696 -1318861272 1313439881
81978483 -878649956 -147187339 152361974 -1346608444
2050910358 379597877 -294050405 139798194 2049648059
350933846 1950424369 -1728791133 1642600629 730488528
-571024672 1197577376 1593331090 758265383 2046700363
636573867 -679005978 2104120838 1880169278 431904122
-1171321850 -2019953976 -126468803 395335705 2005980857
1845725024 -2002975419 515920783 -1899514759 -308891282
-1722232755 2080464050 -1177812786 -115175258 871767352
-2078399561 2132576473 -2041669409 -997808240 1555175761
1562327406 1727484044 232457884 -2137816447 -665075801
755492137 169157375 1327488501 1252468345 -159826765
-1417080123 1792703373 -1119363434 -1418594774 -1306978057
1448856906 2140047965 -1427214083 -1877628114 -630327854
-2133370527 1763974616 -2089826201 1680022286 767983064
182452634 -274756152 1743718192 -599960505 -2147015598
1192604073 -2045752069 921560843 -2139383386 -2104757702
1886024299 -431895202 -1433323410 -1182782839 -426205548
1265629543 1529687799 -1480235566 -1583023155 -1977278733
-2059185966 1447100178 444443479 -683945936 1562573086
519680052 760375859 -1394711527 312780922 786600722
-678485847 -1307274893 -658454316 1133233111 161193057
-2127673348 1162679178 487043778 1564872844 1505838585
-1253846149 -1735228773 -1746594250 1635670126 -216296492
-1053569003 -133965517 -1719381790 -329480480 1628969042
-1511758296 -2005347174 -728586125 786946336 1634912716
-620539523 315375218 -395163428 1010733007 249008128
1664380249 -1055192082 653176843 1563761325 1606621466
1414970846 -1926200477 -478892226 -1639994871 -388330414
65338426 -600884205 1738519313 1921487946 -998778162
1826351236 1598959701 113419484 851524816 -638185197
-182254540 1083667708 127713574 -1492552754 1045223482
1103426560 -1345051441 1896497248 -960124047 301181512
-991712099 291862182 908356997 955365670 -1033197894
1623588934 -586258978 -1089894589 384209111 -1376013180
-1103494387 31263035 1108902359 -1372054290 674354996
-979229307 199254659 1634840739 672322237 -990542854
90895609 1434912976 -1952484714 357175825 -391340881
1138236253 1004251176 316459400 126215042 -372535746
-721037595 355525890 138325598 -1373678877 -722704180
-26316543 526846808 161093099 -1957227490 381879302
1394453140 1052697815 670990349 -1698547957 -1378833811
-379254095 629058010 802256903 -1743079431 -652134724
-1920242168 1446754700 -754301173 -133721074 1131592387
399128533 -675779416 -406867595 68432058 1395863093
446471584 104065662 -2071279603 1102508116 350459082
135179297 1962051417 -785202824 -54116672 -1280169184
-43889540 -178512637 778276403 1910083994 -1534785047
1000637706 1296071653 -1012561373 961970477 1837981426
-29827588 1862940185 1499808370 668442807 -191532149
-2143486018 2045001599 781880958 -716685285 -1694205098
-2054878978 1700150833 -1018584917 -2049630354 -1992008265
-1819636538 -1058583730 -1585061172 1900494977 -1017768729
1385053578 -1341805040 -1234389921 359808116 1123914268
-1822484212 -1649851592 1882845161 -804659643 -54495703
-1918147288 -875514297 134155207 536148689 336997171
1200233758 163167623 -75725690 1456833556 1902832215
465678366 1702247721 -439619905 422081253 -1271768458
-681601363 432848949 -1384548159 -743486346 -1989251216
2090960861 1415242019 -1915336362 1526854577 -81693152
-1086980121 1719234412 -1283642549 1399144292 134917534
-785954931 2065386668 1052475135 1848189321 918995144
-1537417396 -621298073 356078525 -213923669 -501576156
895077228 947049397 -845550410 1986985088 230980176
450556051 -559478395 1179754594 -1413703622 -2137864377
1490925180 717640306 -1203485930 679243918 -529443924
1860748881 -1001140749 -1688368080 -1744938891 -1421810605
-1564056156 -1438603853 -630608342 -848390968 -1763974496
-851261192 1542542896 -2054728460 743699462 -760851164
1005217293 -305093079 -996598711 688690736 -1247644022
313135754 1633234349 -1017044836 869329751 -947915157
-772425429 -1137874052 265862882 -2050842505 1606568639
1941034585 1902977471 -971841749 2131357824 395930887
1937738469 -1668797891 698974387 -1786237415 1161701764
854036479 255696759 -27286578 -1058583865 1749293068
282680831 -2061596367 1597457120 -1553648778 416333506
-1225556996 1083540484 -1687528450 -199373691 716792042
1085454504 -199418712 -835482925 -1126914351 -811223660
-707916367 -61198888 -958191553 1419486110 -141527907
-197051096 981464760 -1863809636 1476696541 189764180
1663417636 179768959 -96755570 2058512271 -1214775727
1785073033 1225509002 1521748563 804621246 -82868996
-1843325765 -499471975 -1024179180 773506889 -1912525449
-1174167696 -1091450765 -453086450 92585085 -2146097274
-1003383116 728463091 1786857149 -472717697 -10923009
-230724208 -2138176191 -1911083525 205369715 -1453472864
788759128 -385338228 1237834668 1657301694 1824642436
1604006646 1767250164 -386558487 1691140517 1263842333
-1066683676 -148140045 1323871294 440112942 1529380418
-1314850364 1158609348 -2043556002 480783935 176077172
1559631250 -1551909511 1944354181 -1849141781 -997712398
-1755768822
