10403 192 -168690689 650141429 872453223
190170640 -741114919 822093416 -659125234 1947841911
-779696966 -357460377 990586927 500453859 -2003770459
-1495405558 503437518 -1683921546 -328101314 1232160628
-993740841 -194839938 -1796572867 -616306397 -1261394924
768197582 -1422502171 1307098728 1256351096 -466238273
1553101764 59289207 -1659068594 -968404480 -1383696780
286862192 1313566648 -1919322785 1952448467 -1167861539
-708406325 1327206404 657114013 -1367559451 497885939
-1540919279 -839345668 -8682276 -64802537 1941427499
-2090895363 839970106 -43100116 -367126600 454510272
-1413291724 1658593527 1738998227 -912088713 -149046920
-1142120956 2003535673 -1084887500 -1455087060 -1697978074
-1713283088 1523789414 -440239518 -1043227240 -315178550
1936706570 -1470831671 469696239 571662140 -2034186775
-1652816224 499298714 144021087 103277687 -1268738106
1144991782 2065342494 -272095205 1137802502 517706404
1811392233 -580262211 -353578700 734282485 -1549662228
-1777433337 -803414141 -1653462967 -404776078 -2098910439
1824839278 1768532512 453039676 1998781055 1531568055
-420460968 -975093448 -1011416107 725010733 1774651445
1286743953 1277147553 -216278 235756921 6484996
-1367564967 161665071 997246291 -713538493 -983215284
-1548609937 -1038887309 1369052573 -1895161281 491518657
-2126471962 1595467292 -623753376 1222599839 -625374668
-1190663229 -1879282489 1308233030 -704105486 1778805721
-206833078 -819133225 -1480681998 -435944648 1875405580
1204617047 -945047994 245705519 -217911459 -983538257
1914936962 561325176 -1527438060 615576956 835546554
-312086975 -611183001 -253777623 1551322457 -358842715
1969014950 -586459575 -1253729782 707425246 1720716655
-1379722805 1457740569 1502429325 -298075071 1263900215
-319304283 -1758156893 -821992602 2064790500 1172986277
-1561481838 645265647 1411196956 -1508435576 928476568
1469972908 1912579857 2002699118 8834684 1062078318
40206981 1956116407 -1105419953 -114038714 623244160
-903128704 1636127881 -158515043 1561617128 -358851039
-1026366431 1755089457 226118798 920946503 -69535709
1304992184 1806021335 -1574656347 -2022453270 1505133634
1207662811 -131915339 147906748 -1039414994 -1759799321
916552976 1235968793 -1810224647 1578047063 -1971668983
-1127133663 -1380237561 2117682868 1002681517 1434486018
1745889104 2016907646 1399285110 -1058876421 660068189
-1846864267 -817149774 -695569851 -290029866 -1018437034
-341138379 -771524997 -1748891612 1836066480 -1258974806
1045298180 1563512313 1863463279 2031696527 -1872963038
564000795 1082539750 958255707 -50754240 794984321
1486759727 -594456487 1482888348 -1011856598 -993030869
649650659 -2090598056 -846373492 -1394526067 662703833
978273492 -1947139903 -796354281 -668567020 10293966
1176578279 708410745 1968876306 -1117072424 37649687
259741051 556018377 1382974408 1338506787 -1859719517
-1057808061 -1912875743 1757075128 -2135763845 1545851745
-2090424512 -419509803 1211369382 -1237823871 480490851
-1175627806 1482715078 -112912341 -846579852 1882869849
-1091219578 512307519 -1198797046 -92782198 1726373446
425784429 1482797444 -1996826559 551146427 619830743
-339633532 571407526 -720039436 593342981 2116091709
-863029545 -1172234624 -2103558064 -448208214 -1445098487
-1817587390 2125437199 -140336945 1474332911 -1015945378
-123047561 -1742923800 1325977247 280330020 602559339
1212269014 -2138416642 -900754521 -511078878 -1947941152
-1176701257 867635577 643471549 1089522264 1831565055
1895121791 -1718553621 -1099338278 -1968306142 -454410167
-2105458335 1809161878 -1725664506 751341524 -2002331198
-1856295757 122814634 400434490 705655415 -840336649
1846538507 -693688366 -153592475 -1300400590 -373755791
-2039132663 -1224491910 1240416907 568426202 -899729399
-1382117556 833096308 -39237419 1713809028 1241292949
-353281800 1746480055 -201857030 -1866846098 -7620225
245179541 635653834 -601412783 1199156390 -196250999
1703344239 1102094139 -954397020 -81614748 948313701
1725993018 -1721823081 -1528068723 1927393362 -1484907093
1699767468 -2063688266 -608519197 -921006556 -1706865011
-827973486 -538487556 -379378250 1652575821 73166228
-2076861186 -1462357804 1032843954 -1392040520 -1932423377
-1000367237 868690169 -1063849336 639333798 -493913855
1326553785 -1778025213 2025898794 -1570347821 -364468904
-1806942064 910634276 2127026925 -1243264127 -201022964
210674284 -1590772833 556508504 1284859920 1144792183
345947029 -303039827 41027468 -677408351 1261781901
375101976 52400105 -1299320285 1480904879 -1834161122
458431939 -414735787 -2044088772 -641602526 1575020139
1264219775 690222030 -243444010 1347087631 -581304593
-799217088 1382061302 265389923 2030562263 -691130565
856359458 -1530422100 1960662571 -944411656 -557555329
-1606949233 -1802791481 -294246199 -1685736195 -1608165312
-2134777369 314615299 501596379 -2046340200 -1727264449
-990533110 1751075487 -1702379688 -452270424 1539861779
-1064817162 352154767 1914717806 -897256194 1827078311
-1779377386 -781650205 593644677 -815801278 1612736445
1653874818 -1750158827 63662477 712451418 1279803425
698036611 1626014552 2094259641 1168807816 74553530
-2064933754 836104475 -653886102 -1631638803 -788648268
-14553796 -684126833 730309953 2013731416 -769551037
-661806072 -1145885452 -1496424882 -866124994 -1874459072
-1183247147 1039039574 76492944 1550020016 -1505898085
104430172 -1735354035 -749714896 538585061 1562125216
642037646 -438049749 -1845710208 756869468 237610334
-1135214284 -1691490914 1250228663 -481584676 1078902365
1809939159 -804693914 1540369719 -741557574 -111994902
-135836845 -1887855377 -503744487 176136550 -417629751
-1633881359 -1149642732 600669784 1385674730 -1464906868
1906653654 -1620101648 -91307334 1743444496 312894904
-1499894473 1169264235 444097456 4375355 -1223092408
218633242 -330299248 233720270 -852775894 -226619823
181886995 -60891880 -1705307136 -1456651355 1100478049
-1718792574 -1028344221 -1837154094 649749239 -161220470
-1421219565 1795361758 -1672039904 -1917896264 -443900422
-1074589919 -1428495591 122963854 -1790330467 -638179907
-46020868 -1970073086 -156089819 -292297000 -1562511396
957047233 1638270885 1796023245 481315403 -1345584659
489399049 18338318 -675561526 1629932625 -1942107031
63210344 1032690946 -2003117888 -276179368 -820569886
-1093705236 1936667811 1122031651 665002540 311295
-18495937 -24236288 -100305702 -749280196 24063727
-99622475 -367135747 1558152050 -1704290252 1039246387
1400027204 -312818860 -626446540 -949791419 85839707
-1826061949 -1296633064 -1632039883 -1925958712 -2090962262
-792453649 -132027445 -1925298435 513744232 2008640009
-198448481 13511301 -260445438 -732734483 -65897534
-1588104600 -1821869618 1485404503 -1731136229 -36172231
1799466765 -518153606 97003156 -351564400 -313075098
17826007 -694701576 -120803137 1052089927 -1209631063
-569753340 609215629 7380692 552288614 -1496598000
-1352325840
