10403 536 -1947449284 82783130 1534459720
-1164585242 510280670 -380899467 388064258 1273674510
780602490 674431211 586380579 1213547080 -1192409667
1774285848 159567974 -806574267 -1952364803 1276964836
1703803840 -715768120 -1584606116 -1376288910 1777563843
405266347 479291431 -1135851902 -1270800262 -1891755684
-1161724214 910481797 -1662554854 1885879267 588058082
1169258430 -2125192447 -1941688112 -185795843 680341776
1817324982 2145505375 -402594808 1355287792 -2011169731
-1985922421 -379412191 -1080274873 -1171349042 439459390
-371807732 -489112047 1942305801 487003730 1441576214
567092969 -1894457407 -590893168 1989752766 90347267
-35568392 -989434514 300217255 -1254635446 1439560575
-409950067 -894512323 279766850 2062718152 -477752645
628805833 -426325901 506542178 1687654504 -1624825291
-2074021440 -1006106609 489002161 1557482516 417126506
1885695774 1140203109 311519959 -84603009 981481138
35308290 -1979104669 -970595288 1034461869 -46273510
-1811351289 382125776 -532983724 -1474759846 -2007837006
1442981401 -1736350870 -578366273 -210363226 -1364065734
-1028808683 -112487567 1506095965 -260355361 -1222970354
1591982027 1973752023 1657812222 1916420034 -398736174
-1052398149 835972054 379771617 -1854832657 1826541697
-449344892 -732533221 -849815096 -75799817 -1933919607
-1249304660 -1170725411 -59340986 -928671929 274542870
-1397325581 -619557524 -1103317093 1566384891 -43122452
1894516776 1250517678 -1482295327 -582012931 -724300228
1569749370 1650300032 -1500232790 1966562126 845572248
-675317067 -372672220 958791468 788606605 -436105748
-1683482090 -664550505 1240112236 -188163325 1974494630
223684027 1852383157 -1074217928 -2091726213 -1181672341
-918779108 -123155586 -1617368386 1639623652 -1321576464
-1319518665 610188163 -1864497256 1293335442 -1419804928
-1530754293 -804717269 806608933 -1019958323 -1290365991
1739479116 1224981663 -550023657 -636280665 1504043005
787062643 -100216104 784231434 664158414 -1100799019
1611069824 -1379938251 -781721742 -2063475321 959773371
358823401 -2093704423 96754900 -78288731 1561108231
-315787658 -72843546 -1078375874 156543069 2046333637
-1760957002 1616067771 -1648979366 -1552272151 -1151331532
1649230790 -1140761544 -972729754 -2021171055 -1659250069
-2098623273 1396980873 128974093 -1619439652 -1511565051
-1209491868 -766334482 -628211075 -153057333 1091573294
-1753988342 -1042534684 923436158 -315035109 2009964105
1433838239 2113237331 56688528 934457469 1114200337
366937798 180031329 354899886 -953538164 -2054570837
603343024 126339394 1785335381 -1559008797 1136327356
-847571836 486178008 -1692961811 -262049464 -1396451388
325002450 1652016470 280185860 -1773198003 1339682318
2114646725 151847332 1633152691 -1141597826 812499233
-802609764 151514269 700651535 -636728885 49415669
1235381731 -1484246415 -1386696810 -935695060 1691528155
-1580903928 53981301 849403730 -776437231 42275250
-2044785247 -2065541532 -493497063 406483665 -614689523
-997677852 293449833 358573685 1525553463 -2076323869
-1682813649 -382790353 -586948187 853779697 -95751201
-1773828985 -1802317970 -182109901 -1823267003 213507088
-736262367 1017999843 1334017085 1071369178 -1148806514
1611326789 1202118102 1594461276 1681527133 -1935326734
-947752687 2020970189 103782371 326406589 424205823
-433279552 242966790 -649243949 1881850626 -889455964
-1649629921 442798554 -247415477 -398854365 -1951024667
-950685197 71722162 756931745 -407477608 -646166919
-1138502302 -1306526421 2055704777 -1758412427 905135220
-260914497 1032512995 1551325148 -1977286110 1528990996
730985967 -1770954191 -117681910 -612174600 -286388628
932564644 -136134580 -295614992 -707811860 1150238039
76476646 1367669722 -288920228 534519294 -166343996
-611606183 -1335037500 800178256 843398103 656969098
1863393668 1264245893 -1530814830 -2142641323 -925236551
-2137940600 1501930860 -24955927 311256845 -46562837
792627119 -1808181667 445478195 -1107743020 -1279983459
-951880480 519442809 -417769933 1422234089 -1854932571
1187553457 -571156148 -968933473 -1435248788 1104200282
-1188810107 -1895776701 -968627189 -1053191646 -970167149
702424516 -454323574 -2090024702 -1324134807 -1201665318
-1643547888 807598279 -1064973536 -1734201892 -2065681159
-1672752239 -1261040672 -2083333367 -2009217002 1040652676
518264364 1576197399 -93748941 1464671075 -1002738585
1139070625 -1838750475 -1281308445 967158634 -1947480256
2031077130 485992805 1714484759 1513185013 1811647519
1533765892 -357091425 -447219852 -1736069423 -839437762
1148400893 749173679 -1518070345 -410518927 733152116
156815736 -1392086378 -1546514313 589011832 529723852
253893534 -770218044 -1744378151 1088794946 -985210742
2048002473 -34866588 -86062687 909714611 2021586887
204419030 -1092177994 954010409 1950509492 -234149059
-477780747 -2106573388 -1135776123 1180034976 687078849
-166457094 1554372525 1272151739 -1156643592 -2087746785
109398650 -745523804 1815572072 -527498069 275331619
885391436 630223507 1998896412 812420589 1275574345
407220512 -1630714989 -1433533941 -1569616326 65675761
-677051710 1292888547 1896132668 -1369596709 -1354764771
1041785834 -639036768 1725134985 1209284805 163381648
2049987347 720330452 982906704 1245100223 1749440658
68801166 -1456613529 -169387012 974516032 1785316345
1118867988 920942587 1225486180 -672319738 -1615019468
1454466410 1934916633 202316975 -1106392627 1307104379
1688585356 819114538 1558157324 -922496812 -1760268554
-128181338 1535208726 2010551927 917232273 -382472433
-1608132616 -452893068 1101265681 1137749317 861267450
1495901898 -1768179023 1320441346 -85225775 -562205003
-1810854168 158997950 1247407625 129255854 1652057812
-693344746 887626758 687309517 -925627713 780798320
315998571 1564132178 -559124239 528795199 1795675982
1811645912 -1861045316 170419597 -860530704 636643611
-189515766 441028166 1852840246 -738260455 -24595588
-189645466 -363788894 -1043130435 -2138003882 23407281
-200680726 1411811600 -415937291 -165067088 -2021582539
2126748544 -1729454074 1560824615 856534325 391381422
651937153 -1548319849 718949387 652704268 1095394257
695050320 1267479117 -1324505925 1557964770 -301835131
269769235 2022228603 -564892843 -904805889 1122290302
1122710096 1293258212 -194570248 1294123497 1812271138
1318368289 223577374 2882682 1336160717 -96565120
-1985308742 1479632673 1302108599 -2120198084 1492977108
-266571773 1024601912 -1178642204 1224578907 -364548936
1125824445 -1867468399 1413634117 -1868744632 1102197174
1527252272 1591797796 1383044396 -1121873590 -575277560
-140886660 1394038841 1703269841 -1085059550 -2075368748
1404177785 -1921675480 -836856360 205381591 1464644534
-837958060 -1357017729 1361198526 1554075648 2115463832
-336826770 -93172151 1883621675 -1322990022 1081146827
-1477820416 -852566022 -310219913 1574866676 -1567078393
-436618833 1820127049 -1794143171 -623401034 987390417
1012109172
