10403 68 -1907049518 -1751760519 -398124635
-1298986305 -1893760363 1735263626 -178261892 735899060
1591577039 -1664486297 89027632 -2045518642 -1272359856
-920042917 -737059175 735588212 803395013 -1840703238
-1957942295 -2093522610 703642273 -1976256438 75789585
-2092819250 536065251 -205578873 -1743171422 -896621234
-334384689 -918870945 -1108883329 -151724619 -603520897
-917266667 71417485 1124210550 83410262 -517251271
2053638361 211452553 389734546 321620908 -482065848
-58985562 -1699273530 -1127135929 542865340 -1940226130
724054259 -197928728 434637691 -662996874 -997620103
-888869855 1703210100 -570849319 421198910 -900137705
-512353586 903729728 418042167 1694385424 740011168
297421450 2001447609 1687770742 -227476381 1214387998
1411693649 1246291269 -1040760534 1699299095 -1719202081
1701248396 -448437848 1211815847 -1027739669 -642992921
-1690104255 1655922668 -240207677 -1240146553 -1860362243
-1288473839 689243434 1792491582 401111466 1251961617
576101678 -139754722 787738137 -29453603 -1820225764
-1521981552 547127874 -1397724994 150625840 -1470773582
678713643 462989545 -1931646444 -972403182 1868102513
-455655112 -332209361 660408713 -136957615 21979804
1008771281 -1899007216 1420815159 -64070825 1940415484
-607377986 -1554903557 908257868 -1509395351 -1613792381
-1794985548 1250163104 -272537816 -1949980627 -2143630507
-997268212 1723843992 -1675817295 -519859927 -712641099
-210732166 -1628117293 -2122575923 2100516245 1185944172
-1181823197 2004313837 -518115056 1647692938 -1146783454
-2100964626 885059709 -1539603916 -1280352306 -994489311
1754728908 1825070579 314149769 330662060 -797669558
-1327932299 -806652776 -1931273134 1459712148 91893304
80437110 1532884545 214472995 -978773499 -824880728
-1180712765 2066807800 -767223777 -1495908604 274793671
495580002 1260935263 -1623834451 1483683236 373464532
695057303 -735660049 -816545828 -1586994597 -346733250
-509373657 -1582972332 2090683356 -1401470977 -610565184
332361281 1897460909 1877286811 1447657082 310128946
-1315342667 -1663582605 -1081387185 -141069174 -1950445688
1987266176 1333376712 1185163438 -801886 138674090
1000352816 -916700266 -1571056067 37840579 -1552820925
820201390 -1919239861 -2118757891 1746798148 -944882358
1068287070 -1420822345 2029719883 -1953025815 -1486853530
1687335400 -1318893664 1151457051 -1578961796 1893769631
1651344077 424019053 -1710365427 1622536700 977949501
147176285 1968478805 -1050776079 -999257647 2070485647
-1210021641 -1905596146 55547784 -1488238559 1200813824
-1210753526 1841512535 -1930441697 1101401482 -769022270
1109387407 1206740986 2131078234 1738965549 -820333538
-2019435422 -756024682 106000066 517597482 922717470
-1290607238 1661330606 -413198621 -1015420887 -1813471731
102807081 1042882712 -1644727006 -941344073 1829373925
293860633 -474356566 1392180737 1486939089 1150740481
687966202 -1470469341 1342326263 -212277278 1118913750
-292591261 -2060362518 -126050490 -607917849 197938019
2132524111 1190035074 -1698764772 2074262581 -1549016444
-166240260 -1876977621 1444155446 -2025785397 -1940864622
-196370252 1509710470 39892259 -285953472 -400995685
1209893485 -523078163 701526803 -1815798527 -1482294653
971950672 1834257544 1662925791 -1163010974 760069847
338657339 -356780122 -1495512839 1810896618 615172430
692565219 1728829775 1832665630 1840838850 1813657420
-1023884524 629394923 -343422640 658586780 877163335
1992812004 456713084 -1823795651 -2037903734 -878358178
-2111262592 363060732 1728158015 483791845 -155451786
-1949016682 -1626098017 -215211910 617606819 2098548280
1263754853 -1548037073 -1535422257 -1536907955 1657938510
-312877573 -1925421796 -1108739551 31861704 -43049390
-1403523220 -55545082 751837116 854089675 39890065
-1527095699 -730564791 -1461750020 514125166 56247856
1259098477 -1506506626 -580933245 -1404136000 830948797
-1724641464 924970530 -1489882273 -980300797 2010563161
1490251371 -167021849 -1897844920 1539266878 -1307818032
-392925951 -1915920267 -1057089782 -37693209 -1816788154
1615495761 1332777996 -431450628 -521541660 -1016556931
-597887568 -1341595910 -2132828619 1860594489 279135734
1205770438 -1900839405 -1503998295 277545936 2009358640
-1746250697 623990652 1472652709 -216860130 -230103904
1470305371 -1296748483 832848501 236169556 -1738327977
-34231914 -1240835730 -1636571523 824838489 -646901349
-772745036 1188515704 254218143 1865422091 1544786633
244789202 -1435744520 1399122728 1563939661 2008057552
888162516 1540737550 -421153079 2018411170 -1153162843
-52289649 1365829164 -579239772 1798274457 53402799
-486109843 -1291836189 -2023849768 -119670432 780819854
-1765570087 -1767666492 -1641322236 2066998484 -69331156
270706837 1075302025 322564690 2079340843 1218777701
-1152156552 698194417 -345592065 -77769577 -1584180889
1543492407 815413972 1737562148 1693316064 651887134
1288036844 2107866675 283701657 -307592645 -1169558538
-1279001756 56258570 763871522 -1708152103 -878313350
902578815 -1278178286 -1873844522 1735551503 839223241
898933236 -1619004647 -1561408345 -756035432 19588097
1909689382 1967716545 1623892811 1171631015 2104517145
-1505441153 -476476757 1375140299 -1164907060 2042730588
-330440910 -97194143 -1894684586 -753033520 -1961245465
-1633649069 -1064324822 1611615158 1980375992 1480806295
-1726806884 1867358125 1068647361 1773124792 300303151
-840949848 759089433 -536599337 -2032895245 1126178352
1486988584 172957078 -1207886387 -2111467963 -430465060
-1772807640 -142178457 1321103521 -1077833357 910615976
1403392006 1464550592 -537853279 -323611682 -1259403968
1509198179 1705299265 -1317769209 -210151747 -735675260
-1287102902 -1174407753 1633048984 -192557013 1359147000
-1670215687 -622683170 1243326296 1678229076 -379961957
1098754952 544313103 -1928965767 -248022014 -531086604
1574441634 1650322857 265446134 -2026082632 -1319157048
1402443342 557301068 258396697 -599751164 -415142383
-552347790 2105004846 -1131256768 537468729 1608995435
-217478299 -980547506 -989909924 1734775553 -1578062224
-793521482 -1257120335 410530183 1793070238 -1920154876
1636198306 -1622876171 1008381193 -220975167 1643532528
230626880 -832830601 2047428609 64148789 1786026874
23970511 -692928073 1171011995 1671833069 1832017416
741249354 103661809 -750865087 -1275069640 -138885622
-31733792 -1155360002 1490927739 1061054302 2066086467
-754351552 1283850192 -257983146 -291583606 54358874
697795874 431555552 1441145457 838537249 -1487375510
1829910676 -547827638 304969596 1447769863 1348658964
-1533304469 1172452739 651205557 249539929 388115412
99738334 486474204 -1827439868 316463905 599972773
-1215705436 681554039 -1258322449 -256228366 -151947363
1497317175 -2104988348 42638949 -1026170689 -1150385412
-1013172445 -1330841622 1646711443 -1004643058 -400231743
626553256 2098057431 1000855146 888264421 -243874049
-100316224 -649502991 -1048217593 1437766256 1486200071
672811234
