10403 416 1918477791 -1650559335 1231707645
1670557885 -262009948 1464031073 -669708374 1922979635
1981791939 -1142179299 1812995701 623253023 294594356
217052827 1301745525 259382882 571687440 -1833972985
393281723 -619044190 1837559325 -1691773768 1899349482
-943668205 2020683177 406718124 -1977328783 -582462472
831272917 1481211028 -521159233 178358885 -1934750564
-1394374272 -1483988667 -312032740 872808852 -428562017
-360870967 -1211893453 99906993 1699812293 -807686987
-390915155 1634505328 -752934456 -2129416696 -1482571550
508819077 1293579165 -1669314547 1487149399 -287083062
-2084260714 -1419695369 650192485 1902979342 -278582989
1322544814 -1424606446 345471587 1629973731 -1739970497
-423543837 371432509 -139583312 63110050 -2081271815
336058138 -609871034 -1547274338 1659314668 -759149883
-1876590912 75680293 2115005796 1985267370 -1839992338
1519523993 823756876 -1673511067 846978980 -1704868266
180625799 1678396777 55862702 495492495 58174151
2060293021 -28384070 1744917492 -822972589 793782193
-80977944 -1458762236 939169689 907081189 -1240293850
518584000 1231723138 263212948 1729358738 -1401793624
-1258509171 -1033094656 -1239250755 -1528718121 -2009897569
1551609136 2024179885 1432954134 -691994826 -418002373
1415948608 1422329067 1980254718 -907439593 1843085252
-183146734 1212522962 -1145647990 -1080553721 25509723
1551641902 582173560 -929158721 -927537827 -2146064866
-1732574920 -1425272995 193749665 -681652531 1743027966
198256928 323291364 -715833693 -518021314 1539159052
-390129458 1766185634 -62669372 2129191710 -1390967130
-1511399950 1099480098 120933599 -546389949 -1576804150
-1199208650 777407577 2118307397 -562009699 -501502681
1046845536 -958429801 76826230 -1062988301 -1083637475
-745680168 -1273539974 -366118720 143833875 1036073014
-1524999796 -862379181 -1325385694 -2041540409 -1502736537
-95988743 -1019504348 -635902348 -248398529 -1578342966
1907852956 537672745 1534590900 1215469156 764917788
-2101574782 576840505 -617959227 -1550760484 1721581732
1745855592 -1956888850 2072382714 75124060 -193749953
557620394 -473835506 -1781851557 1355234078 1891590659
-1172888376 1440489983 686313686 1414469985 1145538198
306199283 1992804338 -389295527 -1183214431 -2021771741
846220273 -968932045 1339821369 1113224094 -1273277854
1711368391 -1519961393 -861567314 -364253413 1888064381
-355320425 -492704761 264100549 -1448131108 -1497034514
-995550892 997389994 -754834740 584841909 -389543191
-380128202 2028352282 -1314406055 1876404616 -1713832196
-425696347 1339761065 532136876 -1570530594 207747571
-193965716 651123775 1798843766 1500900098 1873837296
1614863409 1493445273 993523683 -850869090 2011044939
2057244865 1961894705 -109797381 582760787 1238503830
-1143287785 -478916845 -1399199281 18558919 1093228470
40287908 670223333 -1699463448 -1107682893 -1970688371
925465561 -1849766656 -144526562 -33402073 1019154657
-1982959142 -1820107974 -1711302576 1298997072 1101688377
457624129 -717484795 -1308733345 -1873541359 1822815259
-97884199 -1139485628 1284608466 -645312900 -972302563
2132194377 1701355973 1093370932 -460768420 -1338335418
267618967 470578583 595569739 1320708780 -816280062
561876160 -1959586173 46872615 910165431 -98086043
359158560 -1150989997 428596318 1072895322 -1325345002
768415815 1005506948 1208090483 283069859 1116634828
-1322086376 1876211227 1638302099 -1802958549 1940161849
1128646129 67705059 1645423501 -56187356 1779559404
-1015284833 1939647830 143627170 -1470697050 414218410
1088421096 -883442927 -1779378649 -786993889 1455726887
1187936702 694765028 -1806905866 -1258967306 -860069078
-220936317 -924473817 1120774513 -1817984853 -1391528904
1023372574 1798659517 47633406 -531838806 782544286
-1588142172 -1083866402 -571975908 973695009 2026484820
-436214438 -1130836628 1076260610 -1981759703 -359441767
-647992103 -1575721451 -226796147 1503172262 -228701739
1645460325 -1476342312 183002203 -2009526196 -1716679302
1882477349 -1151010195 521962240 63985698 -290393045
1020696826 1105794272 -1049108876 -106084968 96685137
-1464508146 -504125463 1559357824 587198172 352341273
1855279350 305744469 1691445576 1597064670 -556208690
-19444691 1050936118 662568711 -1676979859 958295132
564218805 1662035804 -1066667677 75236552 120398036
923585944 -301767557 -574309613 1096817113 1733794204
1135483459 830078528 -945549531 -628443688 1665991292
-734361886 -1563643530 -1697268211 -99806420 -586822769
-1147837892 -1651868869 -1526357130 1338983164 -683805497
-1048424912 -1365989021 1752989503 1839029744 -478359279
1565445067 110472015 -1369938846 549058111 -1448076249
-404642902 1287037001 -705392704 -901004076 2033564495
-2142403290 359567696 -1245878994 -534315476 1393973543
-102800645 -968085108 540159886 -807900556 -800220635
1372812273 1831602622 1839284396 -968233343 762816409
-1514656628 1946631541 -1998958898 -66986008 -2006965062
1650154687 1109611345 794244919 -1730654164 1122168936
-292685937 -342936084 1550309406 1477928481 357982259
1806777952 1884133001 747365584 -980848022 -1127377666
-686526259 -1124174401 1941522872 1726135038 -2114593616
93397303 -1978954869 1992254759 1104715291 -1920230940
-597727818 27068015 1680584901 1958428673 -1573900008
-2051326974 490260926 1425242895 2094446179 -931050425
1828197824 70823615 -98771057 1011125375 848516123
-584730100 -651506459 948058751 -762761995 877111491
-1974375052 -512913583 -955403237 -497298398 93708189
-425659044 1591624403 1534390153 2007442059 -876353503
1375619901 -1562614161 -343732043 -1163017968 -1424450724
-607792510 1005340460 2002188621 28367450 1134608129
-12416211 -399761784 -1435708528 267943599 -798530712
-1571520890 843087565 164394649 -1691177159 123677909
-1131335492 -624017233 -555252484 102131544 -30880073
-2039173165 -1037906387 1517940097 2082080973 -2127765169
-130455853 798814540 -326239885 1806040773 1416813977
730746113 1347182489 2014833841 1594364327 -579935276
-218429333 749712527 1532635603 -1723238531 1924697544
-322516457 878177379 1204516925 976636452 1923167278
1790815687 -1606322557 -184477985 1151820868 313907881
-1319524004 -880758907 -123787818 767361500 -332349773
398318806 -1770315147 257000023 -256329311 -2007279696
1058304222 -1438346319 -1208281480 -1694251401 932751495
1604324647 -1758824630 -585746007 590080104 350532194
1955798426 978810746 -1314824122 1788002053 1632899913
1286025635 -734307358 891086535 1628439110 1764366054
648063830 -1878083468 -991812334 -787595475 -899820313
2135449597 1402687520 1588894116 -1627936694 694826134
905800951 1168879869 -2144264370 -15122289 -1172522234
-1593189403 666804112 1018165732 1859953921 -469000884
-580930548 433423732 -1954399202 1206618750 701188429
1831021659 794269798 -1751641321 -452838177 -614638765
1586797609 1815285128 856217748 361437876 -749537036
1219785311 1974064011 1899180292 1447120831 -733950795
2058278888
