10403 176 560878281 -2080165958 1668671425
-1630980449 1607957143 -1650305567 137577240 1070577416
1868821954 614048168 1591232594 -946575723 -1535472456
-490067451 1576048009 1804451262 1032451017 -1724410861
-182567694 419540569 2080660761 -2027709722 749310569
90072046 1328971104 -1030779011 1747093297 -1315577743
201586171 -2095458669 475184655 -1400071773 748899813
-48763756 -670470756 -1993649306 1528930708 1748242174
1458069286 -1451946524 228868734 -1518644962 1144183083
-1192425003 -950875158 629039760 -1470178186 -1984092451
-612027944 1541772610 1891268505 -1843724199 -895800912
-1243085174 1218648121 -1840076688 -1562060675 2123329751
670013038 1262422522 1325523240 -1648242715 51019092
2034033360 -1603782821 -1015451704 1834795970 600278289
824257609 453515246 1307655045 -622653427 1103299907
290661669 1640029288 1700749953 1952612592 -766784469
-424057638 -354671129 -1614824293 1476216720 464696240
-1642065515 1034738921 -700954063 -1738190405 -1777169232
-706448316 -1177784246 -2009283894 1922004385 -1281519220
7432035 -1739993445 -1701497158 -311887485 948738999
95349704 315080210 1457272470 339760117 -2034841839
-630919113 -664115990 -383098406 -289309636 -1372974449
-1874170203 341078609 1877217124 -2041007571 -2124884882
-399067847 1782303142 -1111524226 885800891 383823177
-163795761 -270745637 -929901060 -317435097 1021853466
1799477434 -672713151 848757164 1993317299 -1066476918
-380248047 -43469990 1308504600 1179730486 590310292
183686444 -1117881225 -637381185 1318405535 391271123
791809476 1460428445 -1339654327 -968321711 -2095469757
-1303027002 293828500 108977587 1428483437 -1722232351
784334897 -547355092 -110091443 1867576808 -982967690
-66001966 876878679 1282631933 364932399 1070676758
-83455133 -113371756 -1421951343 -1044045392 -1004506429
948928224 -2140755447 866408749 -98499969 -1352949600
-168349979 31528620 -2011892588 -1042195495 -894971389
-1804255442 1966758048 165834587 175608196 1196866897
-76218778 1826608799 624609126 1636948670 -431458409
-1747517790 865917225 1017689025 -499413730 1183586994
1119006355 2081021249 -754330062 1156407400 -1966170950
-358448131 1792089977 2096701487 -200291295 808933776
-1461531004 255986752 -1778930468 -241467888 1608015631
-1945662955 -1631200712 -275188341 492667797 -353418589
190956375 -1654062105 416684000 -1702817219 1160381023
842013567 -762519902 917321967 2030235695 1891402539
663481331 -926939430 -1483016767 1630523372 339077729
1771691389 461693443 -1191658890 -1741811590 659811582
1460310942 -119073055 -1509272037 231068974 -1335092440
-601591994 855306668 931134977 -1878995357 1987202013
-246375098 1529986919 -1336586930 1117387657 -381275966
-2029312136 1541683627 -107301679 661466434 -173755874
1611419906 1391073359 1425232298 1300095048 1985279009
67125575 413964887 -763384636 -623748142 133681718
293524459 136954970 -1531974573 -1576737552 1167901977
1893173215 779596266 1820583113 1092499941 2124204852
-306115897 -378679312 1709349426 580435600 1886929083
1495083141 -1510953421 997026976 -654014221 2065845843
1195165070 1508546483 1138862826 275283930 -1088086496
-1495494943 -1782501297 752042110 -968123509 309874219
1071529927 -134930641 -1313470311 1643490073 1500015347
1461339798 1007929319 827619209 -1275313761 -837461219
461102901 -2061766995 2062382406 -1566264804 -1322629141
-1585799557 2093961290 1128133353 -658423128 -253943693
677425538 1532246954 21897129 1453534227 -149322207
58108507 1189467013 -987566679 1665102297 -1279306663
-519613447 1472721040 -1127877163 664519926 -506725038
1410880089 -1711022975 1291581666 1658873243 1113026073
910463974 -2088535885 -833850297 2016509828 -1551837967
-1722798906 -2013020536 -1078969764 1013226964 418917796
-1634043799 -1700638729 1281081919 -384591319 1719734827
-1981172747 -1099793306 -1195023608 -221411866 113175503
1246839191 -1256322925 -1007142557 1999553961 -133157948
-1261986814 1699345226 -163781211 302712391 -877744123
50929206 -351981197 783667158 -1530998357 1095115153
1543703244 -2143776112 1293285854 -1085498001 1021047997
480792233 889519406 -700428192 1748775380 -1239006509
-1965750713 -1374932189 2112252672 -232740782 -98420272
922482744 -1012346022 -2084091318 -311050919 1412417415
-851241770 -1894674408 1692712065 -958751012 738598155
1945090955 1935689129 -879546121 -517739119 -639086874
1881987806 2127528775 -1810290293 -1296785401 2013387472
1430896504 -180712872 854864868 930973585 270854318
2133133891 -362445589 -719000046 1661225778 446284467
-1967079064 -1327376689 908742756 1707079332 1411948261
1049646823 -798666290 -58207301 1994821708 1505502908
1567794242 -1510973123 -85831922 -1385923103 -388784299
31863547 1859983066 460694890 885524926 1742906073
439847174 1745738251 1312841167 1293403627 1469122158
843199265 -869203560 -426088493 1650567783 351891920
1066005182 -1864929540 -194413541 -1060042148 741369569
2059079012 -1099323077 -546058090 572198690 -1741369245
-1319416639 1338895394 -1584178817 -407303573 -1208571041
-1612994690 1312359008 2069531603 -615670926 -1520532142
560720740 -123659315 -975208694 1198833409 -1786849069
-1728564383 1324352168 562142412 1296136807 1396565089
-1675108529 -1429591031 -1828775491 669338723 2067892148
299404945 -328109221 1505871301 1357629654 43316040
-1029287094 -1026557116 -1754538332 1668915445 229543773
2047018631 695937725 1137790641 -1891346433 364849441
-771448192 100107619 2006249750 1978977924 -814796673
-1081019979 395933381 1067333890 -1056854909 -1364832669
377369147 248318610 -97004826 1952398394 1500313479
-1540411321 -1923808930 -959231410 1391406738 -2040272133
332231038 -1654607641 -154872298 -1741847391 -857347108
-1112589786 1997631887 1918011882 -1154537590 -775044864
431805566 458606157 488277704 -1976439495 -701644262
-1682982572 -481240828 847281993 1385387180 728030130
1660038574 -798811299 -258017456 2068591488 -600749764
-1321872496 -1720008223 -266299651 -788822500 1700192890
-955093509 -288682665 -2034025289 -1562105867 -2045728537
1478154652 509935157 -1912469389 1708568605 763651546
1160125239 1576286521 -716848471 -1930968138 -196712969
1034266505 1913077404 1741572390 855690344 483233842
128739418 1196620223 1230559158 -2045645041 1793684375
2006053862 835807591 1026021972 -657459666 1739683391
-776771556 1934566909 -485702910 1094768336 1225319852
-577709702 -127293241 -500790710 2041556069 1855273991
241115916 -743024282 1143127301 -768166423 -178636056
1903154596 -268720223 -21617363 1594741396 1390929375
1095572863 742357310 -306537151 -1573844654 1748578219
-7606284 1213698679 1550203429 -475225243 1384197888
490804204 -1030695694 1267034760 -94097565 -1042925254
830462817 1142933645 794316589 1022579936 -605662650
-1151222754 894753065 693264049 1643601472 982081667
-529424762 -972906870 -392412042 130745690 -1435853645
2089276998 1383985576 1542896288 -516324353 -234747764
990591420
