10403 516 -172526701 -194540638 1499451058
1762658972 -238294087 812379265 -600683925 -1484766367
-347180182 2115306291 1848476311 1005010972 1405293563
-737312009 -294493890 -28461867 -2018378384 -1537700586
1274752248 -791601537 2028132081 1623192432 -613243055
-1978864373 261253744 216371129 605802544 -1492348192
1046547435 1923488305 -974006223 1296974405 1215216827
433540998 973574430 221449630 -490795933 -500218683
-2144866814 1582359419 561293944 1279746581 592935786
-1308588547 1934586624 338267206 1111526939 266747126
542394273 670795711 1567903242 1399022112 840802599
-2131174729 368884364 -1918036566 -1837748983 589233168
1106511802 -670755872 973023089 -1166571247 -1096064021
-588838014 -470197755 1520212747 367114568 -414727472
-1193489821 1333816100 -1382178721 -559710902 836823009
677457594 -106613525 1872670 -147787682 880567066
-2101773506 -902017203 925038902 -1190031403 -1732138874
-1596629445 -1913531059 2046094137 -693235964 1817991731
806323245 -1777424674 1321177057 1740562222 850215593
-1311729647 -1158775950 438469996 -1180923309 470419505
-216687618 -230405776 1694014238 -1124571731 2035220979
1914992203 936838075 -1430392278 82500163 228774687
-1095081659 -2114882321 1152800751 -722926656 -410958682
2069188512 674309518 1079001068 -344261254 -823267746
1204911608 321732206 -534333246 -247972911 -2078026892
304732515 -736966473 -740136097 1378250461 -1035735156
-1892564971 1058362633 2031938337 877326303 1985040958
-1857942549 -503719507 1365767018 -2093574784 1392373351
42576530 1738369194 -344086261 1488234155 1924114007
-225706021 -1005055496 495329 1125871552 111756670
1156969441 1065546435 -2097414643 -701572086 991028510
1313195085 -35243199 -501963569 2017247521 1174235989
-421571081 54299258 1740283641 50051414 -887492954
1494211560 -547598717 -182476451 -715941033 1811794133
-339060845 -2130726515 -1356336886 489822252 -225835552
1767780116 285664190 -1413118287 2142100812 -196328501
-583506212 -270090543 -615611125 -311397395 1878348249
1981157929 1724501031 -581694541 885654977 -422724805
-1572073195 1202344121 1071258074 1623209944 -189202121
-323853152 -1214696592 -145709770 1784227001 1944250662
-793975974 -298646237 -2108080551 1138990316 919162265
1973943115 1440773924 2012365001 -1006424288 699053863
873773063 -1509114156 1762666955 -1823608681 1687864610
1108372827 1720303607 1758647132 569615717 -694677271
-1224907878 -1370919269 812296989 49822986 -381860574
-1525343542 -11034828 769436652 -1030373900 -1374124104
-1118416177 1616194186 -1014155142 441866559 -1597553448
489739469 1094850691 -1727240962 1911148710 -54903348
1656330640 1383791152 815711594 -1995699425 -2064338221
-2037259758 160871745 -98829405 -1163068885 -1985070281
775779023 -510659954 -1251225297 -598721882 1533492620
1049760590 475287296 -557848914 1341344827 2132204127
-83464819 -2012932256 -1774354317 -1237910937 1827470860
16000279 772002576 65773387 -1758923182 91117228
625762384 1763917961 -1138986371 1421116451 1003980583
301474907 -280511190 -1974733548 1460662989 -1572684637
-1893910315 -294444180 -121564361 27260754 1702428213
-659199115 856768771 -1499008772 224164394 -1111968949
332153110 97363665 1331914580 -682638795 -252050588
1140912730 -1623541933 -1182792329 -634121779 -1886043194
1402463544 -255420666 779663308 -1913521475 -1442704367
1179094775 -252931870 1106084267 -559034281 -281099682
-578759814 1150544059 1645390047 669604707 2082586543
72614997 144318176 -102817017 -332982233 326648335
904624476 534985726 723704060 -1968185818 1530457022
2146710338 -1773315791 -1652468627 -484915795 323436103
-2052254806 108009409 878301033 1563681380 265671349
732982221 -1933958546 -1113671693 900468291 1781480710
-1947677801 1455457477 665740619 -663219878 -1147854459
-273736037 -643768316 -755886940 -507201973 -29644620
-1783230120 1626907188 1168688363 -1570648545 -771960907
341933908 -487541758 1860427866 48785050 214260004
-1985752065 916571926 -1635304466 -987246895 -2068329881
-9987228 -69294582 161091893 -1028270794 617940093
-2118712795 1918241694 -711207447 -2060769555 119990969
-320738726 257869575 -459779975 -1943069302 -1499333005
-964890957 1215075473 824588618 -64153356 1781492889
1979900618 1588018437 -553601472 -79259331 13704321
-2116844899 668965443 -805070921 1186759840 1607843030
1449608505 -2028416406 -877265982 1664986549 449062616
-806721156 26039411 778919358 -36474116 -2063977093
1627686567 -1783375584 598092419 -1915479945 -2108709757
-981213285 -694571726 1965436972 752507224 955218836
1976092254 -657824065 808668038 -669870255 1701760663
1848133304 1150267386 1827170763 1448350158 1730705772
1397843439 559223283 1467951539 -1570070115 -1675325573
-256091882 -369687227 -462175038 -613582773 1714957149
-973264635 1560101227 2011207966 580587860 1373634614
260024785 1347856713 -380500768 -787486858 -427698403
-1586655257 -148738358 233355691 106656818 740177700
-596940130 -1531052554 -599297550 -2049631198 668143236
-1568640825 1443958902 -1188836031 247526358 580717143
2022648922 1323064865 -1973544973 1571788645 -476262087
-1676321471 121631105 -1188920953 -464410632 -810206054
-139144606 1881549845 -896083665 -391905733 808653728
801250089 1290668131 36057606 1559222678 1657945911
1322644982 2072383141 -162182223 1310344949 926435835
1950511879 -301073981 1497658836 210341810 -1846595334
-1010251106 691199949 368111735 366909447 -531721314
-1251313461 -290214590 -1553909288 186238449 -798709020
-504916969 1063066457 -276120362 1822238440 1157676282
-828423293 261212526 -447320561 -1879674047 -296946549
1515196915 -1707265902 559217114 1876849158 140691862
-1875252670 -1093001631 114369829 827607674 -1434025893
839133467 -1817162054 993073673 -1051518723 -1791609146
1600267282 622777353 171287060 1058250141 -786908066
1802544861 -1044663925 1564302862 -436337834 707846373
213177808 -1541604236 -1441922466 -1696152180 1110908442
-1774072549 -454491926 -640045634 1173179528 890603965
998280705 -911532223 -118431406 -1653882328 892614488
254708296 -1829816668 -1072750500 -515950668 -1194882176
-746079160 1728825396 -481178327 1132760725 -482822238
1273164212 1657764321 1533293253 -55325962 -1508624547
-385158574 -746116235 1433989639 864485708 2114518630
-1024855022 592579832 -1021524223 1311699532 2022824850
552016128 2092685403 -992367395 -2076484210 -628449947
-1874422194 -1082923347 1389872860 928701337 1671883048
1205946847 495449787 1188868710 1331989474 1175998622
-405210572 -1322695449 1892858167 1592509319 -652557999
1319008170 1138234260 -1610873655 2113110475 -1657390671
234612090 -339319014 45116729 -436691155 1481791994
-1282010039 846254602 963504444 454585349 -587207377
119325425 -665675946 744767776 -2071999492 -1401628218
1019761186 -1764108105 1372946968 1660066705 1565458288
-715520204 -2138346723 -1399577484 -1679789995 -1870455920
-1058102109
