10403 428 857274956 1725834250 1107573920
1265996442 -1095401116 1136705708 -438076766 -856309858
-2080410863 -279232829 927167094 156092969 2058218469
1192214270 -813381484 -1903279860 -161028322 -463027439
-1825078108 -1370918933 -1908942399 -1670022394 -743762105
-2064275123 -356425498 316664264 -938154451 275044606
1884802025 -1360000244 -722949183 -1260357743 1805253184
-1079647342 577277212 -1787430065 296906233 -1829053824
42327617 -523355256 1915127202 -1689540821 1570268780
692824388 817263914 685967692 935732154 -482472413
1163801165 470083523 -1470385879 1541874388 1478328695
-1951870622 1081081963 -852327189 -1202611577 -633178525
188792738 1000841555 -499692622 -1495455586 1051798328
1231155939 -46353926 -887234340 2006800776 1194965665
-1432531447 -2087519994 1164607067 -1258155549 -938380424
-752701397 1379337532 1655671180 194559737 471372376
1228461592 -119952901 -47501962 621620378 1680155620
-713525804 -227113317 -1961070535 -1788145044 -832558288
1786641771 1962303343 1067580698 -555958340 -772501923
-288484902 2144471743 687879054 1519801392 873837496
1016165494 -138089571 1387077586 1229443060 1653278114
-1881153094 -1245849464 537211485 -1773575970 -617187725
974266566 -1596719575 -1381965931 1585681597 1449968295
1008462066 705707753 886878678 2113048432 -1021179174
-1338482695 841847440 1394806322 279727026 1210629977
-71839119 1610420683 1709179222 -1553278305 -710729740
-852220354 -830384971 -1148783518 1331915677 -1961427108
-1516847746 1486520725 -795407770 748029395 -1122633898
995123237 694563262 -1901194138 -2039173485 608677704
-2039744831 953484671 612016751 -1246640939 1268988806
200897133 544862530 958902973 -1370021029 -230540504
675766433 986168436 1215928835 1074351276 1491278800
-1415075074 1957167302 -678028402 -434042424 -147776056
-682186656 1370260237 538273147 -1047520005 -361051534
-2059554488 715306274 1349903329 -1867514816 -1355170861
2115117527 -872889646 1636557775 -1025243382 -1243814512
336166499 1466777614 1483225782 328169338 -1756712985
328919540 1835141190 882025323 -1801759050 -2092537262
304444753 -1283731910 1742059087 -641056296 -481660636
1882329866 551952468 -1475534496 -1665273785 737545366
6921509 -1599648896 -2123444165 1816486512 -1906758660
886230512 1545925415 -828516469 -1825888970 1250950052
544438873 -248299062 -2079078058 -2134783301 -1935348061
1156244570 1865600265 1754756135 1979334454 401136793
-530176465 -543187568 -1451497902 -438973478 -58568713
1365625992 -31105519 224000574 739210548 1062771128
1920186631 -1703516660 389847695 2057998075 -971528965
1398428311 -406467830 -1798074876 975833566 1635092058
-1340731348 1717737559 1969399539 -944477531 2021274062
-235850338 1077076666 -1498894548 -77820340 102160822
65976278 -1370957942 1182398901 -1516233007 1482862140
-1000266912 -31456853 -1185514360 1265989677 -61500094
1124364821 -1959655901 529468488 1876549590 1154268613
901012385 -1222018042 259729696 1829829926 707911972
-387470141 1591625023 1894186127 -1351461930 -408593126
-1446489946 968051124 -272823439 -1864657353 27693177
1099153373 -345367424 706808092 -2087849796 -1743992974
-41800141 -399093895 1564230068 -1199067347 -2093400335
-466925691 -1255062670 -1714223971 1756185 -2137724463
284692012 -934770197 1976327107 56789031 2052041479
1325693775 1220498660 -1244831936 1448450347 224833971
-1051866520 -1980513831 982881609 2138840324 1430853130
1135694519 -1940160425 897869429 1802342162 -1901822760
-379356890 750298300 -1766597760 -473730378 800404509
-1291167328 1346804989 -1427913630 1446623350 1584110233
588229528 -1570786965 -859857756 2107249688 1491036455
1261136801 -829515051 -874607998 -990906507 -1374410289
244424191 1742667781 245546815 1020922138 1999907196
422088975 21030176 172419416 -1172105013 1286324449
-532108042 683927568 -224355361 857355964 -1475608225
2074904717 781680839 1426480808 -1847256678 1098782604
-182913168 -1681943176 275072095 -1436209556 -1804522397
239280269 -182341757 1206454634 1587801776 -1051522095
413308965 -552235820 1880277462 1836414589 -1943785617
-2011929455 -532590500 1107784252 1277242310 -55949618
-1563526804 133305376 1967322283 1624309979 -2096333390
105932158 -827542529 -785704325 1514145950 2057003780
-939857723 1157438865 719410419 1522546238 546869926
1824755234 -1412683787 1531032229 1256133761 1664928798
-1593628269 -189263203 -715193906 1892970362 466573718
-1599591028 1000523054 -850459662 -1096003942 -1660423741
206333867 1387638638 733098315 989042936 1793966950
-1423720281 -866688279 -106362730 -1788277892 698293094
367225587 -769461272 -1509535513 -1133523489 -651137247
-2025744876 494065661 -1658287966 1770047543 964359575
-193731705 724013307 566155129 704925978 -1573177204
-996913888 -739557085 1801912023 1460142999 169427525
1934792846 -68598131 486607269 -653915994 -1604840418
854937385 -1130711868 -339825626 -418059606 186577376
-1119250918 420494556 358653237 -768365715 -1388161906
132195025 -294229827 1321128274 -958842986 -745640552
379522510 -54318001 -696175231 1784596089 -1060029223
1456139897 -409925668 -1405577991 1061641206 -264014917
-415540752 681014400 -938583167 824198233 -1204691636
1052239435 -336377221 -1464432909 1973159941 -995131363
1303770666 1124440875 -1664071724 1510617930 -1270458468
-820275377 -1081251515 519286090 1113604400 -1350178314
1804120080 -1682053551 1141069161 1058591456 -1839441243
-427490938 -2012690194 250476937 1754402397 -219190464
908133655 1860351725 -60396324 881046157 -202351809
-1221381812 -1929611619 756631092 -1498310051 -1090272571
-1262975601 99142226 1459322885 -1511625225 -2139839180
-1530297039 2125794675 -882319248 1814104117 973126574
-29641738 1978937999 -1834067746 -2116636936 -633836608
-1166405560 1545433890 -1692493359 1641174260 -1840678840
985534052 298756976 651401168 1235568844 1387699788
772847848 1551664492 479521974 810935996 -85291312
291333364 -1995059983 -2058345253 2036719861 -1571885330
-1623060007 1982435700 -127180742 -1201234601 -127391146
1005749532 -749160019 213194261 -868658945 742389540
-1089498459 -751733828 1795396898 -823119126 1611709393
2000668939 1584213192 -679732441 -93802645 -1836120134
2128829882 755306993 -529046444 534428245 987898608
-275117892 580620993 1810600285 33560736 -1790654147
-337920266 76317794 1873851931 1296993371 -2103022169
-743669539 -121369189 1200446684 197097370 1985148151
-75934150 -1528740708 -566471643 -369562979 1128671078
614479182 -867860281 1465830021 -675159956 2006045678
-696725899 554957037 438048342 -487125845 96591063
-336373881 1137300495 -220928685 588770227 264729378
171204573 912781784 1556937284 -227531282 -814585602
-31258055 1981507461 564528917 1167254768 -1868644773
-450903192 268717459 1110396131 -1711813458 53460355
-678977276 1869376007 -532679029 286808198 -1010183158
1196502437 887053803 -1122984232 -994573283 238111419
1767379548
