10403 272 1973653969 -357757585 1471349970
39407931 1659711006 -1122812060 1025761852 -1713831658
-2069166057 -2014114551 1199349483 222478425 232272865
1055454527 683773980 1366517263 -2007018507 787488001
-194581142 -1606370344 763518401 472059615 90913592
-1033978754 2077769131 1395562184 86264133 1148163753
1576799542 -371393420 186245790 39417378 -690398063
688169523 -1609563065 -945369085 -824424592 59486454
273974341 -318924232 -1597807340 1277157901 -1531956610
669096419 692250269 -1772112284 1750155403 1149631184
-1649624405 -452967663 -784628359 -1802375490 231953373
2029196487 -1482849542 1934998791 -1944565776 -1715288099
517269054 288697339 1097474227 -86030709 943163786
190816464 -766879925 453382741 1206109197 -334896699
725817713 -2120527195 -959222112 -177670928 590608514
-840735841 876033110 -2014936912 -326960286 1958283698
-585846581 -753687285 277476212 2055635718 1900302941
-389162960 1818402472 1832969385 1802480592 -935851479
-351246661 -637919292 1084817753 -1033463095 745347168
1796279837 2130037280 -791776771 -841209050 -1711615495
-454159115 -195724350 1114623291 -217422875 1222416739
-1139523910 -1711291868 -1146933237 -461584892 -1540237545
1497245312 76303787 -1824822172 184935873 1551518712
-1763429665 485696223 -265759066 445916553 -1366719114
362619325 964928456 1514532832 -785880198 1480784356
815884315 1905064632 2041633343 688477870 813050508
-1045680046 -77100962 11506699 2038457711 -751443143
1034225584 1897365003 -1303167583 -1188153516 984115787
1696300191 -50488372 1229815095 -436787756 -1671436881
1759535268 -1004724221 264280092 -1842265385 757475258
1099288001 -314783083 1867404936 204176624 -722972822
1309407768 -556562741 278252274 -1457655125 411003244
1976777329 1048563970 1075204801 1399978362 -322352230
-1939882313 -1951656104 -105653624 1551559387 -1940935856
829764 1828566238 64878832 1187894351 -1939147559
1881604743 -1790387799 841479545 638376164 613397945
1352899334 157496150 1331549070 1819461937 -198985584
609130243 985250330 269989793 -1963650969 -292271380
-716079577 -955157564 12582660 1042582123 -1793612187
301960612 1403289207 -159243831 1035979030 1857827817
1379695492 -1103702951 1177213303 -889028543 1955031383
-1177555078 558785126 -564408764 -418864910 -1898941498
-1399640908 -1414844506 1833120617 1270622137 -501118412
1803967381 2093187036 1215202786 2005734947 -466823312
-767275631 374646283 -1149880297 -128525562 283545734
452203941 -1771620450 1271791339 1346637647 -969080103
-426904162 1580771505 -2086997773 1243483513 -828868782
1644356137 -578130172 1961454821 800599261 -251412965
1194322361 1193675529 -653894626 -1413818007 314613504
590453624 -1603091756 -1032026225 -1795784272 -1355636978
356475110 1725420687 -1119405632 -1383821092 1795383894
-1617556103 1768165148 999329450 -447612341 1255035856
1546149847 585918155 1395929067 -1777839356 2014312907
2005252590 1815106192 479553805 80654706 1741129670
1142474576 1428972251 1764424638 -1954763107 843145435
-38420368 -2043287204 1548581825 -1457569299 -661301956
-472176701 1720629752 56381054 -1989763045 -1845743883
118661054 -866329403 1615365360 1272620813 -1301649780
-1347905292 170150766 -423149068 -211306975 1423524062
341439875 1815477682 -179341808 -1453447788 253306027
1285702850 -1947213137 648931893 995427801 635004486
-1957987138 -1579000476 1868996507 1994853199 1120679212
838183925 -164676862 1431360612 -1104402877 999038249
450352066 -1510514574 -701789226 1955684953 980558057
-1125575850 574751059 -2126003544 647485936 -851903112
-1535362466 -2104177086 -1669285603 335501270 984084694
1800802184 1574201096 1139854326 -915138991 1060244793
-748510092 1700228541 -742197687 1349576661 -1419273703
650959166 938312100 -2075727100 1259641729 550727307
103863667 1417847132 -1584126788 848167387 -92518016
-1867649438 -477331128 1056748338 1871158710 1256913906
-215648375 1453546023 746597568 1108846929 61489819
-1734046558 -1585258949 -2036549250 -778062400 1082114086
1703826022 631212019 -977908055 661811498 -292922965
1620738976 1632036091 -1633505782 -988402562 -336410863
-1220854188 1848661070 181031337 1771779145 -265525107
847138863 71849733 1948617718 -1731159428 -1328054291
1710259305 -1769330387 1868884192 -1550085812 245834534
-2058784578 -651118848 763978586 -1010039907 -785408485
-512105400 -1785714658 -1331271323 -2017728189 -450448543
-482931391 -1424105631 831087251 1839887562 -237223924
158177084 -127917775 457357115 -17242888 959178239
-1033333107 -62648961 -1580237793 -835246995 366844487
1987748668 -1879482829 213964215 -1387252931 -796521543
1841585863 -715692672 1868857184 -529397801 -1386365764
944941688 -335905452 -1200146189 -135113750 161250839
657527327 -1203953678 1256745966 -337182246 508854113
-1878281862 -504382158 440889655 1167398561 -1317040572
-1031605723 1989005065 188245819 2122818803 243014989
230052276 181438556 -1455140830 -1756265713 431713165
2109724483 620296276 952425538 746121357 1283911749
834264189 -2028422678 1460798682 -769207537 -2000806160
1581467654 1878264659 -675082130 124567153 -1635165234
-175674192 1812539498 2075686640 -531751602 1278616572
-723359879 1781508306 -878068335 1741374094 14865957
-706421834 -2144490459 -1292055456 2068141802 -1060000869
-138567510 717915532 1154549578 -74404776 -871884163
-1569637907 717385038 -1071057097 -1612656325 449895331
717465028 -1731096385 -2070808465 1973659649 606885080
309760808 682382271 1811164290 945433492 -1436496691
-1235694842 -2048724218 1650773515 -250712789 -1377608885
-718689267 -1267705741 612978677 1165485405 -1715844788
1752029556 1963054294 805092940 -2070768460 1874628300
-1999302131 -369934999 1583665846 -1454109528 906115101
1016594919 1125415197 97724035 549248417 614116508
-1979227792 514647622 1241249789 908795916 1486318870
-6504271 -1462963161 337327402 475243183 -96211917
1005049434 -2022264438 1961456719 252702042 -964936876
360050728 -1740918610 1508627847 -1528203184 517188931
-1616303010 -1248822565 -1377522880 734275342 -219333509
700960266 -1569431655 130726789 -516865550 1656149082
964229459 -1726604798 -1151609160 2032325927 1629969103
-1220147901 1363010986 595438815 364172750 -684029100
195920751 84240168 886363022 -870853635 1539864120
-1306618646 166845467 1516682643 -539945155 -2136172211
31136990 1000892968 -1419213923 1811443237 1228178321
-1916938481 -1446420314 172223886 -1987631771 3857453
-1362112693 1516676158 564104176 1099633974 -2089642961
-750285668 126107338 1537140071 1471459651 -202565165
1148423644 -1354810373 -1019239888 -694929988 -302556772
1345324492 -2127692943 -915516443 841173288 1528126950
5061180 2111070712 -1502933410 1785233748 -1676899249
2083836236 1078646874 687955196 -1151071915 1534848802
-2021475774 -451352105 864352771 -1899610706 -595435474
-1196281497 -899202580 1376817930 -1382022989 1680123282
1684181364
