10403 552 2046840077 -1107559353 1666621896
-1005109648 -1599857218 1413302562 1623380423 -573276662
-949469498 1281912603 -1604632282 -654473420 1485599506
-1042634113 1350117499 -739977250 -1425855439 -1427484745
688895048 -773059041 1512958927 -1842422359 -1486925622
-579243586 355142272 97152018 -2145095140 -1311482632
-2081292548 -471210394 -391356713 -714170581 1451633729
574941953 159542360 973199012 106443870 -414896629
-232726239 615746392 105175391 -996659468 363420361
-1749018130 -1838269676 941557978 -1486016811 -742706729
-1300161993 -2092006351 137486480 -736700391 356118375
1556768188 -292528557 2139912126 2039787466 1573833047
1589972782 -53646362 850842239 1626265038 -1002476891
1289999480 650643685 -472860366 269697334 -815258541
738563899 -223258758 -414917448 1708059953 996871748
-1574996087 -1941811716 1097910220 -1577723813 -1624391370
-1247320087 -2042845628 1768575104 -813757806 1423393617
1354039311 -781372110 -661350561 822755551 1133056159
523728532 -883280230 -168811730 -875926970 -590903795
-491215228 951997913 550763617 2061372593 357434145
922609163 -361777208 1032771398 -1943150228 -84426154
-1778196333 13241559 772557209 1781696991 1551402707
368165817 1696409888 474415922 1398872905 1886608036
-2082917691 -2030945634 260785374 802675805 -720922825
-1665898792 -546943628 1045387340 1204341747 787819024
-1344164553 -746951185 1950531356 -1147612143 250780115
1278486244 879512992 139229865 1936037988 -719687221
2000255412 -1891260032 577985324 596920870 -1897675005
1118701932 1373636967 -1619388403 529926277 -1209942988
-838695043 953416179 898264718 -843185741 -804499726
-1582167195 -2140794524 1512841006 1737659916 603736272
376405981 869713687 1739514815 575486466 -695416846
458310636 -6872065 2083455210 -55254556 454379215
-798805395 1187738438 -823049609 540812214 -769503542
2111262978 -591033244 -1639355636 770191810 964016746
-1718489262 -591834718 1278422382 1731409677 -975972364
222417370 1798492118 1583206744 -1535924200 -1738725833
-2065407666 1433033942 -1001915289 304732413 1470775351
1505393490 1988704653 814831083 1143624482 -1067022305
31105570 88418714 -885622428 -1483717828 1546057013
466041861 -380144373 709660680 -341472076 1570480423
82282388 346088825 376457263 -1660892433 -1733846535
-1192985087 1889034000 1336830855 1090260462 -1253809079
1323488 -1549176088 -1627346869 1093103564 1288690604
-855881957 -854667419 -620922043 -275410007 -4608055
-818119810 -45752636 -1105919823 1755500483 1367672002
411092968 -1453639142 -2097818393 -1198387158 976191105
968861969 1600336341 1449191720 -1369834966 -1728901243
745400408 1084675509 966715236 1692020762 -1872673694
1610186811 254780672 2058953449 -348236016 707511118
575889745 -1926825953 -70811238 -1224097713 -1631388562
360353768 -1729394022 -291974379 -1609429123 2031847421
-780501754 -572953929 1934006649 -230375925 -1688033900
291761323 1208773808 1269255436 469626562 -1448284957
-1339111156 1733826512 -2037627226 861580182 -1919341497
748538131 -1911715961 118222481 1742148551 732922455
1642799903 885602834 1425955409 -251473597 -1242922991
-1434679502 195520872 -454528460 754580524 -1269727933
-1038292346 99409462 -1525567189 -1821078205 -933389703
-1760423398 1321905992 -1393359061 213076523 871465981
-28595528 1176351975 -1286787449 1306517206 -2000340946
-544051074 666601629 -1714960707 1733985954 1029310529
-489351353 -847709094 -487840039 1944667901 2585261
-1955587646 -133114220 -140476761 1267543145 477837837
-1607888370 1538116664 -1317714689 140225392 -740858478
-287878610 1932787536 -1635425255 1380757531 648847029
350547434 81348778 -367370415 -2013079952 1654939642
775116443 60857341 1271106899 1767981042 -1979543591
-2026337171 -1890186396 777539342 1824129876 -1837683205
1894703726 -1989859661 -439180245 87132236 -2106636200
-1001423003 -704543106 1300135740 -277710835 773943581
-918803020 -1394320418 -1673980648 -2001492611 1237906866
-537939966 -2109696480 -59858498 1995311511 208854602
596116334 -395756564 -1006569724 -1769651226 136744838
85227026 -1665035260 -1172529257 -1161271227 -370647694
61909245 -1358988430 -1734189236 -42529396 22143794
1179058081 1646259701 -102952530 -1060531189 1091529172
1707471374 1039542637 943459458 815570341 -590320144
1544319983 -1479250325 972715130 708793397 -1226363112
-2041359670 1093036752 -1115311650 -1597677300 -1259490128
393573614 1611637656 455580741 -726981131 -358016880
-888584793 -1354653443 2093216835 -9003440 1530769900
1695282080 -1018687995 -1237607908 -428432517 1107781579
974876698 -1327425227 583611252 1515662035 505939914
-807742621 -1122521192 -832558067 -400271633 315478214
-1862350767 1369188224 27474138 1135514808 660034699
1185665390 -474792161 -1151019586 1063806542 -1772494496
-1156036061 1927420623 1356602349 2061821944 1349161688
1217903248 1450732187 1618785486 1824125255 -1570951431
-955053170 594949095 -1645100918 1478236043 458780154
-2005703240 1987621801 635981460 1068907444 -235351282
264130291 -182390284 891685457 -67864397 -767549099
499789075 1489027332 -1022540210 -858460829 -2095824825
-920519810 -2009873949 -1815747148 -265250982 -1366968292
-1464363327 1075214435 -1794926891 848258778 -346172034
1141792354 -540831373 170296634 -1939045957 -627791809
-697418259 -713616580 -36769971 120880619 1251074185
765930236 -1040478086 1339090470 235818744 1514457145
699911269 -1599546081 731483113 -156023728 -1922595575
-918952577 -1234964382 161918866 -1459388354 1421602660
876359391 -1333607116 1454528270 1001606299 -1944795539
561877864 1220945776 144487510 -1359970384 488170222
1723480559 -829887718 2137191869 1842715782 -1170215129
-830868428 -1921500746 -544507581 1829387958 -372253932
131522234 -959391459 184702041 635194949 -517678207
2098931369 -205976442 -687734546 1404033342 -2110506928
-51977305 -259374202 -1573623362 161688579 -1050857611
-1292937587 -599591968 -1968647095 -1076654745 1483579643
-1652264823 -632398807 1124776679 571486776 -1683156375
-575151188 -2106421525 1271560927 1299185365 183433659
-1079441613 1618818073 -1465601035 -1877443212 1499399938
1800351573 357284390 224693214 180322483 -372479108
849549936 1174942753 -1271721533 -270757143 1879798944
-394183778 -1802411277 -1419806854 1703280804 109181696
-1944772235 -1544467334 273582342 -1377741723 -887437162
-535958288 -209973891 563091848 2017700002 1246883514
-961981250 -717709504 2033174431 -699840854 -460390454
642172530 -1348773893 -1335273144 842781712 1170251742
1626453256 -1549328331 1922074567 92085478 -70975234
1806055938 -1088609717 -1379231873 -176094332 -1262741919
-1686109636 -1943345098 -1484124269 -837523473 1494549027
1181767957 -1879739269 1480545745 1340916950 -1536307295
57362496 -860948909 1430150446 -1178981901 134529985
1402852064 -1466019893 535425346 736727277 1203347289
50441441 -1692634552 801580010 942108310 -536859392
80607061
