10403 184 462447224 1246765184 -1121499089
-968191004 1814149916 1251710458 1376252738 -591389054
732834448 1051414712 183609819 1881599696 280043587
-1173627110 771517097 -1712380924 -1555726304 1073358963
637200815 -1577516651 1095736700 1392219019 -79569237
908068715 -703373425 -274572555 -892487902 1186267350
1622510369 -2047170078 314836004 -982890121 -181975345
-166068426 830442098 -569818897 789600437 -1453208835
-1080188999 -431550667 -274202196 -1053712300 546666518
-722127209 -529101722 -1390878035 234507300 -2102766708
493607694 -746123177 606499578 955902089 -1432876107
-1741301240 -1199635664 -1325987563 258732714 487726041
936847444 -1218524870 -632271388 1223201261 -1566082685
1223772402 1331353405 1889507740 534757549 -1621705929
-748823071 -355913342 1670016100 -53044909 -1288869050
-1673262817 -1689950044 -185699196 -642693756 -828903546
-624318239 1236374909 -100215357 908271686 -1510231326
1842879296 -1231876014 -1966353304 -92616147 1147186389
-626542978 -1728781324 1325935892 -1865118602 1261326332
-1168477246 1935266223 -1604085702 1167848321 -658379835
-1607551168 1727436517 -362009448 -30708621 -1205027061
663695019 318214936 117492998 365588315 411837240
-1379350379 1779471457 981832654 -1292663976 239458449
629784448 813325403 -2085624435 277995069 308752459
-582827239 -45766212 1231102152 -170498034 1463221137
-161134502 -446253031 -984396205 652124500 -789648708
-2109996957 -918868866 -176157397 -1526445116 1857429757
-475540625 1182910265 -27568626 -537197475 1900673469
-507028498 438804540 -458671269 -1801857318 -618757328
996810067 2020498377 -1205868685 -1410543814 -301382406
-1639697331 -891197567 311803888 -283607237 -1332035360
1724851857 -781169041 1666349269 -64796295 -779951416
819353168 -1034221553 566639531 -285349363 1687711536
1537745123 952991128 1079298894 640570186 -1591809467
42396408 376877751 821711722 516158320 -1023004486
-1972082060 -614537800 326151486 -1848230138 36263670
720699154 902835878 -920236551 1627876125 -1619063311
-435958117 -1794896296 519908665 988439733 -1548118498
-1868074439 801870942 847353493 -2048516931 1032576914
1010004595 -1137826812 1236776238 -1815316235 697484321
591200407 -1142649688 685897891 -1913398741 -1244291075
-75100640 1909969319 -1375331557 1404165810 829811397
-766936543 -1195541362 1251137542 436891771 1266873847
1373113620 -1048174384 -198111613 -709738604 -533760083
1886546343 1331198513 -138469977 1194543635 -1960951036
-649822583 156378585 852780381 -291348711 126365121
131418628 2057600746 1943863434 1838235250 -2098411078
1727499075 127669647 384265094 1515674479 -759162435
1708230000 -301168283 -862671452 1308118050 -244776960
659937087 2083549413 1637092640 -1047993424 -1861347734
327679630 1034657777 -2090655051 1861467126 1663080814
1668576752 -698745235 -1340976223 2124139500 112671382
1741332181 1321759280 -2140856950 -264055593 885617743
1623132061 811659412 -1556008809 -1027505824 1228735330
706664159 -1812532673 -1298889233 -813376025 -1245841350
1966469773 -1669062386 -1661123195 1824300372 -564186985
-1765983915 1443928919 -1983397999 1655397970 -1799913064
1536151195 1594957710 332188345 -1315737810 1531272490
-1802976706 1797737422 -588028202 -1477212372 -1270653217
-1309181078 2004555623 -702526288 -1701606401 764780090
-1818058236 -1982592599 1113191089 1034794231 2132947970
-1648640725 1784153471 2032720367 -384006733 -379592487
1818842959 410983515 1635440265 -236072361 -201536400
1011493112 -1169550171 1160164468 112868398 179335967
-528055660 1575166881 -281211087 562712990 -1353985829
-950191584 180988656 -1353226625 1697262661 -446600473
118806431 1880539740 1544564167 -363609986 -1167363848
-148799346 -1145785971 -755462101 121010778 1071188515
1714320122 -321540146 -432188674 1310180742 -908805737
806498000 535055818 -1320108519 -2126435547 -739377019
-1538919455 -1729091063 397900737 -1391592479 1297700583
-632013662 -1704037449 -1332795656 191002362 -963409920
1912085261 1106177132 1154955470 -2055718236 -285159909
-595810770 1759372387 717053061 -1817977305 -892875255
-109656564 1470465807 -1821995883 1903402418 -447928546
-1190881720 60123364 -1323467105 -295549757 -1941990185
-1304326639 353568207 -2090081577 -961879673 1694318148
-988628119 640318426 -190375115 740561448 315902876
-2123897185 1199562716 -2069898547 -502152818 -1263673944
-1179517150 -928626231 1823805726 993253224 225012583
849360122 1876160501 900207466 1055831262 -1867154574
459355606 1282756067 -880729590 627262782 2052862791
-1204305843 -1513956090 736250577 -1303572680 -2030020411
1254851089 -494439727 -939817687 -1803200819 268251209
-670612342 814431683 487909905 1496286339 293628842
1932670060 -616614338 717657635 -1780420378 -608257718
-2072138622 837479516 -882916896 927635951 321553390
1178532008 -1440215741 -1153141877 284304947 1924977252
-1655750485 1276848115 1517282145 -752722978 805382257
-1169444217 -365325423 505482722 -2052547807 -1593653021
-1913197248 1272429743 235697120 1174216256 888396298
-763841890 -1495991083 1334267566 1660836107 1381548305
-863942836 -1675891580 953655334 945286316 -1578182959
1580604548 1141338878 562746421 -1743318428 1500330333
1317253488 -696278407 156036905 -1466841300 -226996170
567288012 -329418100 886274951 -1525311272 -1653785935
-625145526 -2079141542 1592341541 -1655254390 -1857410173
-1562242722 -1869894791 -790476857 10899537 1926481709
-1954179330 -2060628462 874369368 -133508802 1165580081
1999609927 -328519499 -1666849692 1486097453 -496669534
602049428 1638070202 2013997986 -713574893 -164308279
1867164868 -641332543 251487987 -1172850023 -1214479189
728092216 790036908 1246488519 -1940968727 463986997
-499637320 169351663 744231403 -1786366313 100348011
981704684 1397600172 -1503947720 528142091 1417846482
-6636048 -143617698 -367925767 1052504405 -203287374
-863521889 -722633134 -1156613961 -1528419336 -575562095
-1299027241 46774849 2099263679 -568792615 1956331905
306285788 1080753976 1150114607 829675360 1207182751
2104563837 1957934693 1230484524 -2027680873 -1147498906
-2129508452 -1328011317 -620162802 705698070 -903844865
-1979439381 -1552348435 -853858718 -30237313 -1497868590
2111223208 -1498633764 -1026977018 1597252131 -436981480
-2032009230 1805509120 -1648981825 603925092 1188905151
1011162026 -1340135692 -1002217971 157802345 388059309
1665516761 -1299463356 1193777445 -1393419941 -1640562926
-1146256801 -1273255538 236812279 -1322692320 -1420902029
-1526063410 -240453123 -322924549 -1201667892 781682830
1610557892 -1292022559 296873635 -415873004 1031639334
-466192105 151598328 -2033467170 435153737 2086316102
1310795539 1191743703 -1166948505 1481995266 -2092389673
-1452608692 1295903178 -1455619674 -2097189918 -1625318072
1550484949 2021408169 -1369732988 855845097 -1461253492
-963510930 813613856 1165726231 1502014820 -779875346
9584108 -551628515 -1015790889 -1240901418 1188651869
1996219988
