10403 452 1019456752 1933998048 -1935345909
-1768108771 -1606587972 1205724590 -747765457 -1160267148
-2000785587 2081628140 386144367 1647685525 1754544292
2063361037 -712228843 1522199627 1108806592 2058604931
1076695491 704324547 2051660835 -326096727 -162894126
858077045 1664067552 -264531185 -450930181 -409935622
-2060189268 -915413502 -1641712626 2043640157 273120986
204755978 -1655059799 725416713 -776213675 -141608576
-1751833912 -120520797 -207570332 -334228018 -104623936
1945424441 1054768395 -1607984891 -953992998 187163365
-367777933 2049646156 1862918273 61229824 1172133114
1087001941 -1160569621 -255867455 -349102118 2087989615
837769100 -24935899 -1414509361 305485612 -62327481
-1922070342 1222210171 -935618560 1153382130 -693721110
-1803004085 -816892233 -1374983741 -841756114 806636103
-721724709 211827894 -164550526 -1836984203 -435496462
-375258846 11412301 489090116 -31923222 -1692314579
-394179134 522886216 29490346 -103207250 1496124356
1912497595 732041155 -969204031 2071505479 1760962410
-1450529998 1320110179 1318962428 444531844 1596660845
-1098932399 -481902845 -2119249395 1662256587 36648081
-1362222140 -1341159899 7002318 -111982042 693812350
-862211899 721967907 896785597 -486990553 1658196214
1509301557 1612217953 1114039579 -473732645 94678573
-439605473 1066530618 988472008 1897973854 546462881
832841683 -120849443 486715180 -22985921 -1931827184
-1163342055 160985485 -1115688351 263967840 2064136558
375964950 -1463491020 696325731 373175781 -694596075
587657783 863606665 344234398 371806178 -1133141479
-1852844023 -1302718339 -2031104723 -2061941922 -1539596382
-1834387648 1256264002 1368629357 1878067733 2146190736
-1475632383 -1137717153 1486938589 1288320282 -2131840149
-914409830 1251268225 322974478 275398112 -1426035144
898823377 -391117991 1734011787 636386670 1270636772
-1577546047 707648774 -723308100 1911829072 -280871939
-900375579 521101144 200801859 -712389758 1470627303
2112545242 695000829 1550046133 199073378 1743902221
-1786179111 -590975007 -1324266181 -1434313909 502933019
1569440975 -1948658687 1503680927 -884432186 1975307167
1108566170 1938491248 -1335970494 -667941660 488954872
1473144337 -86778206 1362024188 -1451152392 1371648807
-85524048 842212789 -453944639 -613416601 -2068975652
985756794 251734136 -755037312 699409742 -1748735007
-1127995795 -2080124349 1995422048 547394253 1897533473
-771831880 1311465553 1499222031 -1452619910 996138779
-1611344735 406877986 -818946308 1962477622 -1975029606
1328623106 219353108 -728342941 -363651933 2028933497
83503282 -420093866 853587634 -705908022 -1229927570
1320242691 -1587011010 1569459016 221640673 -1043211310
1099479444 -216118493 -1242007867 725782820 1779533710
1562257809 1607213392 1111012848 -47225389 576935515
-1772669787 1100884430 416894786 -1647232809 1816874694
-248155406 1164466354 -667505961 -1630311189 265803613
306803818 2018298470 -2085317703 587056996 -317496449
922772401 1999071538 -567500111 1753995565 -208318894
1375406147 -1430103949 -1164208029 -1260103853 1356515134
909047786 -1296613126 432457507 -865668366 1087833194
-1056288314 289334872 -885846978 124541143 1036953971
285717346 695711711 1368477861 -1471304747 -1585729849
150277476 -1240217831 1575849167 -1134752084 1046943946
1062206648 1831578879 1350831317 787660302 2948676
717887281 530956919 729454500 692276091 -930528102
-308643661 -552466389 144380566 413182123 -656985719
-1719507803 -387120148 696954081 1684531545 1449274719
-1985709166 2138373783 1274914399 -353173781 1899165051
686999813 224425918 -1735588499 -310455010 -705507737
-746763536 -1019916823 1604418992 808505942 -195487317
451346713 2047660600 136121600 610981195 1800763843
1752814317 -1513859181 744535835 1770660980 13442379
-166432973 -542988440 1629945579 1187872947 -1813326768
-229262313 -1323703279 -1515958638 67841625 -250670664
416024241 844135103 1111863233 998004633 -599795955
1502808340 -455949845 -122808020 -274830229 1691293411
-1053067180 1804619080 -786648836 -1458391966 -1938517715
-1129488226 837810148 -2061361677 -1014269617 -1708494254
403603103 981908032 114733328 -1481470113 117199141
832137148 -343810710 -289913483 -1290413194 1519829709
-1183817885 1238467604 606125973 881694666 -1856083755
734617168 -95882252 -45115277 -1404808020 792331527
807603236 751120056 -1283598771 1464558521 252584600
732048414 276416399 -1532274218 286729839 -1764203064
-161282639 -315803729 1174647534 -1013230382 598386502
-2106965982 1217725279 573383967 -22345928 -1234444179
-434640560 -636969287 1296252027 -887451064 2081294966
2540461 -1973192133 -1472172207 -853270819 -1815900838
-2060462463 -940713490 -634541109 -1991690100 1485891484
256359790 1855757562 1338644624 107674127 -704964498
552063044 598632631 943951506 462241984 491667198
-2112978334 1621114631 -816027720 -2131571383 1446221280
1427737278 -774069045 -1614693074 -402761170 -423657003
1821977558 2085924486 -224545010 1523927508 28505598
414890203 1841223234 -1928138215 -1888483442 -556841541
1668329963 467354970 -895757517 632715972 -295780573
1656381693 611138411 -574677328 621412356 -1424720982
-1918604885 -1345243639 2055042526 1513311936 -1041554436
214204422 -2033320124 184981153 162698191 -316140117
1053437652 -1422158860 -1406035468 1158049145 1902998491
219837083 -166691502 2116904119 1705690252 -1262419287
1719726208 -653767519 -1013612920 969716523 -661063307
-1869453132 1277208231 1240324776 1461582621 -1966362149
-1410949994 -1298007272 -1946466136 -1859667923 1433201330
563753021 -1081026628 -1106054642 -348557434 -140999973
-1939040479 847456394 -1274604226 -761229506 -428791704
-193195945 -1563677871 -1416579544 293305894 -773898914
-1833136655 -416531440 -1084768701 -2005845188 643120847
-1720546850 -174863635 -827283815 -902194894 -527339893
1954840666 469811579 648326235 -2061155592 -453604867
946801129 -1634543536 -1136983911 2017230855 -1079914801
-1407097844 -1036837461 -1462687509 -1996674168 -1099458989
-2104307564 -1386479035 2035573314 -1899697255 1041555896
120336065 1244024836 1404195206 832360755 304682705
-1086928172 2027395659 2040909138 -477974520 358829038
-1056430408 1695368866 1327631830 -1801884976 1280129980
498399795 -1574664785 1499134703 25573751 -1226428234
74930422 609738240 1068399621 626915144 1081499956
-1835533818 -1586341966 -1680020126 291880366 382891814
-1869686745 -38687547 -1773516408 854776871 1360710115
503929726 1654043895 1897481938 -1789778829 1904603779
-1885376926 1334814868 1333112206 943006004 741875943
-2115617676 -1489276944 -922501942 -1499071785 -1513791688
-1528696570 111050645 103674661 -1174611848 149665145
1644004078 -1394635905 -769354063 188390861 -1417788451
-1885754705 -940689599 -1128738074 2015590763 434045970
854496647 636195690 -1448024641 -90474012 832300652
382180453 1017779392 801373321 402952146 711564285
153793985
