10403 312 168122089 -620646976 -1370122475
-2100539668 -1062728005 2016987999 1581321023 1308769910
-1498282614 297571466 1384680133 -1904809071 -115293138
298167505 -1013181821 -183772955 471620206 -1545459790
-127294938 -175959550 1018788487 -2004728276 -24887072
612421069 1738377928 -1776986439 509791057 464868989
178316239 -614136273 2144295708 692546951 312762142
2001997678 697735053 -1174656228 1563719951 -1370163194
2096341830 -615645519 -35735394 388272207 -847977415
-782030246 -160506619 2122351023 -57021913 1656835632
341004742 1637851265 -1609084471 -770071844 -917707553
1532071787 1448266718 -1514542305 -1673197857 20216657
2098313825 -979122381 -1531130240 279201862 -434687986
1276146212 -1979326708 1994809778 -1191127963 -2270823
1071192247 1373425959 -1808131459 -986117937 -730871508
1666245507 -146532555 -1616087857 -1870697352 -1161381024
-1649126827 2119086739 -565305510 -1567058647 -1693127058
1505166290 681633996 -552457139 -2019798696 -2022967656
-1954477765 880031277 -770890836 1732690852 -1289905448
1446486929 -527285050 902176341 819129417 438341608
1050218322 461225142 2041909214 479078359 -1920520094
1155217824 -1112290850 1855635776 -633027036 -1540097502
155090076 -1110983431 1450342457 -1859720554 1783908417
-443303043 1015832681 -2136271193 -1205522504 -1606917756
-1255635763 953322148 2112607057 833035919 -234087867
520832192 532227126 1389806289 -1250931577 696799873
-1183062895 872187292 2141407490 994043274 1111963106
-1298896116 -298910879 -1818128897 1401593231 -1367582101
1174964885 -64208987 1210433851 1975469275 688707532
-1034582114 -1582558989 -1621680806 -1822696627 -1428105154
-1414000765 -909235819 -565653358 -310124931 -1408584903
-795192890 679626209 371253694 -2028006937 1091578510
597594660 688992871 -1243509075 -1148511519 733444332
611937677 -1076995314 1047820186 -1761157002 797247781
1731393601 -623071523 804136935 720999689 171146615
-1185773210 1309059395 -544888269 520688758 1059124971
194902203 -380187993 -1799114841 1741585998 -1070717415
2051476088 951494315 -332212611 1740368625 -679078478
1323529030 963037088 -1904782764 1913615184 -569873428
-1944694988 -1396090758 204075219 2039838592 -307057756
675780588 -818362850 1730404944 295195211 1292369062
-78904814 -1493756391 640813552 2056489979 1096053253
274756548 1075630331 -743168577 1235848580 -1992054011
1871458711 -199638247 1744844972 2098936665 1975114728
653944207 116286215 -272489317 611682620 1152223948
1970457844 593818965 1650642421 1872086476 -933118943
-305176740 550067661 -1139668588 1445755392 1490141830
1381063297 690184045 -1062230490 -152791940 1424486924
-1841819729 1088008018 495374318 -1888259625 -680020102
-1608009731 -915402202 -1779291063 -196616319 908631696
-1460721323 2054192226 762876120 764789383 837664809
-566002398 -2046056733 -1993144029 2071865680 -2133588205
-1481142162 -1209508642 1046503318 -1303009875 1891406241
-1598468237 -1442968042 -1987128804 -1322283439 454394528
448895714 -1530668592 1418120516 -1166819546 -1625511392
-836658845 -2042509947 -1406783096 736668560 -1223234800
1830359581 -1781554418 -916196991 -924691905 -1641234049
-792260628 1188546837 -1466814052 1691598791 -909472661
-628778077 1982069841 993910345 -1788945047 1235122717
-1331321084 441601048 -1321445316 -1040446356 631463616
-2078699511 833896954 -1343273753 -748891668 -1282485051
2021866914 551540697 565814529 26880772 -1701793971
-1820896429 1779437162 1063188861 640436677 972312434
252468926 1436281721 -758432180 1586211976 -1250761655
143274899 1583850181 -1204972349 -125631527 -115037798
-142477152 -1113817208 1328881049 -1363129480 -1775691707
-1325572483 -1715622283 1582237958 780340615 2025611465
-1307770667 1197122527 -1677247384 1589361814 -1818882095
12247406 -2037706373 907817188 -738015396 -746634338
-1746399614 -1044187300 -1919834281 -60329759 1888533619
-1180197492 -1280339371 -80410348 352843233 110589948
2088698349 -33296632 -1916618413 100463734 2017286743
-2073748964 629356639 -526288536 1042145327 2136102205
818988233 -396672369 -64362188 -1775914312 -1183071069
-703093662 193361963 -408301215 -1377552502 -1289270131
116752920 93660353 2073262341 106697964 848708469
307698553 -109016395 211104966 -1452576923 -869411987
2007544399 -2043580702 -1688183635 212329982 720809842
768827487 -863237695 -1399740976 -1659385589 626611726
-714055962 554131523 934745464 -993317782 -2073475339
-1941213184 -846462001 -1308727232 1345615277 1866407204
1081195577 2132932893 1552337009 -768414862 -339699346
-1561361680 245603611 337592119 318512967 -772246241
135465445 -1011452588 -1260106518 -968921646 -1651958897
1430123403 794111536 723114426 2011089809 -521258375
-1373563410 -1774921391 -127648976 -1970532776 -378546899
610992228 -1457217966 -1370347941 -501115501 -1243367818
-149739323 181614683 -1975401825 204554837 -121405490
-1769241323 874638824 681191187 2057455456 604404586
-1157564387 -1096805462 129896633 -148283001 518824632
1166971320 1512777933 1623821705 701014597 -1701459608
11582315 -557415460 -1555445455 -77353926 405764060
1507851197 309796487 1035611488 -573274187 836772417
862204913 2017745103 -1952907390 27423656 -660169415
-330989072 1679969838 -1969479791 -1589580750 -719123228
-478584705 1599603266 -380979882 -1885368401 -1858054895
1075852813 -291174047 325540060 1477465290 146893769
144681258 166097121 -846391268 -1954289940 -438284668
846887162 -1836784873 -2137460496 284783426 149940661
1693202155 122706502 377446370 -61146317 -1749186881
-1747639039 2063248835 1314197903 1532549506 1925357891
-1518640522 791138843 1512072447 -2086721997 -1607177689
-1635153378 1316469985 -482712127 245915648 -1039340846
412073675 -943244705 236097000 -1666004465 -424974616
1277700270 1536848074 -1764209234 -822775456 -2144969238
-948402244 -929147025 -1499232621 212283362 -920193198
-973909122 -315417688 -1722912275 251351125 118154704
-577058574 1766140506 13610259 576870135 -457535790
-2130972250 -428061098 -2063250427 1215016798 152960886
942417668 -1537230302 -1544074368 -697992419 -1348548145
26501972 -1006957168 -645260751 428541297 -1526190213
1967391318 -675785 -944875178 1386909629 2006201552
-446387054 -1296335333 -490647146 -1859381298 -1832997251
544847928 1742535090 -248023183 -1627144839 1248771676
1956576474 838986113 -1671537819 -434414473 797472849
-1520539473 1275221363 1342902146 2069376895 -1749558605
-530567513 -985797980 -1826726544 -1753665135 -1107254732
-579802088 -454138341 540986651 -972892835 36842882
341220274 -1416544879 -453493775 -48850904 -473552828
-1500341997 45464005 1895814738 -208174925 166797779
-2066930304 -776216332 -1137224664 1846656622 -1143852533
1856678188 -1658211775 -655234271 1887201988 1433660635
-1051132189 -601426160 42647569 339177451 1705689112
2032710844 -1113793822 -1930103184 -624407524 1356541995
-1190902794 -825966363 684873391 -263429271 959114486
415315905
