10403 156 925574756 -556894320 -703695221
-1277958415 1856231817 -557429806 -476366815 -1965900881
1553966742 -1882659523 -472156951 2091349590 -1642339386
1321172467 -1374678931 -1162624194 -1404237293 1037181567
1062991683 -754534975 343693579 -1119115452 187825441
-1934682909 -566530065 -1787170015 -1248524325 193088569
-222357561 -781986079 -1556037750 -2022280026 -1126923605
-1861130568 -1506478917 -402140138 -2090580136 252482778
-848718342 35424033 -1985989856 -1252030292 155257979
-1933013472 351818205 1448301954 -1634899505 1846395523
-945541651 -657405414 1576988818 950833113 -258116881
1534394952 -1941522864 -482044977 -1057995113 -2088614430
1601156580 -990641881 -1665029153 196666593 -1159228979
-1054400116 -169866285 408811308 -1495021202 1520890057
-2002380991 1008212057 1318291092 -1470545959 -1510305797
-890869225 -1479403819 1081547111 -280748556 -1164044415
260338221 -445452240 -2041481294 -472609611 -1423271376
386807894 1018964844 -1058936398 -1894585933 424973322
-21439916 -1129393273 1338275675 -1469949050 1537161065
1964808082 1946913873 330832034 77965553 1705337264
1005596845 962641977 -1713546490 140514032 -173112213
1788549128 90005332 173027997 1888928954 -500016251
467499421 1507090737 1831786600 -179188911 585032302
464772862 1417432554 116876002 1246204340 -14616089
-336822324 -1427195554 -495845531 1123059792 150915023
838079685 -828632382 -840174501 -842410860 -441296755
-1096060991 -423344987 989020116 419004821 537693249
-2082840952 217074139 -1347924780 -384808143 -136610361
-1736994783 1791520701 714254307 581108332 -1806956201
147721056 875567474 1245515641 256901147 -888515545
-1398856352 1978697488 581482299 1686935683 755890839
-2038455082 331772311 -811230293 -1208814076 -2061585274
-146668147 104379533 888095296 158647526 1218223010
-466582185 72195194 1763170592 -1553362691 -1159126904
-923419058 244455202 -1652688570 1868281300 -336116129
524535352 2063762294 1991158006 1281384966 -576727953
-878107144 -1430853940 -1267502111 31790193 1935370279
-566045333 1670241045 -2047338904 -819967488 1414138369
1224790985 907292945 -655478346 827407668 1805497073
991463684 -945654155 -427454861 -38244085 709134225
-1162894077 -125295186 -535609201 1115565616 265472517
508275821 716723753 -1420262030 -558183599 -1885001103
57406460 -656119305 -1182371831 937161969 -1459565300
1659346324 -626286765 -119938845 1490700421 -972506597
-1900366109 1361037192 -48195010 -327925378 -1699182194
448121292 1658573645 -381332222 -190872194 769590576
658155809 -2057424987 1780820373 -1256054521 -1777313060
697903374 352527858 435889874 148005260 1505609597
933367593 584065482 -979197904 -162423803 924503911
1219371267 -75761325 -1628356109 1290497515 -1109699507
-739352710 2013870564 -887864724 1855384642 1894909949
1405739049 719238031 -1604789863 870730522 -577207940
564275115 701236462 -281475 -762877793 -893120313
-170599368 -1122580492 2123260931 -1433260387 446820773
-1616278222 179861019 -1558382625 1578570471 230861012
-1316976839 4993225 252262274 -146717741 -480739608
1086676966 508431515 -564038952 -1601489861 -403524302
-853895893 -1257905063 -901408525 -1292253461 249105047
216389466 1934407362 -646088306 -1784015781 -466136996
-906652132 -1808800228 49530170 1737286980 2109538623
-1482510214 1140689206 -504475051 1909310816 -1325234257
-158600703 -341186977 -919915527 2113643956 1648554790
-1899047339 -1430985971 -539722825 1678022323 -113967141
923128013 1569806110 55909603 924318148 -783431360
-553199337 -1818501353 1282556331 1751977450 -1899279174
677498137 597500231 -1652317726 472482330 329228991
-2060953698 127660994 761963189 -1241249558 -427730686
-1833287698 314178861 524006969 34400017 -676615897
-346017043 -1539095660 2143148315 701629256 1790278037
1461573224 -1990501830 1668281059 1623275166 1226196154
877804040 -1630716619 -74387176 978502176 -1734754727
-876206954 1133677443 2073722109 -1619146307 2128995480
2105058664 -760935196 1541315512 1643569423 -442136923
764687195 1391935534 1020305634 305650419 -1466984856
705608067 -1129920739 1625626181 -760598917 2031338994
804220070 86996088 -1388418880 392728324 1719191707
761130031 2042551752 1144865880 2086193290 1347664023
-660236426 477020392 618053079 1890989259 -562604225
327963707 1283183854 -326720076 997060536 -1130329904
-1173302654 1037790770 -361652288 1355611869 -1161396645
-174633043 -1547762019 1638981512 -1656224631 875360180
1514312434 -1981275169 1411928346 -780042918 -920971767
1459096893 -1152608111 1630369680 -48976620 -2094189252
1381853679 -802470364 -407208085 -1959699097 -1321989521
-1570423714 -979133011 596177389 774556973 -551682237
-189870735 -1410336108 1704548173 879671572 830956982
357086167 -965366831 448654247 -1086339916 2101393269
-1691510597 429779437 -496888366 -1265472375 -903932139
2074950031 -1068901782 1993293889 825610730 890328933
-1235645080 -1067872692 1625046472 1476314187 -2097282045
259934573 -160496525 1774971132 -1346295360 -1871288650
-573090334 -1001945968 2048687747 126983407 -154594472
-1450693217 -864989037 -1357311464 -596911888 190244458
-1823178345 -428930144 1801765773 1126108705 -604475174
-1378401007 2135094389 1860796507 1928568286 -336896731
-1981638051 1032635337 -582792703 1722893534 -59159344
714131617 2068889613 -374004692 -111636891 1994419464
-1657495759 1283330985 -111846011 -1332384281 -1551189501
1829803830 -2105975042 -213029973 107320081 715978811
-855992417 2114172859 -1056115821 518771006 1223257539
306322363 -300362939 -1893840892 1182939332 -1750791821
-1986318616 1881197949 -2120455823 366564567 -1289321683
-1577548619 1838319592 493426251 -638974315 1357844526
-445308837 1540042672 527281182 -512449621 854312218
-73428679 -398308702 -21818792 157896306 -89860908
-1632693619 1450771497 495255766 1564064534 1257152832
-1056933966 -291203154 590491033 1142906292 -1748534091
2020293208 -1429832659 -1470471730 1212069780 1729471844
1953875706 1730368976 -321906035 -294465633 -849624855
-473856423 1181974893 786045706 672555509 -398647170
-11492021 -132648839 1506415344 1293224853 -1055075538
107834652 -578544821 2143875811 888349731 -906534187
-1034095954 -1029048405 -1333826238 -651479720 -821601463
1409528814 -1680392164 388526846 845580388 -25047569
1130060767 2104447159 831899924 -1798460223 -832551827
2039352198 546106033 -542127165 -2064795466 899054726
744957112 1531418758 408691856 -1345852739 2120465650
-765881594 1813400005 -992668996 -614668028 1014114329
-1765394407 433533725 -1967972057 777640126 957595058
-1817900341 -1968120680 582392384 1685592726 -553692053
1291948959 -185510807 -695211003 1700023137 2101982095
-1398239858 1824469303 -757311940 1203477759 -1844782680
-18432055 -775876639 -628610965 1546728144 1856025305
1248859502 -286724970 1293794515 93910367 -63130556
-576508065 661989427 250142622 649749629 -2016253481
190410223
