10403 432 -260272728 1264566548 -1901833549
444787913 812635990 607529088 -846387105 -314508036
1602309558 -1204484801 289524725 389137378 602567652
1710072874 1887303827 -1344066879 -2092227308 -741942140
-1431338170 1887911850 -497238839 -584069682 336056346
1240537409 -1341179515 -160416377 -126294471 1541556256
-325551090 780712961 2136995952 1780713252 1877219568
2118492760 572419567 797437090 24734754 -307635722
-1977314513 -2094874919 1293407936 361567689 -1227358477
-399635319 1131559089 860765500 -345169302 -997968872
315086201 -2028246402 121941556 494100711 -550200218
1740621405 -1206678721 -458000218 -1560391065 1834177328
-202600433 664646556 -608428058 -2092887689 2034222138
-950314440 -1257722685 -1472575692 -858046915 -490022565
1124509893 1756091355 311218313 -2069914872 1470348578
-172977917 2122709247 -788281566 -1211892437 2147120927
1169306216 197250703 327031927 2065080093 -1052804639
-2000598869 1319095421 690132635 1004868186 -702790853
613444168 -1327676313 -1623945559 1521645378 -47237227
-1029421689 992341733 -985887413 -1340227588 -672032867
1888139124 285245309 2086096268 -1964742352 -85367340
-1651275571 2063774554 -1926771499 -1918650072 -311386104
566865527 -2053455675 1217295550 -1005388967 1175932628
1146954152 -1780388329 1342208278 48911258 1217664589
1654157212 -840921037 -2013827753 -331292885 -1814956533
-1089644572 132598513 1393843954 -1399146336 -129556914
-726348634 1097759000 2014286716 997173310 -2117393452
1218033634 2009761327 715763407 978377116 -210417038
1283513478 974882759 -1646999704 -1160955720 1390861606
90199199 1704820055 1914902349 -834118223 -1119020082
-842200955 35023812 -724426388 -852022678 705576937
391781236 -2101042999 -797983501 -1448897545 -413200961
1567624925 -1127441058 1594993094 148142496 1789673878
-418401452 520528140 462112833 -1137766860 115449005
-1224201703 158210994 1155377142 1631806449 -82988334
-892345422 2138311680 506038910 222745334 2011888177
-1780845145 -394178800 1405991842 -1913665759 317341144
652965166 1754630853 571152527 2013351980 501292291
437413234 -2107987867 -637410884 -493342605 -2100207773
1683663104 564466780 -99546780 -1162469047 -1906509514
948346126 -1875114209 -1448080883 1690859374 -1140120521
-607345890 766061971 1388157225 103690189 2023639326
-2044965401 1407176891 1949382464 -333924330 -1737265827
-1084554081 584042787 -98959144 -812182592 -1747708449
1023873924 1596082702 1031332954 -1045328812 1943048259
1226161342 853109340 1857947798 -943468519 -491369878
488964501 -971311037 -204674952 160417784 -509641044
-690940667 944212453 -843769456 1739539774 -849365554
-1733860801 -1430652598 -1830566899 -573556074 -710061929
-1868000220 -1680947074 2128328350 -1476569995 -644566983
1794610305 -2143786739 1104678822 430227068 -2119607518
1456533430 989414845 -1471291234 -1530824129 -883885503
128121775 -1898067114 2139394911 -145588856 201895586
-943379108 -405826692 601710368 -302321024 531527824
-1488155730 484065059 -385152916 -644543490 548349277
126797642 1908758823 1797314969 1778266078 -1555941388
-1772423751 -423736288 -586469685 -1576529338 -620370849
478828418 1637120105 -553467692 -1467845697 -374151226
-756139223 500509215 976209758 -565575285 74756776
956097881 -111079259 -505011411 1291256699 654306852
2055586923 109748448 1294035546 1487736650 -2084325197
-800280147 297855164 566860512 130108318 -1908932468
-924476347 2130288145 1942289571 1877909774 1950129528
-1723062709 -1044777927 -1614175858 345023289 1596635627
264863146 -1114498038 -538355308 -1447649332 2073061584
1193095982 -1237595968 851571085 2114143675 -1148501306
1057423601 -2032673296 2147407722 1025482453 -1427362721
-1061566336 -1506706680 -286770394 659613813 319377762
1085091941 1461231616 -1135365895 -1727987946 -611881371
1615724089 -1849423642 -416078754 115970278 429620365
199734464 -218730976 1966227438 -233535129 787472992
156275988 -948242109 101877467 -1041203548 -281016445
1611916288 -1923702174 1717049774 -961672180 930240251
307734479 -443217450 795624459 691226733 -1107156952
-153786717 106344457 -891838352 966790951 426651368
837061071 -526530606 -1063798841 104801225 1346966226
1061494832 780309520 -1173778371 -1731649072 -1492938467
-1675092974 1897637214 233037851 -5267931 1650420868
-1465237068 604369749 1319790313 -376350916 274948458
353827783 1757794285 -2003740719 1450306855 -960452703
-1670395382 916809615 1642529890 2078993525 -825289615
-1854614676 -1594172911 -227743878 227872238 389805983
1188807716 1231116172 11821614 -1877354409 -906390130
1963475573 -1878272659 1965110300 -717631642 1107777586
1099242439 1608835494 -1307013080 -1166857842 -846455467
-1030631272 1124608595 -1762885674 1347543416 -1424250055
410686647 -1363614041 1986113709 -1119984520 -1825178550
-1566429766 -1834293112 -294157410 283478388 -916102330
-1438808885 -1110065660 1085103253 -1673831905 1771393426
1927426926 225245986 187582420 1665077321 -1980583658
438734150 -205343156 -1627046888 624375185 -2121569962
401224809 649584848 -1702799264 288405962 625793287
457607150 -1268021078 1420841857 -1942862023 -1722799057
1987906502 -13610043 811880783 164236587 1185999764
-190092707 -609731619 1072565979 -1102964236 1275559770
194781117 975709466 -460962278 -495436543 716358031
-112125492 1226191894 -2136458581 784477884 111259357
-1178801231 -1545846282 476242672 1830583818 -466527361
841390342 -150330606 1037816049 1821391860 1579632139
-138604877 263315806 562069174 1025353179 -1002409601
-536489748 1750075755 1482931465 -455346531 1708457895
-312019005 -916536222 -1526378355 -1818025070 1477589480
-1036073808 1051032204 675936094 699629605 343954868
-1588197442 64111675 1737149367 -1760365843 -1831731176
1855217135 -2043116581 -681237692 -1891051328 36933930
1687360398 2069876658 1431187912 935933846 1528689320
-529937779 210310923 -552899348 -1306703129 -1192651405
700912120 -1343113089 -1162060695 890117321 -1642266021
1871539436 -452105468 1165611257 -827953602 -1376917815
1414393556 -1552028347 -231396006 1560218747 809452457
1410061010 -1257072849 755801010 1122959300 -1401411331
-1653315187 -1708518589 1710842617 -1537959468 2127579643
410552784 -756137179 -1132160320 1350709673 171725749
754017747 -1830647925 1710623885 -1000224968 -1122750564
-2063947157 223608060 -1325588540 2094165083 929612734
1578294583 1303154094 -1372448939 -1953936050 -1644927379
-1189074455 325041311 -918714201 -987521164 -1860289741
-2028016016 -1747294721 818203328 582660839 352481603
225124869 1357098234 1475009099 8980995 1560897670
265118821 -1529312799 -1368078739 1386413554 2069445039
1576403749 -1664953260 -349400361 410983918 -965467788
1028784286 -970777641 1010774667 1286617431 -1735001484
-74986057 56634394 1347022230 1588098127 -68000181
1847979002 82292750 321639812 -958143956 -902094058
1954154832 -862818486 1635582416 -1424241779 1900709130
1850715123
