10403 572 189990522 542300384 1150278995
81501385 661658618 1367327557 648952375 225191825
520968589 906692023 -1495252194 524826679 1977172612
-1588956881 1125630464 -496514959 1726206906 -1221177238
-1937585988 -1995810759 1428735203 -1413383534 1843680742
1496993009 -1431231065 920722737 -429726943 -1300583590
-1869883122 1530275975 2102269271 -438302841 -1798953480
-165939194 -1308185636 1136867822 359680210 1461296569
1662805761 -1932565256 549147402 166855684 -666913032
-914163750 2021175154 -1482019199 -291487608 -1746236834
-1463452845 2078075035 1054611961 797256079 773738042
-1279191212 130450640 -1987786635 -90157073 -2055434478
-978302102 -2098015788 -521409381 1734472030 -142191706
580872301 -966819389 -1952362184 492077645 -1854592188
-1914102439 -1294033709 519659589 350109264 540303511
-834379792 -797306452 -1660289300 875937075 630744411
1771134156 -1249218418 -860465528 -708083732 2052060723
2027661306 1200105750 1721898935 404440428 532927945
298164043 817224542 2057998198 1121098192 -1493823951
126939831 1236130214 -726799451 -1005734569 481912813
-152388761 943960676 854609113 -1917472991 -638276505
666268532 -1886353119 -752009063 425769152 500720722
462169579 -426669860 1260938770 -1161184737 -1763649151
911929010 1778310828 318738837 -29876516 1633287853
-528633797 -203658569 -1203452660 -1771348626 -430857225
229038766 -1488035536 1180562252 -1424043297 -1404144921
-345905893 2046032636 -415195039 1083817836 -22565158
1726741605 -1462105402 22908828 -759101576 -1322093600
-893590335 214431291 -78278733 -1535367470 -329816163
-1586347660 -1164230273 -424091794 -1745520228 -1828752278
-819308035 -1913142666 -1193614787 1016593614 858623940
1048692827 -200907237 802725135 752061689 1309553460
1767496744 -77858227 -845943180 -1618593822 -1777028828
-697189629 -1627030652 -1700903004 -2021971561 -100509622
-872826778 1773952369 1364200037 1771052195 -1464034107
-2091719418 -211266547 -1294591340 -1387594280 1089732733
2131084489 653333212 -744554433 -903551222 123209836
-247126192 1700323260 -313661234 583669684 -2141275664
-197312840 1882464928 554576883 1143645112 -1817806447
-1437688564 -1557547438 539001947 1306823054 -1000189265
622537631 489852899 640994387 515069000 190299329
546371271 435421033 -1834754024 -2029956864 -300326764
1006832056 1238906191 -1794519333 562631225 1891367630
117878133 -1155317928 1174781043 -615582883 -121714664
768959977 -1453854389 -694703405 -46993931 146909279
2044134585 1431387802 -496327038 -1950922740 1968041253
-344111929 -1168483124 2113264936 -33643749 372781165
-1779229965 -1432348225 -2101913309 -969007504 -1846637614
-1829680945 297952118 -716809849 644582722 1750781701
1082866433 668775495 -468701490 -187080589 1935376113
-764994241 -295755043 226316838 -374936974 1003577064
-1082376070 -1665433815 -210779932 -964978277 -788254713
1621797460 231495097 -1443948120 1495389906 -1964507674
-1232427091 715070835 1119766795 -862136000 1869228516
-421783561 -383834091 -1710469592 794190844 1184312330
1317739350 989266145 1153553531 258671407 1081838877
637961005 334884665 -74794537 133685295 -2070404943
-451145301 611174630 -1812149061 1633242155 -175940907
300905215 168863842 1130141898 -1856758816 -1360031581
1158467101 1191895530 1869855558 -2069569449 -1726392808
-390770414 2094557902 -1143931444 -1624911119 1729115850
1366618236 981543936 234189390 -1442628597 196947930
-309541367 -37881736 -656037967 19660284 1311755938
-913161515 -1342969812 -699668259 400135500 1500541333
-1686608012 1794096361 771546892 -1885381841 1417506636
8712573 823535997 62447555 -1281005692 -1039677489
-1635528019 -1909060198 -1659706588 -1241163773 1466094591
-869102175 -681463178 -1200193896 -1857582253 -1917488715
-1425072186 285176294 -1324585074 1563389616 312843557
271095233 -975165939 1468446876 2049535265 500128904
167660805 1894971916 857325194 1344513224 -1612467804
-1405694944 -1912602 -1540186572 294830642 -1849892064
-759783344 1131103383 -1434574702 1952786686 -1006059640
-2011001632 1041464167 -1996901947 1017278771 -1468433558
807124225 28691932 -1666733297 -1194209971 -1797929895
-469757254 1631013594 -940737552 252019464 -332648505
1665827666 650948455 -319248125 358387806 -2044483377
602522452 -379087233 -2077794120 353694861 -1574224518
-1961692765 -13463538 569562870 -1870065670 -673332495
-1826185828 1168833774 995073317 790467431 -840441658
-2057247128 -761933484 714978198 1617980326 291316279
-1424262334 1194573588 -410647559 -1366990895 -709753253
-1651937989 1002783254 -149660244 556149765 -866424182
19472602 -1004951091 -1633649633 714140116 551482655
-548226282 1265277075 1400464348 -1013739483 -83363447
119178083 1027856001 1107651572 -381707117 -351986756
2003988121 624042000 1790619042 -1700326853 -576341377
150365882 -2119324465 -1347173898 -101538811 1472089220
894602286 278811879 1302554723 1117406968 969065533
-268182440 327756351 -24796064 1440987584 487219120
-1699049923 -1503435348 1373252370 14162031 971360061
1318959659 -961756970 2018666875 -542958072 69184491
-2051978937 -1069464033 -827584787 -1864066309 1843441933
-1417539118 -128196858 -1231278688 -399352497 355555310
1331949331 1514747870 -1413630289 -128450578 -777286108
-503848817 1424951670 -128481161 428154626 914946883
-1505872735 -1725761369 -1306985761 -2096103340 -1059743609
1541775033 -306335001 -1813725924 1154981816 657156716
1636385457 591181604 144079852 -121100799 1402374774
-99355636 1183496637 1502210585 -157143984 -48763907
-1947205417 -1966409084 137321188 239363098 749146717
-1385214309 -829260600 1177248190 -1277866267 -2010726502
1886858092 918504665 897194263 2077157507 1878083051
1953891459 178587878 -210072279 196607897 995812808
-1356706648 982706321 1932211402 -36901642 -681121876
998163644 -1018358089 -963677461 -1771734698 -2044489849
130481595 -1527521078 -1196384799 1483691728 1519152932
-803257129 1924711907 -761990883 652489984 -780806994
2247761 1338116389 1777996835 -1423694245 2053703265
-1915740519 -992242913 1324506175 66435968 303468927
-872687026 2077683952 1569209063 -1704667684 1064307219
-1994077335 -2122909715 677378363 615293998 800482484
-1650703556 2032556370 -1894131252 -650181104 -545757532
-1884152413 -1808335240 493312158 -1153242286 1334320074
393194840 -1526499725 -1605283745 -318426756 402015363
383784176 -1587307971 -1575194256 774532173 -52361192
285989649 1706246106 -1591778302 156399120 1654397105
1246591482 1832669199 -1194186412 1547525533 715424213
-293842797 -131096404 1703146870 1806648842 1883858053
-765686548 -620689037 583875818 489244561 -992583091
2005605367 902516546 -1196826377 -1776294050 -1330006570
-1770640201 1774094601 471617679 1609779184 -508321398
283286763 2013506277 -984820930 631796638 -1604405151
-765820564 807737158 1336930012 -719695104 -1479184812
118879337 1059396897 113644532 -2101952456 -1199494887
716443738
