10403 180 -1919797195 -1365637191 -316652529
2059200345 619946772 165785882 1009895009 1553634730
-1729916775 -1336610565 -1263346429 -1591742858 -20118973
-886128571 -836238609 -442575799 30335310 994674981
-1193135272 -1019845238 1662676668 1399616516 -1162733170
785972238 1903709472 797315787 932268934 -1857443711
1110541011 35440165 50576522 -1678179816 1150596199
-502327884 -1110045382 -1034335035 776562891 -1491475308
-1128352185 231584254 1049686594 806874807 -413920725
-427403029 -1605501357 765032959 -1583342668 -1915574192
1349139641 861692698 -1415575083 2079997446 1626727386
1153595482 -528169012 1646409174 -1926446665 -1963157516
1293181673 2083588867 1508146732 2073258169 -1726723673
1796416982 -36948135 473996290 -1899800100 379883557
-660947321 229474855 381531535 -1772107912 517550953
-2039863142 528982306 1384264829 859424957 -2075149480
-2030387921 -1937832840 2056900511 1501591224 -1773052377
-1391277236 -1275773169 -101919494 -783722063 -932121094
-81146793 -1807148767 -1404068715 -1653631877 1802142633
-1292634127 1924864238 384501276 589387559 301188029
1207769460 454384899 1710673647 440961072 1769389644
-192274135 -1862580054 1766252604 1900086059 -457130513
2042004384 1553893661 -279449312 -482284442 1852788936
-610628119 -931008360 1590755543 978563913 338288431
-557143793 317447888 -869933647 149582723 -1198865292
552825055 1130434733 1679168563 -990439513 589190535
-1995835326 -1479000250 1900726256 1797077829 -613957025
1399168371 -2072358073 -800595842 -1251746227 -1925061403
-124828785 2078450561 -1570278781 228778655 -214907549
528353058 -1540170626 2104560996 2036904599 1973544228
2107182281 -1391480181 -8380680 1974622865 -2137883767
-1164539314 1190629807 913925429 2069062472 -806614748
-1261144044 -680230541 -1317755289 -1804812916 -880753415
-1370669179 -1705481696 576833792 1894500878 1342257786
-1748584859 565211830 -465877510 -99430293 -13948410
-1087512049 -586555007 -1086147668 214933094 -94152100
104280565 1336305808 1816977072 1467737572 -1574376274
470858647 2051067885 1953509416 1985192439 -1477379947
-1116564060 993120016 -28149838 79389349 -389461954
710807917 504826025 -844889057 1958658647 -313042673
-1851882958 -167363767 412060998 540208292 827465971
1123630914 298255196 -2025185041 -709611135 611353668
-1065605989 -1020042224 1961700496 -1497630849 1956741832
-157679726 61922307 272555981 -1787676133 -1608932565
985872688 310111845 -1637194752 -752898790 -2136078480
-2085807548 27858895 1225185823 -1362279574 -874858408
1372966811 -1778098562 1209745774 190466455 -1140641995
-2060663261 278632615 -266870290 519573369 -971972164
-953466514 1436108340 1160767764 -1157465092 1945534954
1169707608 -394055281 827424026 1363153393 -1974551243
-729892069 -1954915779 -1849722569 1650204375 1118473522
482784844 -193738854 832093585 1324899074 1441217901
-1710876289 38510526 -572176931 148083025 1804360188
474361402 -1427189267 1060166634 1091221771 -222874190
1958066632 -713405049 1070925940 -1035920796 152746872
-2020553835 1029540456 -905703036 -689404241 822187888
614693959 1003597609 -2022859833 -667476947 -1124594264
-1496160235 -512487765 -1779141579 -1721178599 1885410050
-444602857 1707963411 -740416802 87845810 -183907081
1951667761 505149890 1993038115 255129130 -255492206
261189935 -1642709083 853183015 1675715687 -995167432
1658064275 -951407134 -2115556779 981457037 -762887068
1929223837 719495760 2025848924 1648189945 -1801539823
1982385043 -1019720617 -1943744759 1595555115 -547251970
-396327582 719506352 1324151338 363516580 -572134253
1750840933 -1730436478 1940129248 1861353958 2045405691
-1270982289 -1239253479 -1537824029 -439824657 1545666406
-1961514676 489941137 291819662 -196695500 1031066345
-779277643 -690005593 102448398 199726449 -1036250815
1880070919 489888331 359060760 162759568 1371515565
-121355884 -905456921 -1607110708 1398636445 1791898018
1321792055 -591239063 1940538004 -557096284 1967855580
498898166 1630472061 62535215 1829405581 425851963
917862649 190959560 -937728680 -1336584535 1708094837
-769530966 666146400 436021454 676712075 -359353124
1332350960 794102311 -2138849339 77426720 447782191
-612807386 1413147901 -1647151851 2072476978 1717917775
-2118606305 381729238 1294679348 629347211 1823911557
-848319574 -1654156496 -34713447 -552749566 513286922
1975430991 -362679139 -2001974073 -31763836 24948110
1091514979 749658822 530649214 -478898411 -1353801347
-968098882 466285264 256504908 1981835123 -1103120847
-2037444819 -214694286 1126955189 -835634177 -1955480514
1568254201 -484522687 1076077334 2002506516 -966500015
-1233352474 -619011742 -889943371 -1077095699 -185757528
-1004058088 -694817536 2102191478 -1143879412 -1082797905
1617445102 1577017853 -202852327 1314936909 -662285610
1491971683 -1482267318 -341335631 -940500391 652805074
1013216118 -499956255 -1912332069 -1996269482 -1915756562
-1081761314 -1075245634 859929028 664168013 -1719665920
-830028647 -1667429870 -1236992605 1746250924 1640523299
-744372862 1653170459 1797431359 220075809 593012398
-1703842150 -13052104 749028064 626279382 -1295626823
937135787 1299588261 -283928283 -572218434 -1655289164
-1467876548 225787640 -982914567 -785628048 -1532555779
-2080213889 -862956879 1585308131 -2047826894 -726184209
-1882450259 1058931335 -1518829276 -1414822779 -783150089
-426705969 1288013874 182647809 -1539488551 1493538640
199334888 233908194 1928507931 -2045379138 1921708876
1389636297 -2042825135 1617928215 -1969693064 1345695228
-888426530 -1313212456 1542194101 -327626404 -1474773262
-1284609109 -295843129 468129611 -599037402 938173289
-1302396976 -861495445 1520721795 209374166 2095920677
-1584255509 2039600530 1293775433 -1215640139 -987969087
1854372253 1681131839 -1974401074 940250044 -588704677
68773843 81061820 -2098044693 358423891 -1854600767
-2119554352 1586974162 763587337 -1608981915 288564899
-508603103 -1857265902 -2011464228 604844769 -795300079
887576542 -613340224 911991803 -427010883 2054359692
1659417620 -205156155 -161453646 -249196624 -968905954
-780972679 -1671447943 -1901489821 1085827472 275141190
38667173 401128794 -404489983 -809051651 1783074277
-924413505 -616782311 1073318807 -14270528 -996372576
-1813477894 -1344801016 1939682969 -1919873110 1672551470
-538344079 17234862 1987997775 -179431512 -1400901114
1661503975 1472376968 435853009 2136744229 164307448
-513610476 -1947941340 758001313 -1287722997 -1768112100
1199793495 616218603 -806224031 1534400882 -1364358152
1542841869 -998343877 -661130985 -616994453 -2064027933
735298234 -970534912 -681865592 1680947748 1390934868
-1291722001 -119163712 -742614921 -542781670 -1785512552
1894439934 -1360746556 2098310504 -103445677 -1844199099
452467448 -385079615 1461507143 -1710366363 -2088027398
-2080430914 1278869657 496400465 1876453152 -268521328
-719565418 -2034032457 535019727 173489901 -1855259410
1641741889
