10403 508 -628948241 1445074688 -435451240
-1730792068 -2101106773 2143294398 770564636 1753728500
-1833384598 446440860 -1392268768 -148969026 -727506179
1796657641 -1536507610 -1157924752 139676002 -545349173
563789051 -946323248 1014282686 1842587107 1170196919
-1662936436 -1089482616 -635739347 2035549090 1975508075
360399948 -542534320 -1680268913 738574085 1438994843
1877042271 427691929 -72329208 837892413 170781210
823255095 -275778960 1182042326 961579275 441449593
-519745687 -2039535857 1215607158 -429969476 33160035
942423249 -1487594463 1026583831 -1928573869 394756033
1407141972 2099988383 -748001362 1505410636 -1579607958
1154681752 891990836 155153364 115486516 -1738673215
205539806 709889175 1378396689 1791520850 1122393605
34387198 -88608208 980891284 193718158 633849380
-4827894 -1670321202 1379376393 1339196524 953975054
-1546611315 -1928380819 -2054800920 -1913289387 -509535993
703847362 2138674470 2112859992 -1769250757 1018007658
2086045280 -1772522660 -1595435956 521211434 -592980224
1821803361 -1013451161 1654222028 -236186249 -321575808
41652739 -1307173380 -600864794 -56057992 779410788
728220058 156971906 -150536871 247298465 841710496
-50340715 -886658207 -1450569704 -1719189060 1218839231
-189716595 -11484822 681051115 194471844 -1829670274
1237409767 348230054 -1133594001 -610627609 -1405947413
-1019802333 1496212597 -1106893760 -1276822597 1474792195
-429869636 -184044577 -1863125180 931003694 -503666708
-161196214 935550187 -376818999 -955564608 -1957033760
-1582067201 -1812051474 2110541306 -479702526 -276114815
1559667323 -1000499268 -460493558 1501610916 -1163482431
-118657452 -2135212493 -1146078091 -1792344989 2011715184
-925330583 -1305882635 1113411367 1267308668 -453944911
-1400529491 326664401 -1937358101 -1514530406 -15227880
-921752884 1469299708 179626690 -169807951 -650820327
838804116 188656922 647487611 -750614550 1921362406
-1106321297 -1516860195 -987333882 -384733398 1069995628
-492551908 1185507013 1869040269 1649350697 1580518169
-1515280400 -735817021 1107729025 -1160159539 871307745
-1879472480 -808355675 -981678419 1464330630 428811434
-2037421017 -573466220 -387676361 -2030287389 -614090181
-849314620 -2067325307 2086984776 1115847738 1004649069
684769348 -1591711713 -31466033 -1141031726 1413485874
-1828179998 526298891 810210536 -548680113 2126655629
-1941411085 1189909392 17263392 -1289635560 -882133670
704489943 823737709 -1242310565 -806939328 -636047395
492606698 -382090447 -1337584674 1042576393 -627242919
-1501872734 -844151042 -384280248 -1527590603 1689690860
2137401188 -739895436 -788135072 -920674513 -390243729
-1488582641 -1821369282 -1634217934 -498856923 116134116
-428579095 1115415052 -1231310755 -590702533 1228635812
1691483151 -1493467045 -556905661 1595459132 280537183
-1683113162 2142569331 -1347386197 1362153726 -1607259975
1652557329 -72391470 -1221304479 -1050449569 288667334
-1164622395 -1639453034 1965891764 -1376647681 -391089737
-1522957602 94513426 2048395110 616114230 -522952054
-606311735 1222374027 1979821826 853570809 933388088
1589802613 810320870 1604474997 -511197819 1979536664
1595805113 1123539491 -1890066932 -401113255 1563379660
-931590059 -1581748427 -1934439032 -1637952820 -1155155075
-1384297898 41477118 276164130 1429301134 284750125
375502577 -603648464 203262613 434120126 2120289761
-243015582 -1828557233 349657944 2146016516 -1897715898
404265512 -1836862031 -1591971050 -1130037230 1146400002
-295260467 847669395 -1195337313 1286361372 -2026903500
870695811 1765135862 -1641295657 559039020 1036597739
-838430168 924235534 -1614922285 1271556236 -483419849
294913800 -1930317565 -451333730 1360961431 228414498
-1466760898 -1012990044 -960763229 1787977419 673424449
-1680039901 -716402435 -968753409 2089183179 -891790559
-1939515871 -552268347 -1166596457 -1421407391 269797049
-164412923 -1152328082 -1801131015 704930296 733093258
-1711303951 -146133769 -1345041839 -1525139382 -56370106
-274134153 -690322536 903916652 1666345115 -1291516297
1686997357 -1136140195 2089565340 -792348439 -1112555872
1722753292 -1874779851 1913665608 -974400145 -1582883241
-1510671406 -2086509753 2000368302 -1859219509 467368159
-1831680509 1174415261 -2047561128 477717512 -367519540
-142887014 -674419342 -1342359002 963266055 1142445830
-577204429 -1745460635 -836381458 1948643058 -7345586
1654293435 -1553787879 -673931773 1567182384 -1171667004
2001916056 -919710070 -1131819041 -1927362743 1410466563
-1240101913 1457981323 1675933009 -1629524218 1251411253
-1264933110 1548356306 -432659979 -2005353900 -1719975313
-300979110 -1793073489 -419271859 980432551 615673569
992888760 1829136692 161796089 1781784194 1238630790
161627340 -1189657139 1177553152 -890662065 -1710816310
732264243 -1790010078 -436973891 1615281246 917613581
972864963 -1533747925 -738593916 -1798946770 -1261418072
1087459969 -667264872 -1695802303 -1599294956 -961728458
-102348244 -1383474809 -1987527933 -1972072206 -839746837
-406971670 -389438848 106506381 2053826066 -1620894507
727768226 -1007181957 307292657 968155909 -1952036593
-2104841737 797232002 -2091943475 977741125 242455682
-1797401952 -478650214 -464143966 1719593545 -349576494
1583625205 2140470876 1071055425 -1370434588 1376661349
763023149 -583917131 15682739 -1966202494 1752879102
-2003848588 200273765 1601775023 558328151 -1268513939
-1529835370 -828992454 -1870875680 -1693414387 -553710961
-83936318 1870511242 -471487949 -924122454 -182534146
-1025977233 505362334 -485465120 -1742038437 915232636
-820353266 140775582 -357209993 -772808834 -181584872
-2075186843 -302723439 17438294 -1361066982 -265642221
415144013 1601457216 1519405248 487943085 1574225795
1955217070 1334482862 1974713678 347825620 -4820236
175393198 -187953098 -581799137 1693051015 915119923
-2136428659 -1624253884 -305911701 1711517624 -1118857563
-687606741 -791982532 -229952855 2033289701 -1648129935
1992842100 -2017677129 1288940738 -136338952 -486295710
485373227 1843538043 1198659337 -163361400 -1964441251
1189574088 -687306246 173844505 260846221 -771019222
1227341643 -479195498 1736328599 1727970075 1697606596
-495681816 706086976 1375284418 -847862911 1204853471
-337387935 633208293 -1239959349 1277811642 -1333743239
-453876121 -923301546 -1696977364 -892003204 -1431269391
947381306 -1483885099 -240754587 -1793968528 -825735479
-2105646116 -1957513389 547672941 -1691335995 708347484
1971153486 -1501668376 -327832068 -1486405271 1266580467
2048624732 1903938398 -1995989513 -1524112580 -16790743
-728696158 879120452 1270665825 -1942588144 -2007746729
1521276317 790266152 767919741 895835102 -253358093
-2082793033 -979909722 -1567667640 -1817257669 -265827222
-2017739078 990034748 -1807297933 -996346418 2082510395
503216355 -1248053800 1496897512 -1662091661 1146132192
1127804039 -1244886236 835477696 -1005356350 -21605335
1160804607 1683578111 280071343 997602949 -1408799521
-383746152
