10403 264 -1258538631 -1073826433 -1465329956
419118390 1085664185 -1251404686 -1859711892 44381780
-353865506 797769279 -978342844 -14115867 1667843387
-986014734 -1133141281 562972038 701366988 -329864176
540833837 -1423504500 860322091 1158547620 668135001
1276938706 612711357 -1905281466 1249370684 -1396503728
1057267353 -696424976 -822696473 559425721 -1667693791
-1952711603 880332812 -2066358108 1643556523 336073683
1504909917 -1127581408 -763863426 -1710644351 -2111862647
1353018225 -399162617 -1720634995 1183666770 -286870142
-554203802 422905005 -1482505593 -670937932 -1754183336
-1374049033 -841396347 853136821 674049175 1607660450
-1830604809 -1244774659 211557745 2141791785 498785723
1197691959 943079329 212700035 -810279976 -1038706943
-142133185 -2032446314 -1919273961 -185114384 -1145450716
-1539101053 709061709 -966923417 -1180202371 -1505359812
-1450074909 1412238345 2060871051 181834253 963652511
528473716 894542420 -614323654 -2018800198 -1854798234
1881674682 -372590301 1834148999 -1875967365 1140295199
703104492 -1253542575 2074910059 -1314578284 1101737444
-1336662536 -206762128 -327055016 -1286056361 -1069304992
-417011254 -622608684 1396916570 346750509 -1316101515
-585049959 -417643219 1260099232 509862743 -573962138
1146741185 1025473640 -2019743750 -993016729 1696584790
1831381147 -1895116011 -953306765 -919650436 -975507739
-961172023 -486003055 -2048556343 -549356980 1515299749
1886298731 987385157 1218633698 193442697 -1526354624
96843698 -906863625 -1181003178 -167217985 -847308822
-2012502379 190415410 -425708406 -322116335 -1255128441
1017686896 -533852305 1452554851 2112158251 -266354723
-593583507 -1646575375 432759690 1589090595 934252621
291459965 947461145 1744291173 1521156529 -1842504256
-1505486429 2033387714 -256647211 578509486 53479690
1545727798 -1620936930 121367972 1368855741 1120873153
-1471538286 -983994168 -605943548 -1379719603 -19643956
-147589994 -2145110052 857065956 1656001008 -1018311979
-70550958 -670340551 -2079778624 -1679053044 833976687
164176884 -1101261925 -1633759947 689945812 1121686275
368874368 1187910091 1138693890 -578296218 -889344105
-47620280 -972693885 1713159595 1489926558 -1976634483
1912164316 -122131387 -979238501 1555461502 1787515986
-751967906 -525471885 -275460116 -771680509 -1871376148
-1927838595 -1047445097 1921180652 446918296 -375879275
-535066459 -1373411169 -1278537569 1506181435 1267244623
756239186 -471580961 76242646 1513128823 -270758496
-1177128557 1971675565 1551016781 514615523 404749492
1002108135 -1207641315 -1609362705 1005610282 1582033804
116478829 2076687693 -1087394597 644947861 -338869088
-1624087070 1366074303 1122986496 -1134040369 1096381452
1035025492 -245432053 2144964492 776784380 -59522606
1429109174 322655584 -549318421 -1487936519 -898885911
-1143666884 -1414503108 -2082846549 -283077519 -1183580463
-1624947815 747056435 1237818853 1924134060 -1922891090
1208758761 -1885469260 -1920743172 -506667095 1093864498
-1491070210 1263583731 -526274793 1061891927 -1305450030
-225068521 -1691787672 1328305191 664372357 1088349750
2126904831 -436379066 -306093277 -1224550829 -1122964541
684607478 1944486363 -2135300309 -1697067179 1991260162
-1058097639 -1336056205 1506193677 -438308078 922856923
2017408281 -1534823776 -1833581167 -379955913 1081774327
712942513 1196058532 459742946 -2066876849 856779906
1710183075 -604574505 -1307730809 -1835946789 1710365424
-28343190 766424827 1438259477 -836477296 1801582922
1206488649 -1262152747 -1489400641 -839851041 1136842110
-1897142314 -1581234096 -1089747975 -1268798642 -2105905672
-423948058 1445672254 413945059 -114265677 916237049
1197292983 184250397 591472801 -81962920 286334250
-820065532 233099590 484337336 1612392437 -491415833
-523744094 -1533643408 -1445105149 -749828899 1223730582
1722373868 1812979010 1458279681 332998509 116300033
1272658890 -298801609 833813476 98210850 1522720669
-1038541989 1653465445 103088487 219429746 -1011582318
-1567530890 1405817973 668726319 1895553893 -236822103
-1419018254 -1169443780 -1855715745 938947308 -1688504582
-1230905864 447323919 -472678974 1044937467 1483680624
813978128 554867557 496466500 -1640920815 -1933693592
1946678234 -1867115711 -1082694355 568308918 -1033663740
1193901532 -1825651124 -230853568 -1706690494 -563778920
1526501612 1220705242 270698926 1305752818 -1462041476
-126740034 -855058905 1642844906 1429466274 -1715225645
1711365737 -1759570455 -1765818394 -759530612 -1211524116
1995555934 67043886 -76863826 1941265242 -1224972042
-1908609973 827804641 -1015351394 -883132864 -993834226
-486643106 -1262848565 1798893609 792863658 -1662259167
1408554864 -1918697667 874497948 96934080 -1388006765
1824314204 729607653 17207904 1215174318 1704204676
533754474 -1079046405 1370334297 689934160 -1097926420
1467768008 93842136 -574378610 -1137956341 -411229299
-325952235 -1978374471 2136424942 -795741200 -856479045
-1524899017 915672319 738468371 1285072466 730038942
-1254452894 -1425951809 -1214142014 2006387771 1908383443
1822965602 481028246 -1215036686 1487547733 117471795
1819120687 775160620 -215958195 1221569343 -341829665
211653486 -1856247565 -567092471 608816216 -281688814
979899250 1860368820 1729809776 1872609729 109965507
-2114147061 -583951137 -1737566682 -501081097 174523864
-934913571 1967712817 -1223745625 1872717263 -1626747707
1081709354 627378240 -1684953896 804292552 1647951867
329042980 -153985231 -2095075970 -1575606029 -1962126703
-1980444215 -1280010289 2061093889 -382747095 -658789302
-1825858605 160480356 -1367253214 -1378722692 -518297099
-1073935929 -1488810797 1939911217 -879354480 -1124666430
-1583551655 146921807 1051897340 -566192928 448328077
18045415 340416783 552855176 -122280130 381186990
-372308859 1805078235 298217145 -1064200774 -1153266428
-1739364172 934015636 1133067480 1950249881 913948166
-1982035889 29657326 493218329 -490845910 2114263937
-1574223282 1947585965 2113972490 685430390 1283339820
-1165175401 1873527802 1858101592 274033714 -1109488920
650402540 -1805109696 1377460226 2020639230 -1726334322
1530446202 -139428262 857802646 -184193567 -731919997
585587925 -1354219016 118478048 1037839639 -22633968
1798192536 -1841257115 1120315779 2012843501 -869612633
543597786 -794281505 602807028 954675478 1349805533
876336342 -1486379353 -45030223 -1945580464 563669484
-416369866 -50161240 1328061880 -1772666598 1468423216
846420567 1958654681 -1556080037 843462600 -1311260229
-2108198251 -462485963 -775875865 -1602414633 -900106524
1455818447 961261226 -1433014309 -687244043 733114786
38393407 -1972409230 -1542685696 1956989117 2030062326
-1889402929 216430615 -239308599 2033452333 -1262654885
1768270386 1923000428 -730769066 -1809902883 -651290714
2499692 -1663367351 -1882643010 1527361499 1668506043
1345921125 -1431424828 -842923809 331267065 -860295880
1133451170 285512288 -1710733469 -465418049 -720397005
-1773846335
