10403 32 -1784593005 127452215 1667122490
-1880521837 -1305796256 -588659845 -2044493830 -408424300
-893086885 962885617 -1219973854 1509293278 1159435959
-282210439 -1605546869 1275265258 -1782790129 1452150106
1462867284 1476903229 -1349396019 2130014737 1526507267
-711067963 -39943070 484428913 677862322 196657576
-1809838878 1708058321 1916559333 -768982435 -1896015731
-793829083 -885248321 1022530777 -592719146 1059660560
979691165 -1337821927 -1867459773 -1509617811 -970089094
-1514416016 438074155 -1554033827 1482153206 2055415909
213145797 956414978 127988528 -1372045115 -1680505513
1877521364 1198248184 1762063650 -1676249325 -1410310558
-1049702705 -788923937 706597367 770921894 -1394425771
1289856814 -1874517146 405209821 1729055020 2067050719
-1402962050 1683410283 1457283049 1713549875 -2093387359
-1542964242 -1950309966 -599174177 1302667586 -481932800
-268815847 630849287 345750101 2131068345 819452966
-135581286 -651658564 -1469994738 -778119884 1931640451
1040876697 1317004949 -1212442688 -1713914787 -1191766729
1346379100 263823168 -1309238116 -30922937 -84730062
1152656208 302349501 215573691 -1315051183 -1688903871
-1917786194 -626880171 -1343329490 562738165 -1530478228
880732470 592328931 277272154 -258476670 1615554711
928460990 -627984412 1976359156 1139666039 775753814
1243279537 155512006 1402175794 1726497281 1773203487
-637723847 -158071680 -1673511266 1971228180 -1876688106
-135294373 4203772 -543501995 1208910157 -280381206
-62735957 1405844446 2051533298 -1701956508 2146764002
1144448719 -998288198 1984177234 -413437298 591679584
-154659276 1382349052 1408987195 1598823573 272372701
1411537026 -1605727561 1131666656 1893656799 -81255918
-1994286364 -204507489 -1696225236 1155675999 1059957074
-1512302470 780436739 -850591578 -434978945 1773733343
-229006465 -308225592 1203446760 158802858 -5398725
1348565359 1020818631 -1993599227 -274184145 852407211
202672303 -1348798278 -397380242 -834055826 1163425869
-1963673435 1205645721 -328448415 -1933434764 -311541012
-258836027 -1388584567 435395058 561260249 -778137346
1188543211 -148114977 1692055171 973099454 73103263
812296898 -1005342888 -557369880 1603271132 250592966
1592952983 -1921447410 -1077918861 -740276670 1658598016
1524332494 1895303640 -1961072904 1920116841 755681481
1738986008 -2106584028 1357878031 -362358449 -1598897877
1859475229 -1185582466 -1681578428 -260245316 817694520
630349591 990427200 -1979280133 -1862308968 1781517525
-1500674329 303615740 -39998616 1572269943 523543004
-1673567430 -1891344081 208675791 -115143666 -2010818564
-1935479549 -346397699 -827481187 -1934482288 898701929
1218309179 1741342383 219001252 1657314279 -245587788
822707321 -2130829956 -1471376514 -538780732 -966330768
49409763 2138474037 -1563000604 1559181123 -1405907782
-1543458134 -2103697989 -841799313 1258464879 -1142555409
-959692758 671642220 551822773 928421379 1176042181
-2111786708 -647585330 -1239072500 1679441172 -1620830758
2052162751 1319851594 1404625372 486354753 580362270
-2122746803 2097656740 -1373877773 1219330934 1740790979
941094487 -1260045253 -1499096810 882018913 -1769795736
1604072928 1473913540 18521445 245222475 745486938
341118663 -2141422446 -1623450148 -497120440 2094909907
756595234 978145858 -1616507428 -1014956757 1158481876
131888808 717678676 -588326562 172577466 1040456192
-1585880398 517694243 -1861754685 347637396 -1963695712
-1286126368 -969584350 484559388 2092610958 1793847735
-11108677 -343916499 629241979 1725497909 1093684116
1225974537 1204192573 1685494697 148650269 2093927119
1995310907 -197996605 178315869 -2101207747 239947636
-229633872 350797508 -1766661157 -1444790828 -424446759
-237044292 844343983 -1401935263 -1852613457 -63012877
-1565109176 -2036517691 599666970 1992539121 1581396928
1195393386 -964535816 2054843390 768593563 1236966454
-259625916 343443603 -2066449879 1674603379 -106746667
-1916830966 887197111 1633273434 2134038192 -517569567
1633421119 -2102987466 1437694451 -133101485 -1249558400
-1275751309 1637700755 -735724695 -801595506 -1169438644
1610654175 -901878883 1184215510 787290629 1141687912
1574676137 111355837 529932032 176053797 -858416600
1275168315 -650739650 -1223819615 1122900491 -1229495401
181753643 -1269938330 76526272 -1732796861 495164004
-1070639864 1610241797 -1343269725 -202334816 447957673
1469748403 -896184101 -1592805666 -1196164299 1794048012
662666174 1108794479 -1682425292 -175337632 -982434793
1404432478 793530560 -1573648888 -1168537022 504950816
141352163 -1644627676 -837275825 -324175081 -371876390
157386187 994779028 -1706580857 918111287 904407212
-1042731081 -862470218 -1099465589 1922424870 1033429903
175637654 -450124353 1153815581 -1782925099 745318983
1775379317 -1232439412 1162122644 -1756306755 528620154
-1481315264 473678368 -1528343421 2121740145 -1271808233
-901630854 1121833428 1984937960 987064595 -2132156176
-1873789030 1087576540 -1754952211 -1551955298 1420886162
851466622 516569259 -1318252025 1512308135 -1820982887
1066741055 -80597438 117382546 -1272911741 -1044609569
101913752 -542515472 -493420165 -1359933240 1578062729
-8019648 -651441296 -266675212 1245118146 -1024547853
-2073997054 1595985990 141576854 738394929 1974824591
405539583 1909449647 1906920588 1095376989 1855345771
-128981094 -1729552724 1101284679 -101962945 1514264104
-1271586972 508027634 126764550 -523919438 1449946670
912931196 -1497956401 1478150267 1429761292 156285468
-2112661994 652926156 891579424 -203992972 -1013883682
-1292241348 1696105500 -499619793 -270694462 -355344761
-1447733993 -33236828 -336335645 880725362 1867606931
1113311637 20919442 -362707339 1068346067 -1431781993
1668832147 601484373 -1108873267 -651583969 1006331295
-1770017255 58999039 1772887323 119486504 1241068613
833933280 1271891903 692103971 263305460 -59841913
2098927981 -157959149 -2089366424 -1942983258 -315458065
-1731000227 -556183225 -683139286 -171998320 651897185
1328226150 -980726738 292006315 337973382 -848753784
-1662487972 1448953361 -1005493460 1943540994 -2099873325
-304123394 271303607 -915656146 -725834156 1234588883
889757767 -392067366 1898001022 -1457799311 -140731764
1371436766 -1098071432 -1656002800 -858212396 -965610602
-1669792607 -1213577588 -1148907398 550855405 -618976214
-780360843 1183373130 -735172651 951765777 113077821
-1535046884 -10106616 -1292849121 1320400592 -1830295435
1316202288 -175292771 55852683 1271944142 1215631321
-1875819891 -1018426689 217215933 1167544805 -941959904
770842882 701784268 -455509972 2098498122 1157598931
-1788808766 -351238804 1379708052 2085187959 -1189230394
-1919090450 -1237090123 -1233570874 -1592832347 163731911
-450267551 -440684234 -1227556709 -801903382 1366692250
-1291440860 1123796861 1691209283 437694165 565688439
-1346115576 -502926126 1542168440 1642335527 1479963603
960674150 499590502 -573630894 1349833967 2108403958
728492323
