10403 276 1306781360 886929822 -177130141
1240296306 -2038700521 -1989474461 -1933038830 -196225453
-2113925445 -1634488723 1887257366 1194945634 1251435594
643419003 -1935173519 -1108133603 -480651637 -1513026535
-900995371 252421598 2020552178 829194430 682319860
1024517504 -983698069 -827278587 1643056378 -1066266209
574995575 -1672395777 2024964035 86483384 -1104671054
553752428 -1804778135 -948039190 1796700765 771454864
-630571843 -369180660 1419507634 1842973466 -711754074
-30610135 -42307542 1642043563 715737676 415578508
143179280 369324828 104347902 -824622748 1048859909
2064491007 519687744 -1176597241 1045361767 592166205
1086069371 922931015 -1932595067 413476153 873104368
686248877 -99272443 1337162970 -1713688904 -373089757
-1862336141 1415314334 273980100 -1932528126 156259538
279122074 -865714929 -1942783474 -1768887855 960695270
-1432007832 1119885535 976699106 -2089469312 1465852474
1745538612 -1447172717 -431790854 13139257 -1758136836
118673868 -1538868997 583342842 1818018753 -311047943
1551244257 1303511855 -730336707 936036311 -332856713
1969160652 -2090169478 1236313768 -1098715710 2132258169
801441373 -1104017097 -1881215493 567015517 536470635
-969444351 -1520012574 349799129 -1478464765 -2025696469
-1699216921 904987103 -1450287321 -2107299073 1194047178
74585659 1831086755 -1216317969 -565031731 1683629691
-1410860993 -13094065 -1368673750 382044538 -1191314487
-1054793421 -1185400010 429667786 467733184 -412957266
-69191045 -1231295556 -828357653 1330841343 384758975
-1545538859 -62704146 -919018178 893308417 -699389474
545638353 -616358874 431096297 1946610036 -287963850
-1785079341 -1938334541 217520527 670047505 689778121
-1245926134 -1126821790 -831686518 -425604794 1283381637
1759279162 180302930 1479890984 -1884583568 -90829246
1513298930 1326187049 -1533378221 -1797488046 -361287330
-1793436472 -1023592340 -1776743091 34026688 1782102328
-914525294 -1410812112 1365832079 1044845693 1055173720
2122817725 1504432076 -740774291 -283847652 -2105135139
-25240190 1380474784 801799339 982252744 439488334
-765198090 1438554782 -1547250536 162713841 -1653302822
-431162384 788201890 675308279 403328593 -136951493
495495985 1775469933 2134311805 -1487310241 -572809382
-1662081512 -1353984529 -1095497878 1552091198 1403552600
1512064962 -2101350438 273506334 -990660569 -389322560
960136808 1579134687 -1735853547 1932656924 587920626
-1591697456 -2014909796 506146761 584051992 -2102180174
727689973 1594654770 1248057477 -928450524 1883640266
1867345273 -1728308595 -1749655373 330472024 606939272
-1433281315 -1641096717 -687896683 -1760683523 1003713319
-872871875 -1239842923 -1228296327 -1087152909 -1007348202
1236945416 -350053757 816408110 79823517 -1729824758
2093383075 651380644 633877515 -2110470444 -1536895898
18532194 891511986 1429218833 516262717 1061544436
-1683661181 -2140772876 -831637332 2053181434 -1427076335
1583091418 2051669666 1235936224 605114982 -609337302
-175006185 -223324623 -1090523524 966720868 -286683989
1722559730 -1976388245 -1247987740 -1336388797 257180459
937485951 1950068113 -1267105274 -209873386 -673627225
-973703083 765820925 1270216021 1578651162 -1805973469
1972870327 -303642021 2013348445 316622833 1025080871
1670753660 467157652 1056337330 667598827 -989551093
-376299070 627237916 -900236355 -1724073709 1993138412
-106044879 -1879818342 511610039 1247442925 137031380
-355791559 -777835890 -1773086040 368103812 1592886264
-1899006842 1613402892 1961903346 -1990790865 673178668
1826185716 1773739022 -1287893977 -1359251126 371516490
1239314380 2037318413 -1559430483 1751362523 431937624
-1874337947 -766302178 -991761750 -1815284212 -1879071122
1082248588 2134414210 -1686682357 -1622143234 -674673962
561588171 -466944841 -291147434 1254159957 -1568929706
-1785186248 1617949417 618919788 -1783702550 1529928202
-193702118 -425922661 668792597 1903533737 -1288877017
-1281198194 2056065943 -2105557199 1363431968 1272683982
-2018181436 -1492222775 -1464641013 994301688 -1813787950
-622055785 -132185182 875796212 1357645343 -372974451
-2083534359 -217504476 484021856 1522124501 1432628709
-1125858484 1923575355 -1928317155 -1566372391 -1270417856
939752565 -1018350464 -1677434321 1991968636 1076821822
1646880282 -44607064 -1917735481 -1626542817 -1111283892
-941163210 -662464010 -2017688230 -1165590509 1366559773
1175391121 -1671296465 389550321 -983978943 42298783
1136157765 -387650286 252571380 -2040779018 174983202
1289871975 1544717069 -642530316 978016072 -1156057943
1969557920 -1064599373 1640021661 -2075376088 45810705
-1253084188 -1101131080 929830727 1039914719 -78370770
1828464570 -2001012068 -565179969 -476200275 -1261620914
1128759637 456689838 1276114197 -195422056 -1262556152
-1135310075 -786709677 918522004 -1006348205 562171581
2062452974 257320547 -966581295 1577904092 979643248
1436829440 -693200022 -1900991369 1847876870 -1073818694
995171094 -170847086 65800712 437732155 -219603557
2047543754 122379632 181953072 -147769691 953647557
536597469 -643869952 -643287937 1608739222 -1304333472
-191120162 1247672846 1776466948 -178985235 930193248
-1351329845 -806811646 1009276547 1947025753 -210388712
2065915873 1469204751 -41763458 -328672124 1270449297
980505936 1578414088 -1926534155 317348177 12620629
1558338534 -94026607 775811672 530096484 -708636131
-1280130040 1355319452 -349280842 1206310917 -1427461329
-746540357 1668901964 2086615375 424734467 811389559
220548259 -329014532 -1024154865 -1293618009 1437917126
303237781 1259717061 1926651357 385653170 -911974749
-91601370 -24344775 538646356 -1042204281 1660426847
405818569 -1332920994 -1808571463 -1617654420 1087774433
-1247320052 855275782 326194159 1719395645 1073072543
-226616008 -1805227689 -1084276528 -1102859748 1757055501
1901216568 1771544614 -1282097091 1839660753 518550055
-2676722 1435997398 -1267871786 -67317799 1882779677
-356593345 -860889219 -1234160597 962952418 -941209277
-945560688 -1895090921 -752890422 -303646065 51466793
-1097354587 902721259 310571317 1184533949 667440561
393429196 1129829253 -825767171 -613201697 -1178499815
397551634 -761823474 1333468279 1523496949 -1151063852
-1460302471 1550169692 -1050503942 2074624014 -1073813290
618010677 93379809 1389085991 -1290079042 -2146046352
881709580 1669470330 748808225 1499785408 1601938738
-1416298231 -1305265790 605694210 -849113416 1428399408
-1217877578 -1301884274 -1243087287 -985960363 65222042
1772982489 -908771014 1548693658 1428504746 -584036069
115443753 264006133 -1879514347 1292313671 -438912168
287785604 -26335004 198487324 -420331981 -1587663882
887405559 -257087597 -1190077252 1577324410 -1365271287
1139448501 -1462772438 995075889 -1701324587 1710153560
190356124 -232571721 1791934244 -258072279 1991422477
1979740027 1497034403 1954321440 -2062404671 -314713771
-1777314397 843591285 -495165257 1575657493 816194471
-475504871
