10403 576 -899246194 -1106459997 1594556817
-267282642 -1242257268 -913065461 -1210437760 -2075013453
-938136165 761550203 -1517153609 1407564451 -1152480026
332778294 1215012178 599519731 -1128236046 -1412054169
-182383915 2075263600 -1564162839 2006884706 -812048650
-1525703818 1325861563 187806610 1291379307 -1001761898
996051040 -1216370239 -1049479150 -1070591717 -714721478
-541694830 -451143840 -1204530413 119441658 1734269974
-680356531 -451413251 -910461607 -1250896344 819944613
962559566 -330607317 870186306 1636118429 -1925790796
1084990470 -1290772944 1286330048 -1654264960 -1359973463
-901334651 -1347941023 -1073498262 -349474726 137646274
-67649323 -1442081095 599512807 148858167 -1928412872
-1203921712 -1777450504 -33118157 -111437514 530876638
640001481 -1269511101 76844387 700225552 401982741
878530407 -1545313435 1989625924 -1393261066 1197442481
1376647020 68624914 1798298597 1672942324 609322438
-270260601 -1571672071 1473220052 603163191 -411840889
-1789526586 1857209944 252085740 259804538 2000590025
1720819129 -330695958 -1944249969 690687347 1481613880
-1815460636 471001788 -1893008419 -2085098330 665134977
1608047887 1498321568 -567431897 1565741403 457768393
1367295877 1915519299 550699799 1053713717 -1733693744
2006243103 1219356757 -1508602211 1855368400 -225557778
-1557480156 -509483913 -245549022 -1780030860 -2024086482
418463853 2048263418 -114386457 1906298739 -1582223423
218844648 -1096804912 -1326495520 -1333489353 -1995340935
533236620 1549891280 1377976447 1865649211 -160509488
1770231394 745731833 -1602826310 -778972942 -1801769506
2095043695 -90283739 -1577516606 1066293877 -1310413046
-1216275698 763924886 3270405 869578275 978741769
-1400829706 -1136274434 659333901 -1028433522 1698137605
2062317633 1884856133 -630624012 374272039 -1177697529
1154526473 -129550521 108279182 584095351 1520181292
1108417943 -1341829389 282532356 -285443543 1606539477
1533076557 113359590 -825929559 405831544 -1370363784
436523620 -2086228605 1962735662 -585891096 -1103029910
2044114588 -1409697799 1436959207 1387880873 -1435971679
773881770 -1517239032 899323674 -180148898 1444685902
1803394842 -1457243928 136248137 774429556 -1832785051
429627304 816994025 -1861374549 -1688774070 1352621276
-1104590998 1361942205 -1662485118 -1841782877 236196714
-967554115 -1958861987 1187395077 1127339746 -998748100
1873309977 1515730987 758444845 -1441495236 -1228944506
2075666806 -1491483827 -242029472 65530337 -1212689335
2022858348 1136168929 1325608176 -12035601 1536197741
1595464043 2028909508 -1317097599 -2078988548 350022206
-26875474 -1657195899 944026692 1185731137 1643002867
1903740861 -653671636 568939659 -824123766 56757847
80154253 121595048 -1588964097 1505472435 91448782
548452186 1359832015 -518127941 1648035082 -1911495207
-1767838953 1720769212 2114778071 -1983120285 -1451377238
1456280623 -1545242911 -1436660528 437558277 118836356
-908699480 905207745 764839539 -1471978782 105582641
-1117277642 70880577 802722395 -375291729 -1398060980
662351534 530645133 -237366125 -1591771616 797963137
2141605758 -351176236 -591050305 -1306974996 1835785266
1388372713 -730424264 -627724690 -945170725 1104073819
518826695 -2040149860 -1737497457 -1947414143 -214379805
-763335282 -1735100628 -1049968154 -1596270921 1713664054
-1832287315 -685163373 981454192 988794275 -995818128
1579863091 -1031340233 -1051765067 933252275 -740634516
424554499 -1492830542 -2006534132 1915084567 -1894487610
-2143486983 1085707286 -778997265 -1326869836 529255732
-1834809725 1470677525 -1358580742 1996454757 2057964719
2136892174 -451175678 613865382 1306866808 -1670327238
683161812 -758906935 -1339714737 1355799895 -1301296807
-629742731 -176556095 -1498620788 991697461 -1631249200
1011698428 -1492058581 -1137315979 1798132828 -1826311126
89649312 -1414656560 102593333 -1144729001 1924722450
1611730063 888899885 285610207 -1710116035 -879703369
-368436073 2127293091 -821771039 1137418255 -439858136
-1031779624 743553768 -1918594891 -274933301 -1900735298
-1701052160 471595741 -939301115 1445323817 113714793
66154713 1729707847 690342469 -1453618188 1671610980
965443326 138353213 258681467 -1695617761 -390701691
-1361059184 1020320594 -1698017205 224906472 510924370
-2073278944 -647645875 -1603334335 -391220319 2083685014
908973577 -146356384 -1567540328 -1549027077 -1981239318
281140504 -1415912812 1324522680 -1526025960 -87196290
-2050275337 -1263780708 -865691301 1576797286 472969838
139351721 1205181542 1191507247 -137189784 -402754079
2140334566 561962303 1590274724 1566115891 1155191218
-1896523092 -1725176778 1039405307 -1584271000 25595026
-883120174 -1530027159 -844233993 1723301417 1330598629
-952471504 -1170234166 126051731 -1445529077 1731578972
326918848 2140949651 2126143418 1481331711 1756610420
-501971618 1161741305 2081845097 84276688 -1457991312
762514243 -445894681 -589707149 1731232682 165821972
-1044883200 1802645734 -207878037 478082348 1639650625
-841563637 -1175013145 -1911102662 -623720610 -2060812820
-1356122181 -662216230 -35509233 911661449 920080011
347223984 -1604961489 -966219706 -1361930563 -1265216357
191722141 1555875281 397050293 336445657 -1160436277
1596031099 -1288544981 1543625654 2011928724 -531928455
1747364466 -821288380 -341209045 -1406042528 754804030
-332390135 903608241 547416801 1959615138 -1993307794
1399355698 327677223 111609495 740379957 -1048233860
-638627588 -1028236951 -1615964601 -1851165573 -2097089894
911791512 1456356895 -260642289 2111533618 -1066064802
-1446107436 -1261704503 -2107020652 101834857 -137641796
1845462045 -1729253533 1820672187 -1570149769 -1289986312
-290592177 -2146120794 -458729024 -367359504 892187507
-628864852 1412559039 202663419 1195338539 1880724466
848149065 -169718712 212805038 1565788145 -54134710
2003919872 -899739932 -1510423055 1374672381 2083850789
-767843069 887913640 945323646 417167060 -2028969823
755588365 -1571257052 -1405666924 591589460 2085384679
1550113037 1527970033 902322244 -492398436 1075859656
-1645538085 -323035 -999473269 -739159521 -781104221
-338522162 1772929515 -165065986 1988178182 2046381338
-1487321401 613433236 1750845927 1738567419 -1049625662
-1786483524 1348503651 -1866866771 -1417012834 -281407377
144731512 -205758736 552769895 1648775172 2056633463
-2028179739 1543174404 -919239018 -1587197997 1206895103
-1029619778 447059157 -449771580 1393730282 1927926465
1425871575 454724931 427653882 790495181 21318960
650038340 1256856014 1329833547 -787177588 1661061936
-1605978399 1073873938 1451326702 -1366504949 -1488267016
1213743497 1374228524 -694157894 1801304232 478510041
-1043429994 1322586258 192510513 1011293044 887465423
-1669723950 1049590493 -430516981 -177568859 -211296015
193727824 2031674290 148933287 194059018 1676016382
2080339726 214303898 1534760641 920786529 -2119756768
733584769 1192685613 656417678 1069670746 1770210004
-2143683873
