10403 380 -1948546356 -1595160864 -626297627
28655972 2069977462 1297732033 -1115198161 1867663644
-1191623476 -905028428 -802830233 -499739124 -1934197188
-1604775720 -213923899 1451899636 1730197493 -180397929
1739358470 -1680314413 33256410 1825054263 -358180974
1397306066 -2029526863 -1538481229 -1717534374 -1381840851
1784936932 1089789014 -142198991 -1484474093 -451417871
227180998 -738436941 -1400079626 827191098 65772807
-999198417 1981503559 360253520 1677713904 -747475702
1477018452 1088030779 -922776505 337991710 379483839
-424263624 -888330138 1112785090 -1919482119 1960129558
1251521208 -305812303 -1307666160 -926052638 1894471963
-483538152 -1954875277 2118052903 -1013529656 -221483940
201178115 2072408935 -65513407 189236304 -1210236423
-381168382 -1790904752 -846107579 716104071 -892387362
1670490658 -615657613 -2021554518 864818954 1588024725
-856823633 -1350234427 749677383 -1128550410 -590068113
-979134884 -1318264716 1360691888 506441935 1870331246
-1925277222 1453007731 1327131842 1651215458 -663924912
472394325 -33812595 -1720098255 -1871812163 -2034876864
-917760849 19304438 1541588981 1517351403 790571626
1999157129 -1514588271 1224239549 -558709509 732186221
-766296534 1971896045 1485268583 1174455319 -1617704279
-230441180 1304222836 -1340589579 130638789 -1690033230
-1855654550 2056651665 -945250054 1383698033 -794708365
2001181568 1107197368 1813246637 377132393 -1682607340
-1434362350 870004786 -910773931 -313026254 -851153523
-534328297 -328461918 -1563068964 1639094307 454905991
-466438998 -634735363 -2087549313 674051244 902103800
-57890086 -1982560372 1334354257 798971412 -981278965
-1955461919 -2077165265 -114366686 -1844471969 1330278153
1780797602 1926572423 232362037 -2034001425 419520364
-1999571088 -1568003468 -115520334 -136939521 1649739630
-128845947 1269202386 -1284629996 172165469 -1981209064
-213120968 -1461024842 -284473568 2097302645 -1537639136
1192422892 182452731 839953992 282635414 2068513490
1512413144 1614681208 2105507402 1163721086 161631673
-563450313 -1200880786 -1619288718 1082090788 -235672316
-930901646 103970802 1029054649 1602291921 -70147179
-1206360190 1262646347 104345939 -1787524152 -927223715
-895202301 424911944 1243363599 -1916455430 -273956935
789742287 576624645 -11841707 2122714068 -365308419
828802807 2078504375 -1024363278 664316084 981958856
-1083002877 -59341785 -2057270769 418884741 1235427117
2087660738 479739113 1804284453 -921156093 -332622664
2059968883 852671543 1630842375 541948820 2145996667
2061014167 -535216621 545707409 -16515854 953705141
-1664068835 1306309565 -1404497219 2135328747 -1856607798
-1358972925 -445411331 -951285138 1576021243 -209237
1672156742 1425835205 506627772 427036203 -188124460
-1205953784 -890213317 -1301256165 137493366 275259635
-1738784280 -1378062109 1481462988 639965479 -1032636625
-1147477152 1122057159 -163415589 -211886377 -1205134291
-1374849133 992874375 -982095981 2045505132 1617174301
-828099058 -1781361633 806341868 344265540 -1816267877
-942993126 -361860321 -1497912560 881912361 497109645
435204523 -896554434 570924171 -449060764 1968454463
-279313169 66789076 757264723 1287741194 -881612843
-1353861474 -891072762 -1647339991 965401467 -1310137053
-1346444046 -1091141298 -939407886 -1972379 941889308
-193561280 -688420851 -617030961 -2038541581 -1705991402
1163638781 -1327496498 -600514510 803265262 74861406
248355423 -152375305 -1864745382 1041442764 693554316
16451876 -63518352 -2108473072 1483156581 -658915435
-1207033260 11719080 363238809 -894646222 444496837
-1618183511 -237224575 237152572 791333776 964664383
1051011265 -1306292684 -794051219 -1275122025 -413294506
-560276702 318715941 -986445840 -1950604589 236852703
-824146904 -248625798 372979389 292434162 -28513844
-957384568 -699483509 -1273360229 -875589914 -346226619
315576158 23623524 -352180007 -1501293770 189025799
1884223719 341431870 -516037646 885043970 1590428467
-218703661 -352482499 -223837102 1529538951 1476624177
1797546340 -1040283734 -1366562754 -1422403479 -265233666
-1671013335 1292222065 1457878175 -1549320649 -953836176
1068049748 -1663546243 1835118195 -1430004697 -851768139
2048383987 572722099 218641914 -963638712 -486559087
1433223279 1131338476 -1507071535 316597056 -1281174822
-1930164034 -279779413 -699585153 1109690340 -1269930276
-731949591 1339045332 -906869312 -2039391789 -710230237
-1964821030 897090031 -766780368 -1063764912 -973978405
1805596581 2010721608 1776395509 -837936207 1682507681
2043113896 -860238142 637380707 -1699150190 16076585
-2060063083 -743725516 -1187148949 1742110128 -691105864
-36257137 -1944792391 1574382429 -1565445828 -910261404
2136325412 -1632425957 -752570614 -2136252282 1818350139
-1579367999 -1789656987 -987176220 -487757197 1163156532
-124871416 1661777868 498153292 47189845 -388469659
-1674732968 1717755306 -1351444070 263781162 1041366862
1033753830 -1425763105 -1900952273 1736664330 1463247094
-313463533 1153725020 341982046 962564864 -1868357798
679486677 -1155082626 1301564512 -77821907 -465258251
1431390381 1931370623 -2094975581 333063285 1261808830
-1074263617 -109448456 709110001 -1004278029 -1079430307
-847291737 1891523480 451838468 -441863203 -1108280242
-1462244024 -438384169 -2117220927 -1601682211 1598257761
962446467 648996114 2115955478 653530648 -928441950
-1480455732 325478642 -766385360 1773460549 2065519999
1464664249 -275326863 -2089979268 -1350177525 1293293750
-2007956159 1257048549 -1798015104 1114726300 62705106
-1561749424 2071985434 -1075170638 -1471975654 614247529
1402983560 1008870705 676698037 706301167 -1351135161
979111170 91536820 890784515 -1900089099 585576068
2010507878 -540859693 -1168128347 -72671826 328362949
-321703627 -1828298467 -680065075 2012871169 752198340
-122831364 1301222063 -510564501 1446834037 1835304288
-151543006 512928807 1288431570 -698281124 80184423
-247083588 1721872123 -1436840886 1325108906 1842539428
842456016 1651730058 1952623149 1919174225 -839912632
1004688603 231383280 902068386 -305950953 -607485151
1305784350 219572598 -1452880164 1209968480 -1782957451
1231211301 693451799 -1121366072 1071533856 451177123
-1351048144 -883448459 2056798178 667221442 11505947
1975491641 379333064 -1242198063 848322342 -444778367
-1408694784 -557325322 -1865955621 1407050121 1311921189
1849350518 -693577172 -1751164631 1976940113 1737219069
-668793928 -427658471 -1917348675 -1371615563 2000922240
-593546080 -984491873 1708900261 -1630520978 -642377832
1902474443 -1024496790 301379664 1015241248 -1596156938
-1170084277 -416821270 1156663795 2053025075 -1675905345
-1681978469 -1051910856 1964694957 549137191 -1553974061
-413959057 -1782576170 734608033 -826015538 819038976
1844039415 -1628793129 -1755381498 677482311 -1977665653
1001318778 -1547068167 -1541032467 -772421099 -1057701929
-1521112991 -1566699485 -494368342 -294940313 -1227338431
-1013146443
