10403 392 1626858249 -1555722715 889540925
-1887430467 1022243939 871080081 -1412687928 -535502699
-979100731 600467939 -1615068019 1969940153 1704451222
35586227 -889965587 2067236140 669286613 -1120407357
-2125237146 1030442230 1429288751 -627464753 -1736349280
723606771 -919705907 1965396340 1087843487 -412277543
-148597644 429587802 1670061702 1300477844 -451108218
-110097331 -571146620 -831578701 769801144 485406314
-2118100868 841041000 -288685597 517215332 -799122584
-1862943392 -618978987 1588142287 -1499557476 2113994181
-2028090709 685855543 95389236 1550650066 1036591218
-1766249292 -2096916745 -136271649 -217116977 1995117483
-1792981839 -885534543 -1498513920 -1093522064 548396000
1655310894 -1444320705 -378794595 -1346978775 -1034345361
-555568107 1805109000 -1595637185 910954829 1679211336
1867314053 -1465010252 195783567 1979460260 1303557628
-30366337 125740301 -414038014 45425077 -1293676185
698683848 -1410825290 477056633 -1687884095 1862437642
1380132539 -220268387 -1573888147 1133959957 -1462623462
1216859598 1490016945 1703437928 1650969612 -684105539
-633135776 2036697214 1460676845 71869489 -1622699869
1835634132 2042879997 -1635950332 1363581651 -1983624941
1017537703 1957029993 -1002932885 697349024 -409495742
894200605 1341550064 1038071595 -145810067 -583884643
256358930 21435931 1259482476 1880473761 1135350484
-2010067315 833265037 1697493367 2118374356 -74545956
-860374961 -1701488430 1379236718 1347948482 1343358113
-1261895161 -1924269341 732670501 -54357444 -1520948931
-1715423733 911253974 -1218052720 907980527 1151619032
-1143626430 -1662633177 345521757 953429182 1926846062
2117675244 85888497 1579374941 1386641607 751133789
1744080163 155047180 1574001615 1752283453 -848506352
-1563457516 -380538570 -498767095 1852704487 239637525
-306010789 523545223 1437944361 100443879 2137698403
-1945134562 1679096265 814871152 -72550686 1476205426
-878725410 -1027309109 122107188 -2083944390 304606005
706888554 1888792532 892998732 2125762173 493903718
-121925616 -2131202401 -1597285609 -309386083 -710324498
-1140774171 1351190287 1987595122 1150077552 -948930889
723394703 625185052 893314002 2003764025 1804493369
1911371399 -1512591816 -54003769 -1885867159 1209870944
675305131 1191776150 2052312682 2118909701 -1317912874
711702102 -157759425 1280419259 1968283744 1615991076
-2044187132 -1340693934 629521323 -1903367543 -844666502
-1611037302 -1546682688 1546838517 -507206235 -771627400
-750785554 -854710877 -1312176790 -1746737281 -1487635791
-747693216 348376320 1537443069 747476495 -461669848
308652886 -325922070 -1118768234 496465669 -287258555
1549245345 2111356451 -1617840669 294050395 947876901
-98080086 422755789 1158527404 -525016654 -1691926889
-362914680 1530671592 1158234528 -1533151221 1785501907
1325206303 -936192114 164987574 -1088872278 -956262241
159464484 923456096 996393377 -1417510526 1461567463
988009008 -2079078128 -1974197419 1888907070 -59952693
-1286798081 1465438857 1671909294 1610109465 -815955395
-1858253047 992282447 1972536082 -1597456967 -618026367
726965092 -660530890 -696854755 683104562 1119006138
865017489 1706585045 -745571932 1289959883 -280469877
624709319 119433290 -804955157 -778802291 -1955826512
958617439 126981643 720374828 744318699 -919637853
237984462 858448046 -256066044 1688472931 -243262421
1300914901 -1270037002 1215233419 1893844002 -1986911809
-101423817 451278295 -1554445146 217115838 -2024932212
-1624645199 -890918314 -1118299529 577399109 -1194990653
1281836778 -1119662236 1305486045 894676846 1517453257
-263598005 15825492 851955561 -1446074494 1439080760
-562553074 476301256 1139834086 -417233288 313386045
1461423076 1308860981 -8858791 1102214890 1489281151
-604487395 1833440568 426795952 -1959506451 -754939719
-1684050577 -1270109489 -424848920 2119877185 29959616
6918587 -126828418 563549 -1067693432 790433501
1329301973 -1929415439 -842822910 -1661471680 -806608306
185134153 1599183190 1330795952 1444851471 1410885527
-2127707847 2023592312 -1197843312 -47017161 783731805
1328917280 -144632333 1615365867 1182662308 585681776
-428605470 -643969395 942581289 -817446377 -1542086949
-1348959664 878082296 1507983705 -450702433 1724918442
-567634080 -487814864 1180988501 808538025 2074352280
-1534493927 -1086197999 -1902319861 819885292 -410101654
108056530 447761794 1687813147 1769400997 392480462
576908292 1087092141 -176812128 431041449 -288504136
-1995414358 -620998997 -1245642866 -1464087222 -822916258
368597220 1742948208 -287916868 -1668295851 -1708181448
1491248925 -1917785299 151048594 -1154068325 1097623598
1724587405 1745678989 3418216 383233450 -2053185030
-20104417 -650557889 -103754090 1926060378 -2070291636
1650770196 975489025 -587310511 -1390564633 -1046091209
-1992429713 -1971162535 992362236 -563558364 -756629108
-999144421 1425740628 -290464321 1516173571 -331625337
-182592020 307987824 -1663811693 -1245682350 1913083066
-1281729698 -1138598271 -1848285697 -1628986655 964775382
-51744956 583871694 -1810931061 -1668941580 1743000272
-1830090304 2019344654 -440741829 1146358441 1783819753
-956285158 1803106393 780093533 436346990 -464790318
-258114418 -2076399507 394143080 1093350429 -874248985
1607161180 -1707858028 -1003900861 -211968340 1650703195
5656454 -934375980 -1325885254 1252410284 -1426322454
286747796 -1415404939 264633341 1073564189 1518839022
1712545467 -991070461 -1459343636 -1271627553 1240051695
131053983 -1377981145 1875465944 2137688059 -1973668486
-1721864342 -124199850 -411837315 430266674 -875195892
-419407602 1888103769 -173600229 915395500 576089915
631882107 303616343 73410450 1636372254 -611087227
-1970895324 891845830 1033268218 -1957324616 269483961
-666088240 1341933931 -2138936322 1292537192 1161895461
-1478837200 -868900439 -2001853217 463912577 470572469
-579771015 -1625378004 2138399614 2019296603 1312069475
1659877912 -594206576 -1266219023 2080275162 829512436
2122607819 -341759405 -35698699 1231543895 965799336
-1615374790 -994208918 47359998 -405187384 1246193657
1009005628 980807655 -2133439599 1553121172 1526993229
-632601704 -43583629 649259163 771726361 637600828
1330547287 -1508422272 1765961375 -2080306876 -1946310032
-1317448817 -1418696285 -1036271173 1380739595 939825593
-627225711 1803967462 -58190775 -2013051130 -153166488
-653287757 -1163050127 1114914684 205340179 1210831482
116197633 1182199219 -845261626 -1121189787 2000396082
188530626 -326993027 750430648 2086514969 2092837034
-1753039453 -1250325549 928026661 -854048497 -539662523
-589391107 -1203732762 -1463493862 1626520052 649426006
1939787049 -88584909 1300693163 -1246436752 -1192420142
-1770083566 -1197249979 991691917 -2094973264 -2090544898
-921987020 820120122 -602574178 -1260984877 402677060
-1571482835 323935124 217613838 -1847160663 -1540234095
-376213059 -1312535984 -762820825 1391575114 -1645863275
-2147111938
