10403 560 675380007 -1254416334 217490951
1136185060 463699491 -1179221293 889272983 430069931
-724268458 -1189928692 1112491055 694673587 -1194904949
-468398246 -1095066310 -693987115 -1942083849 1769125593
1309652284 -199059341 -1081587373 2091850496 -225210711
-1357515511 -1208608474 1961275451 275297287 1919763313
675005138 -595397900 1610820910 1743175482 1256592327
-1814035239 -2126083769 -576053397 -880366327 1827566144
1366246606 1730553573 304349774 -855245664 -9892761
710190418 480680535 1996230243 -1155622079 -1534296554
-1360382698 -675569060 611748984 28465221 130896299
1379136120 -2071057899 1933976415 1173950381 -1119917825
1411918387 265715705 -1356580552 1155156818 -127710979
-2039317657 1581154 923371096 -929697344 -1264505647
1424903412 -372104106 -32586453 387253459 22353449
1156471675 -756613778 -1633619212 1184618255 405872163
-922549786 18760422 -964908398 -935276485 -218178310
1168161804 -667731778 1971322442 1507522539 -1109888954
-1667746243 1730299611 2058977558 -300764928 -1744799757
-726038192 -398779101 -1094967762 -1035475590 -1132696811
1993744329 1839340129 75000388 -419666738 -1418866640
1903223342 -688402288 1708744123 1661779288 1445650004
-486695908 -1487572098 -1360706297 -179334481 1037295212
-880903883 345008368 -890781964 1912802114 -1112422212
1392428341 -248076557 1058014316 -938454277 1753156481
1306556651 -455354115 133025400 -672282450 795222448
-1903397946 -579647713 -1587531440 584323902 2083923770
1095183348 -1681161985 725920864 1396582102 841619382
808708257 1967441067 1054321388 2144259396 -2066267826
-508377580 -1267428346 302137858 175487488 -1567023972
-1255164109 -831597457 354287908 -648075284 1521943644
1790543590 -1028549213 1832484764 -490383473 -82697787
1967002298 936980597 147723019 261784112 309332338
-558944822 2132690820 -152889155 258357775 719230844
260399419 998376401 1237104903 499516407 -182119474
-1444139823 1088391670 533352238 575762338 -1477329715
1573883510 292130680 2008939075 756724856 1578303004
1151299803 1734309731 791888886 -1260988991 552726590
-1155185196 942177113 -1251199473 20629005 904676615
262601889 -2081582461 -1382867581 704097240 -2120285076
-1690728822 -728258617 -475269748 -1916577742 986421191
1536335723 -698431152 -359643762 685291249 -49159163
-178012191 -407500831 185734570 -526168079 1351629603
-1902602004 -804053129 -1036118714 797898343 -783333588
-69263408 -78523544 722804280 85793902 716463750
517333220 913037991 -394200050 -1405665173 732683813
-2006376633 890775106 1970295261 450173694 1405482925
-1345879921 315747688 1626838846 159096077 816285335
-2023156514 -561159079 -2098665141 -2045895366 469812117
724479578 1505275977 1858847972 -1129999546 -162810348
-76389337 1781182252 -664000270 -2040113775 1163692739
-1572013074 -1284711810 1467361060 -539398209 -890318181
1082295842 1255447810 1925832301 1110082495 1962749050
-742992573 -465151276 806323326 62433108 -1641817602
1576416608 1059847759 -727811202 1182295626 -1787934726
-1252226106 1945791499 -659260484 1637649096 -165634035
-206396111 -1708769604 593911121 -1898583335 -2021034803
1785823338 768720252 1289854372 1651822956 -1520412633
826928821 -702874730 -712263439 -1020182574 1878146029
706792108 -1615787383 -2136000044 -1088885941 -136342487
-889737000 -110010450 -1020251681 -310909073 158702782
-1430297233 -1112686069 1686500320 -323419563 692105706
1568141001 1531643745 -463542792 -1580376442 727378486
-570995354 -548722052 -1614469078 -76361845 1257947228
434868239 915816628 -2072206945 1721124241 -585989314
-2027737086 853502197 -1655981772 -971366451 -553995948
-554236448 476935692 1146683921 -1950193428 508141052
-1478601407 -1503779170 -1587109583 565266096 -1645052806
-1020967608 1322088211 -1401578506 -1452112668 -1829852772
2112957863 1007757167 -1957240712 29955694 -197505725
492893984 -1163131202 -1032964668 461357905 717738025
64111018 1998697164 -885176133 -29719777 1083477001
35874056 1583201117 1140536998 1967347501 1165688695
-1101503432 -1099167445 -1595230355 -1993370768 1114425834
-1928020452 342669275 -1727330099 -2033055863 1317013798
1270812274 589239052 1528178061 293187291 -717850893
182326740 -1039514136 -1864087814 -1328608639 -692546825
-1311741342 1481186432 590093230 1051923899 -1854582629
1814392286 -1992862517 -1347957491 625518928 -1438914772
-230838732 1552162803 303860367 -1539438915 1357685626
-1289272110 -269411717 -1231325506 1216689231 1383781829
-1654425204 -2110706232 259927273 -1253104124 -223434054
2147212027 -1830065237 1572468551 -1109922850 -748801503
480107638 -637238667 1752129133 -421637214 -1720740790
-1065883597 -1569816368 -1170633153 -1959942314 -1811281995
73937095 1307901858 -1849032967 -1186399390 -1584061491
-717869540 526677815 -1723899069 -540309337 -913360422
-1530658673 968584479 605166631 -555192621 -1665333984
531000535 -458261940 -1492536061 286997392 1175682266
-1013280912 -1637891619 1610867359 853018566 1844340888
-100764954 766666614 1009479620 739391394 -1044601535
1716883166 1281915250 538870557 -2059602411 1395716731
1423502524 263071678 -1276348711 -1691470113 267164028
729293938 -1184211886 -1956471316 724781096 -1515638285
876182745 -1045560098 1063669196 545560658 1042535554
-1970590208 891992840 -369579957 -1114340693 -1254970281
-999342788 -1289707506 -1394109781 1656848224 101134219
244583132 999768487 -1713824043 -357183925 1997214994
12330166 787727574 -273433124 535970195 -1835998078
-1400533039 -797889588 -1464564823 236537886 -2056307020
1990794647 -1452551637 116383760 -1847021136 -1357828642
-730382473 676766635 2008139938 1491127350 1993652813
-1721865713 1000617969 -178346559 -116720327 2113768568
-1099928252 709287949 -1568520927 233821052 -926255353
-359143420 2095051249 -57336330 -1242544672 -1084070100
-996105244 467654154 212007085 -1065331209 1014716623
-2029955002 -839217094 -120819565 1249754524 -1530628524
886402986 -1898439318 -344773894 -1207036034 -310500458
-2114445030 -1877674114 -984701226 1706657900 947197131
1478730854 1850808906 -2089736933 1801127815 -990543279
-1477253461 -1332343879 -768918391 -1899500075 1094785694
246295140 -1200151963 954661760 1328635237 984766661
-1735115774 2133677183 1363997839 -1801175534 -501850424
1417656240 169969914 -1831153542 -190093421 -1302915549
-1317202018 1774696005 -1605733684 -1366736922 603763403
411891660 245444878 -1844360366 -172525257 112215092
1097996182 -188622067 457632058 -1148296534 -1715976228
535252798 -1342407893 1578329454 152469274 1812243012
-181059198 -1800750855 -1916583886 -524107336 200883001
-844429044 1091119493 1491860327 708961272 655567771
1012858685 -894412214 664122483 -1145833800 262364203
2011650622 -1045891552 1268883493 -1920627892 1742320847
368682122 -1047177547 1901678281 1278908870 1080354073
1720480811 717236559 1088822124 -1577758404 -269560837
-1815121663 1384740504 -1455881633 -1495261566 694253989
689310705
