10403 200 -1370915572 -1057828688 810736592
551261669 463936953 -741185986 2144439830 1917941469
1230715426 1377388592 -1663478171 -1461359747 -1880915708
716511029 1064715334 -1095095301 2044190640 1014150832
1890109467 -1788880311 943045028 1738291693 1062022372
-414435364 1466611889 1400094723 -31596831 916849625
-85088003 1430531708 -1534199087 55836882 -1900935381
1548955293 -2090825704 508030785 -705449170 157399277
-1138970009 811534697 -183188373 -809798664 -1313279238
-659173426 1995375600 -1016861377 303633536 -499119519
-1260453992 306341618 277060309 283752314 508489978
-1290278341 -1383546446 -747549349 -2121494698 449931194
-773515052 -1383877193 1004419996 2106983674 1799064888
-1900911231 -194781403 2117658095 -2118999751 635335278
-2008050996 -1961766235 1944092838 1494996588 1537881694
-1932774768 2143842815 617845286 476840391 1878822987
-86344231 1540706865 1920564001 -191077449 349079682
346904830 -422074769 -896009493 -721913233 -853189557
-228971893 -1520428346 483247696 -147962295 -2088490501
-1214138185 -1919103481 -1285378089 -545439945 -1943205316
516045657 1702900080 -1099836381 -102888842 1576780326
-822814994 1580412938 -1024395562 -393627551 284201909
1630588952 -1688911876 449076269 -698930915 1894381257
1132521260 1056387856 -1394868368 899238426 -2014318934
599498175 -1548187545 -2002717666 -2081276442 -601375779
1023657405 -1734763575 -626881611 862933627 663886313
-872466529 -807820314 328487791 518518534 -131973318
-716151028 679957177 -1827060437 -1692858957 -954482650
108651864 -1794213404 1763903696 902842258 -1514462071
-1875754028 1300705148 -186782081 495031149 -570756344
-675067992 182683942 2737932 -952750877 511348002
1681507776 654853443 191144701 -692040501 1893259756
79431048 -1066861317 1665071686 -2055313826 1537549253
43483868 -676332485 1538432494 1161212895 1677336418
1238957267 835138478 318100362 -490262923 593197860
-646645361 1133207267 -668438934 916949342 -2051320729
-1187748012 343690196 2012198228 1145847551 899091880
-1559071230 -407384023 -32754376 -570050615 -901298473
-216707119 82537394 -1743979742 1209145701 -1271797802
-1589604981 974446149 -1274141527 -1940744437 1635207452
1551188042 1570674683 1358715680 -1592253099 1613525732
-2090172368 2073863347 -376226234 -635330657 2019188777
-1268068257 812566884 -1269262122 2102832407 -1596625108
325035672 -1025296974 1353769099 1200160135 204569157
1142507214 -2035078301 -76642886 -1283113467 186084642
-1425670652 788463802 -654908006 726177190 1363586001
-1845672327 1882805807 -808754006 48132446 -473752352
-2003844651 327126108 -1294862228 -760065535 -678359436
988361527 -985990596 1150197652 1685667706 1057482255
1102315336 1109363521 -339464671 685161556 1142119302
-42064911 777792624 -1892049971 136629146 1517821794
-1202467543 111244103 -140217365 178583406 -43472060
1344211824 -1611961385 -318340170 -338669436 1275098997
-866951535 -1350516453 -1521154130 -942061629 -1700188098
770812783 271501372 1775084488 756013098 198552328
-1929639005 234816102 389998541 1358037141 -1541521376
-968340862 -141154237 197268730 755490932 996299546
1757525775 -1043970855 177535051 -1027285642 -616267580
1156187512 744988640 383128392 1084551358 1002774770
444396960 1471670640 -1133470117 2089789921 -1457768984
1164049066 -990161211 866685619 474285102 408627
-696910889 1471017525 967021747 345252365 1735318850
-1006930259 1978811886 -1263007913 -821740266 -1828814749
61254043 1972339235 -40119139 -1987504046 245876839
555389360 162526797 -1054036552 557399353 -2021891423
-545305601 753589498 1220088779 -592951493 602914184
649355214 -468792997 -656617169 1844182335 -1828544530
1485097212 -1134950941 -294423121 -575252563 308360940
1312644657 84303762 -9297418 626200939 1191278610
-362777234 -679298848 843095676 -125895267 885681216
-1243951137 1509866569 1431550905 -1813077660 1914572337
1702667936 -2059745673 -1931154565 -1240566867 -926545407
-1437726320 1678358494 2022773405 382293965 -706068599
-1958754243 -649167927 1727739813 -250576015 1957569952
-9260519 -1764744727 -720026483 -1410057132 -1484008030
916907763 202000662 1101401041 1136984917 -589457235
1662915775 134727897 218981046 1821815162 1347772307
-227448130 230571868 -894105809 118984639 66893943
2124842363 -1060746148 -1659500338 -23966563 936976248
757618039 -467495202 1344070863 432472670 -1440743466
-433737909 -697402436 1691003181 -1675781229 -1233421056
402269233 -1594076254 -518420093 -1174385002 1760040918
336886305 1998370723 208595221 -834783120 1599086123
-1560731478 176756661 1720080174 665378466 134375616
1748514576 -62978792 1471313905 -4826523 -1388843971
-1901898920 1614034743 1375510366 1009902710 -2133313413
1583456849 575082667 -570023778 859263007 -1832023420
-626596781 -531089926 374710566 1184180247 -1368994651
-307450027 1552268098 1109983158 1425150827 2060547842
-911369614 -681984904 160077695 576267141 1155468669
-1841130499 779302507 -1669146276 1595415315 -2134511423
-1505508473 549903528 876522193 -136017033 493933722
1027777451 325010215 1527038877 1880785872 1742162032
-1414225919 461586872 -89785276 -844854256 672753237
74023743 294902877 -760101049 -1316115850 -508954504
33717516 -482735230 -1494225237 -1541197987 -932619551
701519541 772221369 1166493039 1578197587 -1531248580
-597060403 123104029 -941231963 550774128 -1382476265
-675878568 -1243154355 -1185461659 753933790 2058041035
1866303597 -1910108341 -1593156516 -1709002638 -205127962
-313913931 14634230 817972490 2016864715 862044616
-1943820194 735090117 1557518459 -1505353846 -1829755066
-541970802 -1184260794 1760513687 1589647341 -52941936
1835096965 979057902 738085320 -1510891912 -1331419439
1660784453 1087616559 -1917502122 -1907363329 965836805
-77696168 491128017 1793563675 1851952312 -1080249501
-1936355670 -474369793 -763129329 -857381734 -2035912071
213806120 -1252908164 1661250192 1491301009 -1163989901
1514467945 -595456972 438059985 1509435077 1982953643
292758513 -637203234 -219095139 765227536 -1163771477
2095706290 139102441 638425736 553595487 -1792789065
-1159776904 1734968513 -1009731869 29876838 -657046565
-493563622 -1199177111 -166730805 -1784776272 -1108878146
321755590 -411504998 1525843008 -1182816458 -1195622943
-1085159493 -361556787 -1548878877 718638547 -1785293818
-2082118252 -221520942 1346041742 -1202620631 -808298610
-941652932 -1345838485 -1828327849 -721441435 -1548997924
-1366134243 1256904854 1817561715 -1449740135 -929354889
-279193931 -1615536556 -1350614809 707500643 -683737069
1586724858 -1124381888 -1369674614 416054137 411635678
-348036296 1361714372 1525655020 1709443486 1760559762
1998397288 -1926640742 -1637667057 -1861062858 -1587163055
1398497652 -1915255952 1322904512 -1425475407 -1745339087
889490113 -1800181535 -504820712 -626097776 827900861
1181507440 -1573573813 804118065 1875115308 447178275
1323547864
