10403 20 1686024971 679679027 244674185
-517915369 -1398330742 576495504 1660117507 923532122
372501009 -997647256 2043984519 -1759913108 -1131504595
-1872371520 -533722432 -1917618838 262604114 -559455336
1124862724 -1781098413 1244000047 -1692388982 -611699907
-680190005 -2005202153 1517811153 -1625066164 2027380340
474309729 -776936632 746078413 -1379530512 1062058676
-1647276988 1283124847 -592023407 1373490547 972754640
144619904 1337574342 1357221687 101888981 1806221558
1111462191 1901971418 -497751701 2115900521 642026721
-1899869437 1570654151 -228318542 -687856281 -1501575658
548237921 -1847431550 -519399117 1330264079 573036151
-1521883980 603620281 803374660 398592475 2078572651
-82431919 -244015151 -417898447 807492996 715258554
1440330072 -334975607 848439238 1729455147 1287421376
1186062154 157519261 2082596037 -1007742004 1206630890
1727691230 -985361353 2141385065 918324315 1004696342
-991591639 1068606512 -1268029711 -1403134532 -1182950286
751555103 -157714205 -1863487197 341913784 -1888841162
237872933 -2122916968 -1723273016 494901746 1758819845
-479287449 1546058487 -1242996359 292341216 -1691642375
-565158398 1221903055 2093025938 10389940 22592271
-692546116 638380413 -4343063 2119491461 -1542225657
1902985932 -805070295 -491056786 904686897 -566041625
2056340266 1598755799 1645343374 -844071720 -1649710114
67232074 -1941557314 1783404277 1777534767 -884683066
-1374501133 -775900807 -460991342 -1111653163 1748616390
1176584111 1643487837 -888378126 -1640823374 -35621879
1767867373 1534263089 -797941123 -27489687 -701810472
863073036 425637543 -238776850 799416611 -479702249
1999225589 -207341694 887945722 -1766013843 -1703792263
-59919787 -964558359 867782454 -764652654 1326740689
-720124845 1892384914 -1861417300 -1052196829 1279032098
748055477 -749121858 -1954465935 609365855 -208889011
-1972737882 -1058513807 -1026222344 193762881 -505884513
-368878438 -1131972565 -1895543416 -2112519989 -493743113
-264319644 -900479364 1864637082 698410392 -1722782693
1899273267 1994815729 -272002790 636601709 -1597572835
-288104306 1873151989 -848606180 -281647557 -1520994881
-620021601 709632143 1223687829 1371944719 1971603493
-304049707 -1362485656 1049447436 468968504 1543777022
-2140516279 209085557 -656711235 2069483329 -741488881
-1568889866 -1306952582 1462462149 -300631585 -129398752
-1448037547 1555828246 846914193 -298488285 742716099
-1180979781 96844019 1016772988 314716495 641058802
665322892 848004495 488838067 -1343058211 1640751580
-400459338 176382320 -2121609358 761302519 130285491
1093269050 119558419 1603511792 -1087200401 -1732357546
-2050289182 -1332362272 -1358031508 371078791 1124473982
2024856071 -1489827516 -190537711 770905972 43694276
-452739837 1858108400 1262748237 -528796638 1158388119
-1494280658 -1629945382 -157844339 184231680 1746340546
1028199895 858705945 1529341597 -195351071 930426553
994676723 721608433 1913400082 1592419521 968536619
167734354 1889137437 -1949166741 -418135857 532669229
-870212486 -1928267563 -195910393 -921855544 413217369
-1437710099 1176189266 124790753 -819567989 529735383
1647275413 996738766 1110493430 -1936946373 135252568
1808830696 -2059599294 -2086154058 175834688 -1139170726
432385535 -1708806931 -1676653719 -1686564125 589254645
-1745367335 2104543191 -2055419867 1735072643 201176197
99771822 -2033263030 -241501868 -348559650 1164175156
-1613386161 832005465 2102501325 996412935 -1087460290
-1896903402 1742949049 -67326926 786144504 -1896056471
-938202841 -1379239514 -357544487 -249456783 -105339325
-123106165 776962985 -1340357458 1066544088 1601168765
-425090295 1461595105 -11795644 510832888 1217091187
554487263 557241378 146674556 281549450 -1707945245
-2130429529 -696889806 1383430485 -912528939 445855882
-1895718166 1161820580 -1320114451 1712351474 -393532313
203412352 976658124 1053331843 1571356306 2005558127
1685802009 -1714336367 1851543494 1078415292 230671831
276978947 -17220791 323357584 -1943923154 1822970573
278650402 -1776019069 -1821011622 -1471457883 -213345944
-787613178 -312872879 1397289468 -1518221321 493040467
-611639023 658234708 1399343876 -1454987268 779055223
-1676644309 1049751907 1420736036 -1887231814 -1729996433
-2069725077 -562986444 472284383 1781994466 -1938050910
276211853 792231007 -2087105744 -1488771793 578292366
-947008048 -1785718475 -1574667832 1587029865 -1645672034
-1909460852 -1323517937 -1963181145 -95345951 1493416973
1712059799 60462853 745780088 -81236756 737036112
1105870694 -1955616490 937680684 446072695 1449438240
1001244528 -435153424 -368137895 -1855729952 -814415285
-1260556136 -601861455 712077355 -242401953 38669024
1130153707 1914496433 -1213017778 -1209658656 139801138
1553360661 110188121 -2039745332 25212068 427462598
-583570720 -34875958 -824793200 -1389607906 2089379895
-1467445967 -1258779752 50754464 1667449241 -1233484439
797374171 -460318901 607132031 1572395969 1721316157
-1552949464 -1115998150 1624334993 1209169536 -1958416625
-487743784 -1749530878 -58248591 -1362205806 316597674
1920310282 -809501614 1084815839 -1649446371 1335953974
519323362 -627560741 -909015324 -1614300229 -369378533
-529852291 -110478669 -1800593686 1600281291 1036703791
-1761861757 -2078060547 -695107144 -761461522 -313743299
2025437000 171728788 -408561979 1434528943 -2016069572
467544250 300154861 -1363732892 897539839 1609934485
-1528416600 1330767424 2105353421 1338794831 -1691902525
-660577316 -470670389 504293182 -979494446 531577404
394962134 1378326470 407532818 1324684680 -1462355456
-1307796334 -1052801152 -222896689 -1792052184 374417389
-1870414913 1394005229 1541647686 -1722702012 1806771598
-951047141 1168221128 -2086525786 -968444906 1993118602
-1582508042 -949550453 1836775537 1381551263 986901383
1458975470 1063704500 476163819 -2049122074 376360778
1415799352 65247461 -896724766 -1900497949 -1269523487
-1549095820 -1353969057 1207111226 1004521606 -1951482725
-114361316 -1999180753 -699606081 -1311796382 -134178589
-2125158309 20745505 -1419923497 -2099884855 1040762404
514129336 834890585 -287739625 2029639727 -26615731
1663975468 1330684029 1652926597 1003814437 -1589193356
1978159279 -1863363926 -1997112285 2085155909 -131635182
574015514 1546679342 1015495440 -1126502834 2135218492
394642133 -795619102 -310019563 827820085 -1311047209
1164069164 -1327226690 -747397657 -1247316321 -385637476
-50643269 -733556841 653726749 -1513871078 -1926566784
838311269 1348997949 1689288171 1496686955 1618983548
-1361503422 -1619227390 -312407774 -2123387027 -588191219
879979552 -1074047410 -1274283391 -34875314 691240495
724516940 1887315870 882267202 1837510517 1836860616
2081798728 -665640669 1373962714 -899097152 -853341754
741382713 -1405150686 1571749085 1132219040 -464487902
-397458534 -1163700916 -2083033474 -1039577447 -1312461733
976009583 -1015580060 -864511748 1330802064 -1180047548
-1246769613
