10403 196 2146640963 203502764 1682553229
-319818933 -518909994 -1912623414 -1967277224 659707292
60708170 553930430 1782306000 975311049 -1808463807
-1257984564 -2098157047 -1384444337 1730494393 -912413084
1642102124 -2011573876 -1201554706 1086497814 -489623765
-535073867 -2022392021 -710970512 -583286271 1148908148
-821199616 565404122 402927901 -56900177 -1692036148
1016709387 1436648264 -21668973 1558602837 -1762002888
1205618523 2028732270 -2123478519 1475297789 -48709110
1662064044 -1819060464 -394843389 1301510396 -1874067049
-2099140440 -1720206012 -322341421 1499116319 -1488051117
-1038281900 -1959085147 497604275 -986903746 2136988252
1214346361 316113881 763090470 1446171174 461068303
238227004 -890721325 -741199295 -28266656 -775616797
-1810208768 -1894381475 -200758246 201431727 -28055611
1682524266 1422351500 1745671838 -1844612675 1048967630
529189190 -839686268 1138144316 272103597 -1002415540
1258067754 -1638197834 -1165838152 -1276521830 2128603988
-1377995676 -478391127 -94353059 -784714008 -627687474
-1654707119 1282280728 -1122279287 -1238067133 -22477083
1666087658 -129608171 1777487886 -1459230439 890546345
1163007772 673717777 933328181 -191425826 -1822791400
1468218634 1519136323 2139486795 -1058936427 -1155306230
-1043071055 -233050619 1146502505 1768080129 -629818823
606060101 1480649668 1004308727 -166406668 2128490347
124484465 -1365600534 605177987 -2088693354 -530877225
-1009339108 226732341 2032016291 843492451 -151078924
-85908510 -1804926453 -1836621690 -1156344377 -127501480
169149616 -1015086887 -671198823 1308592199 -592912281
1855547441 -146604725 -1566278681 -331356481 1230170889
-1679071935 215612076 -1444566338 -406013855 882352623
-137815540 -239300615 -1372683295 -1772614684 713313970
-1005865885 1601665240 2079651843 -411117319 -1548889275
811364107 368139442 11978499 -1941545264 -1595977119
-1111258389 1139551815 1861969148 1516625115 2130856599
-898934891 235783573 -251388765 1178101996 1532365772
852355006 -392540104 -1269205331 -597927558 1334433570
939560451 -570698343 1275493967 1685817658 152934333
1875090624 2119856818 1241145680 -1086049330 1864171794
-1726304169 -1543420280 351553922 614505661 792323293
-685928100 131571546 1899960426 202035245 1857088551
-806952940 325608227 -212773287 -1647856290 -515835097
1875893525 947858057 -587578283 2096979541 -163707306
-979458313 -1598099325 -1997472666 1528179740 -1485142562
980936053 1168228835 375930283 -1214433247 885562275
432217139 -1267747508 -1424759211 244718749 -832052695
-63056194 -1538369039 -809868671 -228817982 -2029252483
244311632 1420501047 2106138083 -1989844765 1383814705
1847431576 -1453096881 -935967772 -401059504 1257807492
644575063 1288819062 -1815827995 -786051868 2074505364
-857246684 1934413658 -1251504183 -1467073106 103784362
-1704949838 842876598 -578574106 1204302804 143262599
1787112223 948189721 -2147122883 -1075199140 -463496285
542697903 -169558207 2064449940 -1018930156 -2136507536
-1616710180 1817003609 -499040806 -1491242012 -1369597668
1886086313 1917310467 -399870783 -367509521 -378546328
2102340040 319247684 -69778938 278355206 6474238
439996808 1064877192 -265032105 -1399255134 1967544897
-1429115748 -316864702 -918776265 -1014505138 773272646
-895646922 -1330603872 -1628506909 1998859649 1827993864
-1110373115 -892879045 -1177021262 -349617032 -1631615302
-970788365 1250073246 -1103981898 1221090564 -1089300214
1007129371 1888449482 1039498537 -227712727 222800340
-786714070 285437645 -764339595 1024298643 1322818596
-944374330 -2126209801 706872335 -724018314 1047815341
-1280284563 990112235 -614556384 1488300279 -1512256897
1409185683 -1502807272 797262842 1196966175 1932239428
-1165080717 -1732965507 660786679 -169486503 -273938658
1059802865 596462514 1043214705 1018979271 1772314680
-2135680672 1848670085 2070073599 1575448817 570125971
2030457527 221987177 525849161 -42022840 -590681521
23979119 -1907343874 -1487322110 -1633225122 -792563300
1845003906 374300615 -913787611 -1422206895 -1955650097
-1195703913 902240048 -1403817807 76196360 -523563504
643426738 -1696704999 1775514941 2074858742 -2070603676
-455461266 -404040116 1434524895 294536218 -1208622269
-1444045836 1069219640 -1413332666 -1763466481 1889832245
1642531391 510959450 -54383831 -387180385 -292586433
1601283612 -1456894846 -766754220 1561836117 -1625757444
445057706 683370518 -851433225 -746771655 222534700
-1954630407 -336554967 1951570722 1636813983 337714921
1963397369 212012340 261062354 51834847 586808229
-1940255544 794498146 2033882356 -1935477256 150857586
1110246536 -943296804 -2003951494 -717585074 894015208
60931544 -2065608477 -2088197189 -1065444321 -1049342738
-2074109413 -1778641446 -1068340765 -834895658 -636795041
-1468871071 1401058722 -590661214 341096138 -1262961893
504149198 -1375793461 1600755894 359723299 -767278293
931030273 -1447609298 -1068802990 -1790211540 -1050438913
2140074140 -694526454 -461462031 -1800346963 -881200983
-1523938439 1326499728 1867840089 -803578026 -1424863766
-2062572863 944014833 1439906393 -1806746937 -873298552
-204149370 -257960776 -1629254309 918431804 -192346488
-323046941 -612884668 1399499176 -925185314 -1041162803
-1291879059 1376830626 -467144266 -461604125 218625773
1802977748 710738424 1332277006 -731829616 1571101185
-135572790 523353510 2012622113 449410378 1062665978
1735700678 153972731 -109902400 -728936657 305632258
798590519 1901144262 1638396987 -836183747 381622107
575768314 1830705816 1405165746 1287297635 -1082521462
1312246698 -77748247 -1431647069 222856036 -379139594
1355648076 1981414103 -1346207211 1079756070 -229629433
-413660006 1862375046 -698373777 -1830981433 -1085914934
1242198815 -1436642992 -866269735 2000330259 -2091995146
1879898628 2095885968 451645915 1817179566 1201503111
1111218283 -844814231 883458398 -596359182 1735083663
2078729366 -2083045589 -1244213825 -510018939 -975374944
-1359856940 -197594696 1913377906 -30380504 77790031
320923198 34825050 64720654 1925303379 162503918
1783938247 100824597 -1991859029 -1727719639 1379143378
-2843418 147391170 -547930248 974755636 1693751549
2039589792 -184329766 115499076 1604925075 1730425559
1465413279 1462908542 -594995878 106342618 -1665308468
1310470264 1038822880 856104858 1589767951 -446016297
-820410057 344033232 1566357267 1390602883 -775278878
-2132674498 1502802850 1263070421 -439019179 -1112462206
-1377825637 -2108620878 1185971523 -1705815996 -546296749
-1085510475 -1212188784 -888141855 1422463496 1051472404
866394929 102994277 -129089976 -380398957 -1418167590
-1016018113 -269706751 1727063090 632095702 -1187441510
-1327263100 748997835 -265521271 -1185684326 -599770441
1856609356 16137921 -1187763165 -22173766 1920979246
446042386 -1954801302 -833526293 -10796693 730770045
-923553358 1015908989 -1777519161 996892481 1414628892
1046352123 -1658284391 1675681311 -1714389649 1009326099
898369991
