10403 396 278934360 275642135 411342427
-592466206 -1417712343 -244138541 2106460218 -1853107502
238501196 516587888 543337190 -2035957329 -1017292426
1207687756 1548697026 297217673 352220860 -2020208526
2045597103 1836681640 -1025172850 1074846169 781348235
-146520705 96368488 232763462 1060596177 -449386658
-1620401942 2027061849 515257930 53525071 142151803
2036216612 -1227670477 -392373856 -1043665528 -106657526
-385202573 475411290 -427261694 -1654854326 217052112
1000902733 -884898317 1350385538 -1515454348 2063172117
-738751933 1686817432 -1810788015 -263177181 1948594645
1746949584 -1583379770 1978221527 1794557244 -2061716136
879936370 -1187045200 -2143858280 -695243552 1799115941
-1592129816 1999401690 397518068 195347391 -260770185
1725784319 -963729320 1132050897 -969595235 -634202858
152332539 -126216074 473780681 -183909514 -1218546926
1832614780 876924037 1863998159 1699253955 -1320800545
-1199766307 -692310264 -772024606 1197532803 -561076675
217258698 -469674319 365248201 -1554808909 -1857059571
2110146817 57154347 -711438022 1975674881 1263386791
-384488806 1180834225 1461278924 -2095587595 1024440519
-450321238 1888850113 -1466335526 732459466 -362558114
951589294 871963011 -260835088 461556707 731936139
-353709939 -401854477 -1471175735 1903815991 954794589
890183058 -145863343 1343532518 -277257703 -2056785362
1801056174 -1099548870 -1759258417 1934906765 -244906990
-309770616 -140637521 -776421889 545226843 -1174685715
1669296403 -1421965926 -78833352 1146234543 1122722678
-213728899 -1964029593 1837648240 -1841602448 -781298263
1139486771 -1993484907 920336557 703082767 -475997052
-1836076010 -660590540 -1403120435 -896182821 -688061780
345030972 556105652 -681588348 -1649620325 -53349749
450914508 861044083 1491731898 334916926 531421103
-1587881092 -1602167006 856084322 -2097662621 419774589
-973363721 -575642318 -1551228221 -1100932539 -1517125969
718173919 1993715441 1775858029 -1390153720 -923056628
-1235583271 -1036682286 -36449968 1767618665 903098705
-2071160646 -1843338857 1188740841 -1197715148 654435194
-1972646194 2139096933 -1897121346 1702498626 1810997650
558868922 1007739128 1830502741 -1749419795 268676731
-479267403 -1565688248 617253939 86857011 -381436059
-341453145 -656199820 -1982327881 -855906032 -1989316392
149536743 955637373 1663165942 1343512105 1643115351
871431126 -1018590409 1245871596 660965924 1063662414
1480393432 -599518681 564970531 691427990 -794593118
1278601956 -657763178 928518389 -984989987 615550851
1428965295 406974946 320297158 831922735 -773437746
-417951636 -1102970838 -2002330588 1385539675 1653023255
-554753953 -1797631040 -1778617904 2110534653 -1259867307
124252702 1691152549 789896725 1815401930 1768715472
930145313 -1841767310 -948314258 -30209156 514341713
1885071676 125168071 -636013718 1289291576 -1726346114
-2085657956 -1126018070 -629467893 1952521136 1815129734
1296249391 -1063084925 1601684684 -1719412080 -495503573
1008247835 -1878111558 -785792779 496420026 1986916799
2049756353 -1713872823 -1217313113 -1311579285 406717944
-1822580598 -292187398 -692333494 2002695538 -571062846
2000832091 -1543188189 -1422117328 -46611044 -1243670036
-737022527 720354558 -467171896 1763746807 -1034173740
-1614895850 661938972 -1301718703 235519869 -779424158
562427305 1099170267 -475441691 1686926059 516186910
-160519085 -812445768 413648915 1458913055 -101171913
-1534358352 384192998 1019720449 -919897833 -1769205655
-1382419712 -479137756 1537135798 2054675162 -389571963
-172604576 2099188542 -1671548314 -423823147 818161568
-1142089462 1396712176 -1227079818 -253928496 -45794921
1905294298 44677477 -1441661738 -841446617 555198698
993205211 -298007328 819729643 -1477918675 704206076
1891233018 -611157506 1462736056 -1522158666 -1345359172
333844965 -1186340364 1174874603 1510173629 370885670
-228446849 51055152 1166905575 482063954 1008127516
-424393830 -2042027023 -844439210 1749637275 1089545121
-2046055136 -262622683 1701739012 1147280419 -218040791
-699884879 189901787 1047518064 -213187117 84849779
2107582599 -1194709673 -937204969 1586822371 -2112481030
2054545317 -904595194 -2043877400 379533520 996056071
215293365 -55944770 324096353 -195238948 201734510
-225178751 734690363 805036349 896509218 -1982209757
-1654463538 509637175 1811151156 -239281563 281029002
1362659622 1209498777 868157084 -750460419 -459416955
2145908381 2045039523 -823240848 -2091073496 -1009501319
904268629 -557670480 -1949415249 -1748871046 -584659229
1827433698 1847975623 282029022 -1189955705 1527536977
-1953211444 -888273143 -1025889858 -2127415649 -729644558
-1839036219 -1480480424 -2138994742 2100815240 -708996353
935279338 198887132 -1197605691 -427301039 -1819734170
-1620226368 -361347837 -1419408139 -732010345 -1488738617
-1307704331 -301587696 1585421800 -541467975 -294841423
174595045 544000647 -1689654331 1098676572 -2071349666
-1943719586 -193556690 -269885465 1979726694 807087031
2005649035 969111861 1748816292 1147245518 1177477017
-1902764708 -1006918044 38499942 1362002743 707630787
373939206 683313918 1892260285 -644709071 -2015575211
-422506519 107995493 134499677 2033139346 2093042993
-1737384325 -21922784 -237080668 -484365203 -1117626101
-1221737749 35959820 1581147734 2106996915 -1155201846
-80927562 -1267572500 -2087465036 77559257 -1745344713
-585086959 -1908308148 1075346748 168833151 -938996129
331999376 -880374721 -206720169 1413079741 858256674
1903328170 -1385151308 517449970 -539371612 -622030178
881135449 2051590966 1565935109 -1917616823 -294188818
-783474517 -127018048 -641066338 1018540499 1207089482
-2015531045 -267938975 2078971385 -774093852 295473378
-1612180360 -1274147905 -1221412918 1367995707 -185471437
-1818520979 770575923 798651270 -1558862336 -1726857178
297456807 1186105800 594249178 179529342 -912726791
-59437498 998435695 674907517 212988567 1232248361
-1738832145 -1711162838 -1184601869 -1975926924 1079037199
340312031 1688391017 -176276815 108530826 -2109984700
-1545524075 1684143537 768988635 572223532 -1827910470
1733688742 -1633669132 1587103170 -176397815 -951378080
1316862769 1427070218 -177032169 302699487 1240294494
-978378126 -60545500 -601894618 -768642839 1640460518
-1980696006 934988148 1859427293 -1540352672 -974797555
-1928569913 1074102121 -767204064 950849984 615910781
1114733538 -425051638 834217711 2005588990 -1560756379
-275750586 -161090355 -195668201 -1059301967 207200059
-646585894 -341725813 865717578 -1066963173 1912797093
198990498 -2052033864 267910616 -64918014 1683385696
-323571980 -972817940 57328800 1968906911 -575356111
1722543916 -1738722597 -708937536 -55911582 -1205454132
-1547822946 1403788522 702640981 -1707352739 -599675742
-498897203 -69601313 -752210223 434258218 1541161200
1748897668 -936225252 1701770333 -544574267 -1343416996
-804821161 1996252660 915521518 1422102331 -262123174
-1693124527
