10403 448 -573666122 1043314718 1240510447
958774891 -775472421 -1694330893 883284053 -776101107
1703621117 -1107984802 52341407 -1486500743 -1301755298
-1767916372 -1994557214 -1087732905 447875311 -2108109421
1127080156 -653509766 893274198 -1449094683 -16839116
-550944304 32222818 1363032262 1579669198 1963342342
-1231630488 1318069991 1090365600 1024556133 1581243411
867825740 -79262004 -685924842 -1166927687 690696080
-1445694582 -1448145536 1397182086 424499026 1952395018
832520154 -934813337 1318249593 -1141466761 -555538615
442720498 -746256925 -1816101976 -1917474528 -1081872890
305752442 -1659712374 -574795755 203685282 -1535842973
959119761 920541338 2007978820 -1099800428 134628086
1955299027 -717999513 -1170063116 -1556577168 665313653
1996215062 1044798898 526272710 -965644409 2104170534
-1014972807 -1227685736 314171490 1781752573 1613211408
-493703120 2145268806 1550664885 1108442983 -1521538214
-1847792044 692697936 -858244559 -854801278 2086129053
-1950461773 2038618115 104998532 -335874698 -100893024
742430527 1268146956 -1466376190 759691045 -453552943
94909227 1993521891 1657113778 2114119227 -653147330
-1762677077 -19237751 1612140093 -1551663950 1516035810
1969464784 -700350996 206230090 -1576011917 1838297984
25523777 -340160362 1357728389 -1647162614 -1550622684
328992941 1469422879 1886342015 1157770636 2084668870
1619788882 -1629350576 1541488156 -195998448 804607205
-1166635115 1020107193 -428912591 949299926 1317973543
-1394763646 415338782 1944906904 -2004452057 -1897003172
234863327 -2109324794 -2092185657 -285126848 528165279
-1379990461 -663205396 831765167 -995122004 977669950
134855940 -963610047 1281191704 -764600916 -39934974
-24921803 1417685892 -1341031248 -1373383949 -1243997703
-1929726782 1113936660 1618313029 -694805586 -1961479156
-1063558130 -1804589630 97338032 -223137402 -238411189
-256784647 182607551 -498555580 -1707519003 -458619664
1089325702 -1267844042 1095973487 -275602415 132761734
-1318782946 -1628611443 -1712096355 1386733351 1561439346
-743240740 1072988791 871961451 1247945986 388157267
-1060620284 -709691205 145870857 2124930180 -1391923670
873934431 -1565018888 1455104066 1768232292 277097571
-1252209724 -1757703833 -879769495 -349670072 -1131707138
760786844 -1622272174 -214360746 -512058115 935267797
-1577518345 -864087998 679450697 683630988 -494384000
-656585582 -543023752 351367440 -1375345312 -3730067
-1039358298 660158134 1078241393 -629305191 -1698287710
745442489 -1283222663 -44397281 -921020905 1903730186
1661113976 923419003 -1630380231 64197170 150188629
-117611435 166641475 110378693 -184403017 -747717081
-276496958 29578818 -978683379 607694783 107458056
-1873485293 -1336878348 -1605771206 967390429 -2063239658
1200074836 -1203656921 -335923991 1543700758 1317017851
-1988961915 212982388 1285796730 -1088778693 816381322
-1560287642 1254641863 1596527397 -30052289 357596447
1983194847 -1854096438 -1885724886 -568714894 -115214942
-188058745 962136094 1714687524 -351504542 1775725010
1065724376 1703640491 -2065804870 1789948850 432769761
491253347 458097202 -926275150 106327053 909895711
1578441169 880948193 -795928741 -1793637073 -1504683292
-1149619035 698879635 2082566947 457919209 1103927077
-2135034747 270417110 -308210718 1925904062 1795481679
-1206035744 1619224256 354084830 -983884803 973314140
2004088061 1725767223 1855692522 973120427 -207382674
1020232539 1345669213 -783740758 241064961 1897507716
-1695207276 -1904572116 -1068328427 -869117930 201200958
126196701 -285077210 -1299740041 564712618 835856483
-1396419772 2082704367 477790441 -1898321445 -1265838789
957997302 -1751600468 1424339573 207859113 -553207758
-936139383 107471278 -1530343258 160658921 1506631081
-361738368 1964246087 1863500057 2078535387 -1041125190
640346323 -934265750 -1216344350 1500656475 -308749022
2105233546 1707956867 1218303542 -1860973182 234510348
-1952438941 2112625663 -222302580 873719849 -1892417511
-1071105982 1538375278 -688976643 986042074 939371240
1317498955 328888161 -895077735 -1770324045 1112451480
-270816850 -2011149113 1759466042 186260255 1133753330
-1271660095 431010502 1334541440 1770970493 1039675057
1476655808 1391083612 -1272057574 -828813508 -505045734
60336403 -137778779 1601732187 1399901609 -1124812981
-1458613335 -605069449 -924851213 1721136229 1281231998
-1872343055 1969576966 2117582741 739356380 -1594304912
-210519217 -1310401221 1893072725 633871858 1423869902
-1945404517 -1390249563 2133780265 1832710015 1312783839
256212524 1721467556 438873345 433665842 1936556806
-244956869 -1048952445 -1786753810 1557476075 655920514
-2112217070 -2068553788 -1932110190 1178400995 -1942040276
-288600325 830904729 416003410 -491184967 691949562
-105814720 -1982410193 -1190947234 1754561202 -1220399605
2024077893 1617358126 1141446698 -1482672640 852942430
-1174865120 1565608046 -107974674 1514917817 753966908
2127151264 -1064974499 -1459783098 702290286 -737058896
-1991499185 -232048085 -1257623471 913948728 1125966037
-364104068 -1806099864 1288903036 -334683055 84036421
-84180510 -156432900 696752631 -434743526 324351532
-1993354188 -2011125513 43344826 1264319925 2064858459
152843344 -1968061056 -327213596 -662364698 1236967586
1407103078 539362034 189087701 973957721 1642962534
-1986343526 -1903897269 -923084369 -170678552 -1202074375
281864087 2035983108 -1064031814 1499325937 -152763742
-273994835 286998761 -749107968 -122159375 -1298930388
609744243 1290645617 -811899473 -556118721 -1161511280
-1368847840 767607968 950508501 -355449766 190924328
234442198 2061384254 -1650066994 1599954431 -1326334972
-2080276802 -1248963509 -84222641 -1703796277 1941743045
-1874476708 115715247 1739160502 872774775 1806718327
-552956290 2019102016 -1101298946 2074955520 -1340182084
-899363526 -1857295899 -214964661 -1164308004 -806278692
-685577320 -11311501 457465749 1268459941 -543388578
-632000123 1138843455 1874696667 2022679050 139495005
-1330124724 -588508854 376410982 1783020227 1605510534
928459078 -175141890 109004317 2130831686 -1753585840
1547939026 -2044820017 -1577698902 -1164755399 -2116004478
1466573554 2041289081 726643425 -2143059722 1512805355
1894809856 -662022956 -1532221823 1776014076 2048487080
1132989141 394195430 -137283031 315623842 1688541109
-261429955 147957834 1353216109 446934772 -1125120870
-791982438 -1130961510 -1285106061 1539169935 -1726968991
-1547021713 494266893 -821485973 -710236296 -677817743
-1685753615 -1822616397 926819923 -672444837 2027525227
1188175500 1161580627 2068894542 -1296667140 -477596433
1660079061 321402861 2017966777 860081470 -1978503394
301972670 -959450282 -12848530 1106012205 -1648829948
-2074531546 -1426147799 2012895544 1647546521 1700007856
1804610193 -1018956667 1363972316 2129544522 911556333
190989834 -1692188635 -2088601047 -2012878755 308128024
-536065494 1329399172 -1858261011 -1339197355 728610744
49735815
