10403 320 -778442463 -342753345 -1531909209
-388230932 1546075823 -555618802 -1510508100 -673391271
810035923 -655838860 85170547 510104898 2029369203
-395098550 1765955224 17383374 -1617781478 1571036038
-1973327360 -1365459555 -617155791 962750802 1934268108
1377117552 972305007 1688285670 -1161720644 977548147
1865104654 591305949 742932727 1938218868 -2083170997
-241632151 -1913003006 -403414968 -510009214 644578722
-956484274 1028086022 -1286674352 -2064475387 -1489502275
-734172860 939967160 39855371 -2026128198 -1117041764
-1292144338 1111506432 -1360479258 -101407264 584094024
71468486 -346335644 -869601566 -1434057458 -1202857665
116059913 -1402096404 -432638128 -1695407980 1028012136
-2100926287 -1037496468 809646324 -1646189295 1015279634
116664441 -636856555 1810952314 1558516687 -1928385467
-1523966271 -1725785613 1151205858 378388502 -1994113637
1114793373 -117942468 1139474785 -852927087 -715782981
-956012361 -1013921829 -589356063 -690635136 984964997
2135808736 -281659257 1828901200 -1831410525 -1131439123
585025777 -1968810424 -1625265056 -1794680606 1520528314
489137420 -1504980811 389045075 1646965067 -1494808718
-1733160277 1823847507 -312131893 -1820344330 -569528097
-1680753027 -2064814551 -1457696461 -1300646626 -1478601938
1297702682 -1104510334 60661079 -402069201 1560436169
1250182648 1651503631 716403356 -921381269 2012228947
1705218367 1999240197 2026874142 1844086783 889175165
651714489 1423543677 -624713608 451065309 -94186676
-118468975 -2141150848 -719874919 -314539490 429832150
201829006 -1970091497 -1931575895 1127446139 1286629545
-363561389 -764371995 -1045967496 -901612106 -752413588
2110815997 347955782 578719980 852326916 -1647298039
1159486878 895987108 1660232217 -366633727 -2077515139
-477499001 -882301358 1485819731 -959617813 1583944953
-1253410507 -1026560191 872411584 -1631468572 -1581151347
1249639224 -458744593 91781277 -1697301837 266964463
1721801775 1616720010 261878168 592653537 -253719699
-1803184539 71154616 -1743889928 490221419 -687764826
1870257335 -1200084403 -1768903107 2047880137 -1470975184
662709609 1114841520 -1322958295 -1409510365 -198583911
1482894554 1663398264 1272345196 1066944246 1744597353
-1514631656 312832764 218826932 1233175849 -1919777785
341967608 1765355605 -954687387 777455189 2024353890
202372777 1739722588 -2121667599 -645191204 -80855436
965216166 -1301496237 -1685676760 -243514506 -1891852778
1317777160 -354963165 1251151828 33158948 -1821400548
1689755134 -1990811571 -1085187597 -139896272 247158891
-784798357 -769088101 840868167 1185620884 647829544
367492462 -1166681169 -403510442 2083426642 1658010885
-259979838 679412386 -89321444 -93987760 -707660110
-48873431 43819484 -1198940261 -698824531 -1300743472
899609931 710590939 -1859575459 721012984 -537590518
-1787774965 -1900639386 1821337988 -1524782132 1291232284
555509044 506248415 1968321045 -886447661 1719787927
-1244299168 -109241356 1178242802 2040696222 1162749771
-2087558414 579471869 280652057 816918867 -384022040
206922814 -68142934 -167326057 -711477038 1725891926
189613430 1210791342 1518568337 1939120804 88780025
-1147912550 -1942432557 5164456 1119114723 -829654711
-1334110002 -875160373 -555884763 1007571369 -1830906566
1234922929 -375760724 1122712710 -1779877434 1114974727
65653659 1370509035 -383208964 154392591 -842182569
-545799689 -1470168932 1745798816 1902237279 -1201204033
1268333523 1482741612 -611372365 -300690426 1483532606
-577027225 -974864032 -541521102 -10953694 250795467
1533070157 -1390438820 933578354 1558917379 58576227
886008311 -1962287012 960806819 1110486571 -201941893
-1437837987 1206279339 -1797142819 -709973556 -555696612
-1995067678 473082714 -1747008310 1640227322 1824691083
-1841128683 1300508535 -2092094257 -840238017 794720827
-605373790 1639765373 -627377465 1056628084 189740650
877645000 -1405849799 1741347844 -1334226320 -1480016572
1134568487 -1211594163 -602500526 1226826300 341565289
-508971583 -1082370622 1936896473 1725115790 2124657844
869304978 -2024724320 693352815 -23230019 1039807517
-294994158 -682834966 216886524 245021208 734212805
1281541894 298557858 -278848715 784700035 984579436
-1138715654 474105642 -1772438098 -1206471020 -826385940
-1895465961 1567580681 1776395216 1905475220 1562878257
417753543 1108319349 -1794588786 -164545791 298700238
223166017 529779019 -1562831535 1627866168 -1825346749
-948833888 271036923 469032131 -832374575 -553381356
2019255595 -427888598 803868144 -91933992 1695030897
-1622115409 -1609782428 -1046116736 -2106313234 -1565376318
167195258 -861070492 -1348037763 2089425099 -456094137
2036854640 -874873453 1709818461 -1255921704 -922766034
420572007 1945070835 1201308593 -1365249666 566714023
1685708757 2061589799 2053452554 643543916 -1904628782
265542276 -1249418593 427813848 1632406342 1512027988
-1652814084 -1761184088 1058174192 195818826 -336923298
321314098 -919488256 -473843800 -1912348489 -1875695837
137558971 -1519425872 -139413402 -315634476 1223414836
219006 -1524491001 1582804495 1640806513 1610794604
143773202 -2096046968 1864862090 -1832274007 1143607318
-1609476247 1270325760 538440533 -85036960 1131582754
-1819362222 902715514 -1311722420 914906237 1665808021
261611439 -961250337 603382488 890132459 -62215637
-476820945 1053482696 -1304673256 1765553305 -773298184
2008796551 1098450468 55499000 -1778566143 1778617299
376785857 317844329 -1744042123 66992936 -140981000
-614191714 -264579997 -379379089 718719843 -1041254284
-1166644576 -532344541 -1442808342 -2020462165 2115939022
43612782 1203373817 -1929561407 -1760938491 649666756
-1827749886 -577781113 -557400336 719163505 -379913951
-1628742342 -13133627 -1943996515 1293505162 -2040638691
350516098 -720939221 -1510525524 -1828895643 -1947223133
16154487 1782574036 1890763645 551713033 -1385696878
259507653 328081507 -1160678622 1743288472 -467197559
-136524244 -26890721 -1772826268 471371474 795826811
-223408948 1888120721 -1633053412 -1752097801 -947567300
-2052297591 -1364040536 -1850354590 501658330 -1333585988
1881937338 1444515616 -310719266 1506717226 37027262
1296394757 -1035467090 -1581308086 -1439158354 -1046807895
289595994 536895232 -936171404 1276027986 265692913
1169042377 -974999555 379532355 -1739021610 -90617478
-2070304013 -715475873 -96088112 163593561 2040871436
-415195771 -2011402207 1892891234 -459440956 1674432967
-136537047 -1589802586 -1120654342 263926360 -1475945612
1884475554 -1009437226 1325009944 -4168839 -2062771298
1549299677 53254015 -1467479829 -2115338306 188246777
-1906961194 1038459857 -1638979550 22158080 -856176095
-1815403791 612494683 1651689697 -1444117554 1030907308
-1584190097 2119151788 1545001659 -1582075986 -1337995077
23740783 -1426455163 1168132353 -310526441 -263266851
478700311 -1069591974 -1777038021 552093193 378848825
-1104484049 1184060764 -2074018614 1926211946 -792245427
-792526729
