10403 556 -818340211 -1365794629 -923262539
232309236 -410759272 677311122 -402214549 -1900836285
-831832850 -1250838227 -290438902 1625374419 262919823
-1120450275 636936452 -879309671 -640295756 -9446163
565744083 114746442 -271426733 -1423604703 -1938366619
-230118363 822569815 -282774165 1435184775 780508342
-448121157 -1169156279 -1299623517 -1691702782 1828252455
-1392263548 -1237037328 380261996 1264671785 1626443446
-1388218034 -658939016 -1477819306 -1765356868 142137675
1193963309 1187468406 -1658858956 -110299658 1322558269
720324681 -1420897672 -461183997 -17025676 -1090767297
-2046386619 419739207 -27871705 -1763733896 -1660165968
-869100191 569124919 -2019974611 267647638 -1968093741
-1957959277 1802767831 -1247289001 -444500378 -130823367
818800873 1337117094 -1770411768 2128990807 239086261
-1968555672 1634070161 607345020 -2044352045 384154873
407004127 1639248674 -126388813 502008161 1771530017
1703587452 -681709832 553521136 -2102886094 -1470505274
-640761778 1796356684 -1900352078 -413373725 -1920963387
196034156 -1923055952 -99424256 -1020953656 -1513981205
-185745847 560662992 1561455076 -5181192 318003091
328312800 -1730436798 162566072 403080579 -1836676329
-1398742246 -337603914 1179325786 -982952012 2019780928
1055172559 -98895006 -120823970 848196259 -805555766
73964833 143692722 409026783 1925323687 -1387986545
854146887 -1828148870 1738157911 -861995569 5249949
-786530488 1845001899 1039344828 890338080 -1372769356
-1229524363 -935652774 -762676902 1040652172 1946373642
1826790595 -1405731969 255946369 -1804106320 -1798428591
608341444 -1741368817 -540024040 1480083078 1409394302
2045706280 -1897561908 636368521 1211285602 -1055588514
1960503659 -1030984747 768599010 632817463 1300398416
357632359 242498065 544330531 875447068 353536260
1926610567 -1374233792 -51811673 -1142417209 1027349733
591728578 -1081299625 -2018458428 -1602482062 -946292106
-2114834352 -1427157378 -367510219 1580803273 -1915643731
1042915993 1232752253 578212618 -260662461 1558457136
-1996031608 -1996034017 884842552 -848057918 2047079737
-1838606103 1683759787 1979222645 1871790610 140100434
1318372764 1692654523 1739505431 -2072977694 -1897295591
894444531 678886535 1123978502 849363529 -644273311
-614524455 1158180786 1715574151 584227292 399639894
478682976 -2086462181 407276069 1621679004 -767502072
-1882453351 186269276 272275240 1257981428 291216385
-1918681156 1626166560 -2039388643 -1790226898 -954880619
-968885257 -1210260675 -2046010021 70754925 1054558623
-1516925052 -1393196798 -1854056992 1619880157 -205512356
960744935 -1229423948 404720525 -1770403341 -1926897219
170761673 758915589 -1598655261 1544397297 -380967499
1956443308 -1480105376 -1877988876 -1694954993 484816385
2005932512 1570886433 443421585 273821134 -515477939
1873988938 -280923487 -1036641478 162216224 646114755
-636525091 -620562154 1885521651 -2088607218 411648369
-954301440 1063904067 348951828 -505218655 -575629134
628317344 1469209969 1711989279 38406602 132056865
-1480445758 1809230847 -661406783 -204596800 1876683519
2048676415 608324355 1930797196 1199091859 876032754
2137864690 1324968565 428758706 1507631542 741270009
-467800000 -1554099012 -908731318 -923247757 1451580048
-359888249 1516164983 928486396 2010150511 1220124992
-387547814 -836378759 575814532 1127388941 -867045526
-1518272734 -820078324 -596295866 1224167696 402721314
144529481 1442277135 -845369761 1142557103 -1025320218
977016774 2000882077 793472516 1151530547 -91574525
-1305669829 -1426713136 24794942 983185446 389514221
-817321335 -602900453 -1013662022 -2070508046 -570002036
1034518315 -640175555 -125996984 -154411279 205151006
-812138220 -1707809968 -1769753088 743590685 -142266145
923683768 997128135 -1574969944 1108099869 432218626
-1524674727 -984655034 11623657 -1186466245 604200981
-1899412981 -44059031 -1034997674 -1502629461 -638130541
2079815972 2038774487 -25440742 392033605 858615495
-1668396991 922261628 423297900 1568890008 1356363257
1001910376 1343159462 -1379891384 1205416218 642883412
-944910720 -1741636554 -1453270434 -1384216479 -1199905568
-694521014 -850867901 1000454200 448102020 139628570
-1155070269 1458926859 152655858 1756788525 -1273298382
1859673052 1796677578 -1634193283 -1591222900 113641206
2057144964 -219344489 492004742 -514143547 1597935071
399528534 -530412967 1548265088 -13436016 1044376874
-1238671087 -934792631 692112133 1681960479 -1992441622
333208993 -1972018549 -1674501633 -814930502 -130423741
-1980983174 -1535547467 924243112 -859951616 -1022770021
1710521277 437396658 -1446710941 -563698980 784780806
35394211 -198494505 -2005263307 513086447 96279067
-281401246 -263199838 683198325 -289102833 852143473
-2057878936 2036713394 627541280 1766541017 -1824525719
822193017 -83270319 -428334445 -791175950 108311454
-927348301 206207418 -884103502 1308479915 1341671367
353354539 1224417507 123780165 1817356448 2017113230
-620377305 88040347 -1305137759 506487027 -1344487526
-327441857 -1841125025 974271691 -1118186923 -1673141587
521208641 -1517125588 736750604 919858359 -621085689
701131646 597990896 1692388374 1670842207 -185169539
448216717 1391894934 470472340 1822184513 1259971348
1706660744 -355207633 1969769465 -1359821687 -998201320
-690643886 -201707809 -1552957481 518048645 678876674
1875508537 -1157946596 1360623470 -1216335170 1972505351
-2055540225 -1191663453 -1005290785 1177328357 -1532088145
2079601238 881850470 541012892 1065913231 1133458928
1519841830 -215894492 -1845602196 1071314054 405552843
501763196 -1155477115 1413080876 -423671192 1782243172
-1205645319 -1066553876 2035309593 -377011784 -1873809256
622087039 -1817647102 1724917317 1490583683 664719451
1676341043 1403902327 -1232534695 -316478075 -330067766
1975125425 -792190486 994067244 1603791686 1653026540
746140132 1134094897 746864335 512735874 1974084873
5340825 1544336588 -1013747226 -457998248 -1745943120
1772264527 13081540 -1871540921 175803611 507458574
-465006962 -2118476838 -893400861 -907427745 -255114915
-306358843 -915670141 -1357603263 -735882952 1538985911
-1889348769 1962883539 -1019043062 905757712 1158056008
39664930 -892457462 -268116236 -126180224 -545786627
2075766937 390273868 835112045 1253472720 350465999
42942154 -1141593350 -1615313779 -1821334971 -398612283
-1834570113 -1309238366 678421062 -105240939 -218216740
-476196167 375996700 -77545986 852187865 78826606
-1677190545 -1914887768 -248199944 565075328 -305577803
-424357414 -1516552787 -819727358 -1954874616 -131504619
1690982682 1308383248 -1246407790 -1320992356 703110134
-787721727 1219237892 -1186425657 -2021566577 1138021831
231157094 1994016430 516256693 -2030819978 1147493006
-986131310 1184749774 -86631503 718439095 -546856414
1580363039 -1861907967 1299298580 -988657185 2010989389
993258049 -1983390361 -1946976769 -388500434 -1246926465
1101448201
