10403 28 -791781081 -354261869 1244004441
394996238 1390582467 -389565912 -656208668 -430941656
-304599298 -180256106 -1459312909 1781605430 469545699
640939886 1065669394 -497131448 -2085976453 439163113
-1316813194 -778716650 181100097 119537060 1632186680
1051043253 559732226 1816391847 -674111052 1647494451
-727901974 19457852 -1116171915 1917391233 776850805
-1620397519 -1374209304 -1952398094 -383206266 -6271288
-1774314001 1355791043 1391713506 -717554426 1223185238
-398825775 796442223 152763616 1705458310 1277853068
-1358340210 1085883555 1182257704 -988887318 -1185859520
-821437568 -2101077506 -911452086 -954201843 -150913907
-1547589853 -1385924141 -1847377680 -700271225 188999147
-1825306018 1880853556 -343308581 -298883140 -933152671
-1774220767 318308333 -2091484873 -1083730549 -1856000605
674420469 -1441845026 483919391 118976249 951957543
-1136306955 486763558 -936158994 1442707022 -2107837047
8381181 -717442461 143174667 795726639 660788507
315246791 1748487411 375424908 -916796487 -37233531
-1851336632 -20426616 -149229034 1690434659 1989837608
-1387181506 -110648912 109734206 -138215903 -1695237433
-1001288021 1453704911 -2102195315 61406142 -1490267474
-1343324794 -58343684 290357950 -367490589 1693704132
510360859 -1341737401 -1662019229 1580288036 -753566368
93632 -1070167691 672486031 1400172844 2031913534
-1109190886 -1117987780 1197199908 -1151205438 1988488426
-766133717 -451375373 402652868 -479508732 1367473038
503744507 -501122328 -2141603540 -695179953 1259292146
-186984916 1032525295 630153764 -26457183 -1005563445
2078121914 1949857886 2132504782 1802078581 1547257257
660076051 -928208805 1261999968 890654586 1617101410
-1391090973 -1092473571 -1997808303 433874190 1081707393
-1951093005 -1536924355 445424080 543226500 -431612754
373339446 739446775 -1634380334 1546090605 285995552
-644960028 1930098921 -1322928590 -2009925072 -119928175
131309262 1638339805 -108679038 50725519 -1518041256
1919400675 -1447109691 1297413476 -1887470982 1318806175
387772498 1184501781 404670394 -1995138511 -1129996707
236482884 -874612638 1825851357 902202726 -934210402
39508668 -843012458 677304109 50139800 325501788
1598967170 1300212200 -1533786267 -1397357297 3598881
-1627257095 -677188772 285407574 1279945642 -241783254
105387119 -1824804178 -1849451710 -1306776929 -528064145
92311278 1172677992 224415213 545107891 -21288880
200893921 974225998 570668180 -1107032924 -2125198277
1103113155 -811372501 755501891 923498297 -1435428610
1552562266 1683419231 1936781024 1925692238 220672044
-472535255 -923871690 932897254 1047955813 -1609436997
777059695 1207557261 923797463 -1578279286 307072195
-826706058 -1226468822 1851041976 1255799286 1059801992
166784231 -902327880 -2142062709 587676739 472921385
1050178469 1150291337 -741758140 273905305 -1933488602
-1743279353 1108689908 1401409558 638060583 2050200086
-419962865 -1343603782 -621476889 -27049336 493710632
1003854038 1586095678 -1125790382 -1701953854 1552665149
806015666 684648688 -857884535 -1307620584 1239263464
1090160668 1582608274 1444414373 -1069417968 2095231435
1881500569 -1927815542 320724254 906026719 -246295398
-950678276 629154900 -1716477448 1966138229 1429836707
2010468413 -434824622 1826737422 1377130129 -171214092
396313461 -624405989 -642650416 1830027441 206397864
162504549 1544459793 -105444272 193523725 -1476561104
-833527298 -153806385 -124273840 1238372786 748050355
-486964495 431093173 1938791280 1911007622 -1424030884
1513904305 -138524972 2014741220 217053957 -1260792807
-219661451 1638318824 422059790 -1802970475 -782359139
1024265550 1567408983 447445031 648100997 843750868
733918304 -106150397 173423606 1968656446 -1132183582
2060821456 1898320890 -959363391 1971510 -1016503294
1139561629 -2012532566 1150610632 550044671 1369173611
977864269 -1675038224 1344248103 424728152 -697927312
645216398 1967691441 153067421 1953593918 344661237
-579578509 1220612916 1479301686 1180334115 -2109803493
-642315370 2006502260 -858571170 -892551061 -167747571
-1166369495 -513451523 -418121439 -1098847461 1271442224
1470940595 1590503785 -1615191154 633137669 -812000796
1918356766 362521307 2050250686 1512600729 2062828003
-599767226 1311550342 1185339919 315464857 -545541538
1496434176 1654474370 -806910275 199016835 -1107341445
316923772 1426288087 472670800 -1763495104 853342945
291987851 -974661392 -1473463179 -1950627043 -126426180
-2040631764 -1888373256 1323674382 -978094030 -9733445
-584592491 -119461114 1591547478 77244691 97716395
19978224 1025490352 -341385501 1771636109 1792482072
-1449957953 158874983 259933214 -1980200709 -293982534
1235997027 -1000203745 307327273 -501517670 -246262285
1199336890 1718445840 -79045794 813626675 -230365710
330892372 -618807373 562670302 -383944028 1660820025
325302003 1818438331 -509674335 1822702316 -1159843177
-1118089909 -277000122 1916858517 2059294672 1752537269
-1010452032 1877588341 -896475834 -828312727 1990882429
-808486641 1044253597 -428722101 -301441103 -1139481518
1218065858 1612604195 -1254134980 -519497803 120249377
-691024039 1636507157 921455216 -1330082389 2136161602
-101921646 -649832599 617091055 1420905917 -1509545356
1196656731 -67297115 -761056831 -1351018722 -1246749663
1255385748 1806031102 1462619523 249459761 -525387059
-2098475378 420335556 880272165 1445575092 -407574238
-1115378476 -1049581731 -1447309196 -1335016049 -853084848
1828113007 852408740 962558504 -639600317 796130832
-431898200 -710055341 2068477249 -1417650982 86415088
683639158 1519109158 -1321953262 1792132034 438445064
843327904 -1370916079 1654220293 -1167530354 376932797
-1522764473 1576096015 -1791254641 1474060965 -1163278236
533486592 -1004967332 1099771279 -1808422737 357749495
-1953421486 1840459315 -195440275 1470289791 -2074115297
1042084852 -1213473447 -292177330 1855345671 1524779930
2082158915 1063433993 1216363633 -206303891 792295383
955511246 1064655559 -635080939 -45362942 1933413138
-1189373938 -766849965 354694757 -1206186826 352306201
955599495 -1925023666 -1623362155 -1971406349 553395490
-969064766 -977982349 -1189350380 625291561 -1287068868
-537537746 626109265 -1788874412 462765075 2064032270
-1531766822 -998207666 -904007041 1238412103 -1618785318
782378239 -894000301 -790163017 1283249554 -175828097
1882764266 994947361 1715214432 -305262452 141693798
95013662 -1550195071 1116832379 -110993300 422075066
1258549770 -1682039247 -123532499 -1514835660 -932874954
877898397 -6543278 -1880765543 1866896723 -348038123
528367272 817345991 255029635 -441637031 728927793
444354417 -778910769 -180189561 -1186001996 -194203258
1945348391 -1743681051 1282275500 1656038597 -1122421343
-1001291052 21020075 -235134659 293455920 -780251852
-109363147 -1908095600 -828152735 -1891216983 -279030245
2013810613 2086868327 478849259 -596832938 -1078704976
1737274124
