10403 440 -1765056472 -1036587030 1915439351
89263453 -2054830513 -1391289546 -1854244014 963224236
-1916968818 -765077190 -1193637305 -1107930963 1130162879
-590863742 1490578701 1915648683 1138611084 562057661
-1082468484 -1632509217 1784573955 -1531291631 1155705705
1706699719 -1325339303 548970241 1676358654 586323747
-574410142 581077662 22015577 -1318305602 -1396160894
1988498828 1600937502 -1513772116 1923186054 1229516869
-1599668352 214973787 -1945470077 1363392065 853789443
-720596675 391954107 -1447202083 864387671 1309497166
-596256328 148036711 480822654 1779875583 -1277430363
-1723651600 -1690615035 -764058962 -1156340523 -289013307
1625214323 -2141114461 -1796680647 829458773 256986649
1634175017 -161557714 -1029434807 575432300 -851909435
-468733230 -53088960 1238302539 504679514 -428913003
1625264511 309473665 1556005124 -358927174 -32382424
-1997568413 1704328841 -921470909 -47683301 -1304785849
-874597640 -1615216199 123413149 1803516755 -1352961310
-1126938422 147873390 1876572597 602097365 1982184332
-765361272 -2045930177 -1834930742 -1341445734 -1157975793
527961878 1820068872 -1850143663 421219687 548824828
-170326821 -1768409813 1454382673 -1024470670 -1070182711
-2102234846 -1970588820 535208311 -1860494442 1987358572
2117188379 -2051352752 1885108962 692578283 1887722681
-874186884 -1329823334 1190100268 1379090344 -1171979663
2022010748 -562182068 -2065687468 2046850829 -780790669
-1240584420 -875769239 1887683555 1159079046 -637163905
-1782552283 1419762112 318666301 -1146333487 802405571
569935169 -1990368864 -1076187375 -1343476949 -122647880
-5626032 1369978499 -234987489 1407358642 1993066466
1683083597 2145863580 2106761702 1825236995 -423156973
-1713717243 -1219945956 -495346144 -164233671 -490128990
-103256856 -1468848665 1093468036 288988354 -345786590
326917554 754621680 1572237294 307429056 1963509693
-1162560371 2070020790 2069932514 -454424766 -680099334
1087417759 -1797907204 -1367252694 733456933 1390677644
1903458808 566557548 -1334577337 -802844406 1755751288
191114737 1110982158 -359191682 1146131311 1515189399
2116401772 421865429 884137243 -1211861135 -964845297
680766714 -2066765996 -1419726833 442326944 -1347141064
-1095571213 23406913 -887854090 -395507927 1062160873
1780180827 -1691564489 -1625384048 -1901160857 -1902794202
-843726486 1449233280 146994966 -1928911635 50756118
1530229835 680479027 -1277505482 1311306315 -1361529719
-1224291678 -1013231194 -2070634204 -928340721 -260905689
-1663653948 1361443301 -1312938388 -631500921 601960454
-472339421 2081862209 -1351501541 -956721234 -1960034249
627687305 162368310 -414134482 627152406 -1266847162
-1344884018 -282889181 1607213290 1771593465 -655714928
-1033039843 948719230 -1143216455 1881336699 2039316150
-1690192099 -1188268410 122462898 -1550993141 -268899690
-790728226 767091406 -747827735 -992774728 23721913
-1392598700 1312758471 1731174531 1482618489 -1321142290
-204298798 626643242 -786616542 968714823 1289921617
1163880419 795838270 714611197 -1760964015 1264790653
-1989191738 316944820 263446677 -269181310 -1041387811
1002451149 160878577 281858094 1006047005 1797429298
-367342876 -85516857 850796542 1715618639 -1108040535
-69171238 -886447510 -1735374708 198449892 -1844435722
-747725466 -1494382512 -1675475577 -1539171806 1042080832
-668852041 892166673 -1993188324 2121462312 -240212432
-1700703495 1783463463 877618680 1666536550 940194224
-83268989 1727254267 -470682162 1548950579 1442515267
943899974 -1162534070 1294523110 -845861078 -797652122
1401026670 -489639111 1125150266 1655800499 116863946
-1009757650 902817212 295921266 -835027200 -42191043
2067086728 -1029890418 -1205374624 1168226258 548262703
445262339 76159760 -214877094 -1326012640 -181060775
-583025419 -1952643445 -1622895695 -824326973 1890707983
-191170190 1192893258 1946603935 1401041722 -606605891
-1057619089 1008174334 -1747781482 -316439362 -1920296343
2131517578 -1806796229 -973734075 1367776068 -444906272
250536612 -877811836 -1200504732 -1234387996 -1805745425
-1593538373 116590261 -705390403 1640829543 1078700266
-1655355194 1937229819 -216660724 -1138594411 349142992
-1487194832 -726849610 427446329 -1984890040 129683528
1625310939 1039393703 -1746085836 956435943 -1578830433
1124360534 1750438422 -602047704 605530818 -918724412
329147587 -1310425260 1335903425 265115850 302071246
-336346717 -1451454572 -419816989 -1484496301 1920875460
1279573729 -1683318785 -1849963219 -293079607 -581648512
1688643359 121036845 1484950645 -25064148 1109097332
1537729785 928735540 -817243136 -624188338 -1912573906
534579679 87352406 5794311 -126260731 1198847826
-1122998159 -525920686 -2038138548 -1886495828 -182211734
1090522327 359517980 185221824 -571806488 374853725
-1341653721 -592147234 1516937798 -117090895 -1352926701
2120486315 -457295672 596412830 -1451219316 173585508
-522421443 -1863741842 -877646817 1269563172 -996636921
-1025082424 893866347 -1327081083 226528 1244364742
-1742213055 -1876206854 1452001412 -1696886876 1971839327
213726729 1962585727 -1423549323 -1988286552 338484704
1271899467 -1368950405 1058180009 -944991040 -172522078
1960700483 -2115054911 963128196 426378607 2003464538
-357677921 -358716601 1387492617 7389787 -67494270
1171879088 -611022256 -1279428136 -1888209253 -1004028917
-499286872 303945030 -80975489 1913284935 -1179297888
-1217853699 245123586 382161068 372250636 1415332032
1614996613 -2113584385 -1842478745 -1812257681 1924134450
198141125 -1181779819 -1458272322 -1506854195 -976056439
-1381413251 -175769010 -62566446 -1110740248 -68242434
-673309563 1512104419 -1041417371 1214190348 798867076
2008219431 -2122907061 657517273 -1521957411 -845299774
1913321782 1292850720 -1690633284 855248559 -46210073
279056294 -80786463 -1794388422 1476162277 -1198237087
1675864325 -168186250 -1019183731 -1164371326 232995447
-1648572749 1007166404 -297392229 923790946 366019234
1966559628 -1531807581 -293766898 132323423 -1566952402
1636286796 -1604134067 1484799672 -476206890 -1167523798
-1977247505 -67042741 -1077984632 -323859201 1712173198
-558740976 820579378 881029134 577622918 -497016298
22759293 -1566070865 -1752547174 1584902913 -1291924929
-406034361 1540045617 -155120865 765339217 -1326962675
-2062491308 151340224 697912604 702808315 -141921780
-1717340689 -2138743925 -210575748 969270599 -745985266
1805870004 -516796646 -472497166 -1854824064 793412202
-1480738784 -1215252879 -674351672 2075998610 -43163455
394292597 1565244058 659378317 -1416537448 -223039440
1956600805 961913231 -770908396 -1501773283 83815455
-1824507869 -1815866783 284640413 -212780164 -1038611078
1028244296 -1890528674 -1929997729 -1536897586 -736601582
2067567904 -217485487 -244281212 -1431900497 -123909221
791692049 -1066639416 -158609328 -1267676899 -873682902
1700441570 109338380 1018191534 1717258872 -649482323
1837047688 -432132781 -1211284115 -1052036540 2109529614
-320744889
