10403 252 541942430 -2126738880 -2109281430
-24956925 945118959 -1355074277 -830296875 -814094125
483188251 2022959443 982396497 -130367220 611677078
1998052808 690499614 1820906442 -2029018928 1484448734
1237779128 745233585 1267416785 571974217 -1581124769
-794305743 1936324093 -1624689671 551338991 855487370
1537812152 1336017342 -538112944 461429776 -45364662
-692503484 -2045920906 2076501135 498914747 1531385935
440973889 -689784809 -699654833 -13290233 1737092573
-1269025704 -1825432814 1679355348 859826794 -804694922
-1334808468 564314514 2047387972 805459325 -84870915
277977773 -462365509 1052837637 -17935359 -1023647571
231710539 -557830586 282377332 -996885510 -1906143492
-1043839236 -1451369082 1506592184 -1124728574 -918589477
-2021490041 24640867 923916381 -798388229 1390340019
1200648347 -72224839 179048180 703239278 885065392
-1703302186 604069682 1334262536 -501198026 578608144
1344398617 805065497 -1388751775 2048277143 -34520855
207133621 -62407775 -1787725097 -302283198 -823049248
336194470 1844822680 1097556600 -1817655054 1661839228
658034638 -407242009 -805079501 -254933289 1206434409
220851295 1190240135 -462125873 1209381765 -1931925120
-1025641046 292884476 586683842 1475501406 1993560228
1088281162 1461626426 310109429 611895672 -1350409280
-1999515749 449686663 -1429838226 868484130 246378129
1087572130 1281143461 1279692875 1250440400 442830594
-1489318451 -2128017909 -1176843820 -869789413 664066362
2057400054 -78836795 1800632625 736746692 1052914556
252642827 -484710648 -993204377 -1036846823 1333100418
384737540 -1371518533 -93271347 1667971486 1663208001
524018188 -369237364 423812695 399654667 -615216726
-771695314 1435577005 1866073910 1645869761 533544727
824708868 -658541482 1452726217 883585247 539919640
-82607449 1561006238 -849262350 -185678623 507235749
114874528 -393433896 42884311 137206380 -313023085
-1840687723 1609824678 -1685101944 2144920471 1702836145
1672118994 -309943779 465274512 35669240 1761112163
-1902467889 2065907046 -92703702 -843149063 527427050
1875736541 955584515 1778674360 -1785217302 138969621
-61652045 -2031072804 -1878016189 -1838088846 246151310
46002413 975796921 -1965476852 -870242284 -3015165
-515926736 -113842849 320965217 -1419411542 -335422724
1805137315 -1011135227 1485238102 238740489 1197034916
-316916220 1859043967 765624531 -1332354366 -1604157194
-93677931 -1749821666 1902065369 -211816113 381210796
660449822 7456305 -741601511 278475700 -1401307768
753388735 -5731760 -1541222488 1878347847 -1902469606
1643453783 382314592 -596255558 -1865194159 1234838376
-944992520 955693367 71999510 -1424553739 -218372608
1872211628 -1829893193 1855411856 1190983064 1237997875
671448998 1988934471 1216589124 -217657246 854893885
301947296 1222506112 708429827 642765082 1785909233
-1940936780 1713797544 879805543 -586771056 1279252392
714809215 921522658 -16194929 313588544 59133682
1281322777 729621504 -1363187584 -130719305 943750382
-422837579 1467337368 504164756 -1382651873 952543264
248274440 -263950765 2042063814 918512527 -1196559476
297672137 1168713877 -1545335847 1050217573 1465585487
-843220793 -455558643 -1256877296 2138872985 -196368991
801025523 5517155 -1183508035 1572678921 1074329545
-1282118670 -589410371 -1165692411 397474389 -738211207
337440791 124703407 -107889283 66182848 -1796132439
1248775677 -236359041 -701016697 1298334277 -219176743
185861093 -1124806278 -1313391223 1425466109 800347753
999691173 -1734034625 1438105023 606477853 492993176
736916689 -566802783 -1275058725 62516107 -787945555
-1811524343 1147398921 943046474 -2087975667 1143016837
-1964872907 1216269769 -1301956273 24401823 1292440933
1546097120 -348825079 -965069203 -549158607 -1360262673
1156385648 -486166236 -1727973651 85298768 1443636766
-2000189262 -334964181 -1477855207 1734981222 263447326
1174253001 208831270 68817578 1416124522 1070053293
920513307 464468664 740692612 -999597591 1718218896
-1179868542 -500201174 -129083457 1491873661 -550482554
-1862239202 819658145 1262986974 429970386 118460558
-1276964023 -983760313 344085240 -991906340 53855501
496080816 1766106942 1445207370 -734586725 -1351060519
188633142 1451338518 1426073625 -1237916962 -77650766
-255848790 -104824235 599670947 98445480 -1939621180
-1935494039 506686936 -747693774 1673813706 -2136223073
-1439649523 -1088192050 -241215890 449844713 -419721282
-346854574 -679316930 -265037807 231514415 777835168
1180938996 554705421 -1904689024 -1942322658 166179746
528073563 -322921063 1089440694 47323694 540688281
-1482387690 -1156680934 1239905210 365284925 73545035
-1378120296 60631668 1407621385 535544480 446049490
724878490 806392383 1411612973 -1919113994 359136494
-80713487 -907678882 -1081372238 1430648510 -1449072823
-1706941657 1165624584 -1855933492 1820985725 350526480
1201204334 735916922 936529915 1369206377 1943642614
-543651674 836062457 726110126 -2072602590 -1802099606
-199076315 -1173447565 -191431400 -680842396 1194253017
388460680 1301136466 88794250 -23717681 -1652528339
423050046 1526564590 1665043737 233268910 -1614926270
-1020433858 1891358257 919016623 879944816 726705924
-2059857459 1735445136 -489574434 1683653010 -479066709
-672638759 -685731642 1805964542 -1458398999 2144250726
-1147783638 715804682 717358093 1791275579 -1147402632
-572063836 -440624407 693540560 -1607042014 -295790006
-503051009 1417132125 -2022203962 341066654 981793185
-1966192130 -1590537486 -140311026 -477814231 529631911
1203733592 997807388 -2140164883 -579525360 -888002882
104034186 482394235 2004169433 -1684443370 1300286678
1270723225 92442302 391478866 1540923914 -27390251
316449635 696369064 -651713244 1608056937 -1746952328
-682323150 -1047168886 -596294849 -719241043 821533742
-1875473106 -1637019703 787427806 -434113358 2078733278
712849713 -107578801 -1315973152 1550886612 -902636211
47703360 1422394814 -2058287486 -457333221 -1513650887
-1352825258 -476360114 1140592377 -799008746 -898457446
-1810876774 1730166877 329860587 35906552 1660626900
1956229929 -260007392 307369266 -1340659846 115731103
-358448947 -2055855050 330441902 500462065 -513775650
-874693070 -533908162 1883250441 -199557017 433042280
55507914 -1712490483 341034061 1210335307 1814770706
627094273 600985662 1197374465 1652041028 -669459931
2114548407 -1616710549 -1799764546 201440515 248693904
-75083709 -701386518 1803231985 472021517 -1082700785
184434858 1571276765 -1458682494 2116732737 1637848036
1523131437 -70291185 67421699 -1352056878 127984335
227729236 -1392792749 766419506 -645298771 617927453
687519147 -616755990 974515041 1695460062 -1627240767
545542380 -468612955 2071672911 -644298285 -421149938
-187164133 -185574040 1608494227 1543191194 1389669105
1379795013 502832463 461651674 444110530 -28362456
870510469
