10403 280 1017077348 388885300 -1855745301
588105612 1183239914 345683053 -1065071834 2133724405
-852577138 1759548396 95869580 728270730 1056840371
-532438340 -654050752 2007828983 1496448185 1910503625
1785858108 185605484 -892044341 -1973509873 1877917779
-1097778028 -141216137 -566805382 -622679581 1062906569
-1285658214 -2014242588 977184644 289001090 748601046
628323018 1384966369 -308176927 1647517990 982156754
-2008783332 -1508710662 -701680581 -1567067208 618302760
-1857532751 245637223 1262662993 1424765729 1847250680
-2110369332 369920646 -569894311 -1838641257 1009911545
154142444 -1213902117 -713693088 381685460 -683859391
573032884 -829501559 1331838329 1687042135 14934408
-2023288326 -639956069 367147136 1899682094 -1251872381
-1082875264 170253960 960127901 438022788 702102554
-1511097434 -2034411047 -458503819 1895563835 182470832
925389595 -93030092 1111544883 1146255923 438117274
1952237139 -2137559188 -960961523 737798066 -1829461021
-306136122 1590246530 -860623497 752805971 319942475
-1622003017 -926148672 -227424530 479117329 1808810173
-520534313 1467488413 139754230 -487314792 -383389871
1510550950 -1099096790 1120986083 -1885846258 1437519985
219963993 -1402232913 -756098240 1175564383 1840066761
1081280228 -925576107 -1090177899 -1101967628 -1474911523
-1603114738 830540475 -1444020717 1747019792 -41402319
690723350 1379680882 -231516885 183470704 518860270
-103232257 1616357989 1931864379 -1896433880 -103674880
1427927307 2032991508 -1423626584 -2052541062 -1686058259
2046067774 1154399919 -36478807 -1154556196 1113832682
1531720245 1072765997 1662376090 231202359 -257371425
327087355 1642440970 -927939286 1329944192 1007056172
-790694549 -678577504 1395850549 627809310 797525639
-483470060 -1295503436 -2083438704 -1771259205 1454189197
1079696980 -355282507 -1314974725 710357333 1644320580
-1376840980 -1608984464 136834422 -1268809843 208968377
1339723613 1409173831 -333087972 453413376 -925049526
1577278654 -1321667620 749316213 6615502 -537731612
-1938805871 -673189164 -549448461 -325711127 -1985506244
-1677361426 -640740634 -289636852 -1774455572 1308742995
-573856901 1675167638 2012898916 -1918886119 1584264937
-1226797892 -810352519 -739195824 1970165235 414685094
86614244 -584139657 -423556065 -681707904 -1432790689
645528587 534339831 -1711433373 186246350 1397448028
-1899239979 -1482218098 -1109277998 -255063770 409775410
-719809763 -552893598 -362197745 -270740729 -1711225540
2021241409 1042273130 -227192428 1057915704 1605423776
-1243068760 -1040655139 -1499418020 -2114125961 -2062380893
-1850990052 638927841 -1917690619 180945032 1009019101
-958658921 369816318 1267131815 -1540695495 813897936
-1455195891 -69781601 1061345255 1900285151 231395819
-513836237 -582225796 -428766838 259435806 -750098715
-117012473 2124983899 -1027997844 -1513120580 -149267895
2108718572 2142881701 -1742705355 -573201014 1768372296
-980973150 1835087552 1445316579 1440645709 1661743815
336782517 1441532732 133362880 -542575618 -1780578700
925104812 -568599060 -595336044 592139617 1596134290
-816022197 -254566274 1874304343 943292575 1503331542
158092794 466986872 1829716854 -1740293231 1813745560
371204911 -1900386442 558313377 -1330335740 -1064026352
-893112481 -567492892 788745237 -1497709239 925497914
1717374806 -1611194554 2115988517 -703565692 -1641101611
1358584879 -1281368086 -1569725508 1062199831 -2096903497
-97097577 1513403840 -2093157766 -1549408643 829520830
1940532434 -1036053693 -1987344856 1238035665 627258681
-1895686775 -288815838 572043587 1927130226 952959862
150456719 -645346352 208699886 2130068257 1251116102
647271117 -1467880605 -696545555 266564986 -727462205
-340543871 -163014889 1392913647 -1983013048 934349888
1192985377 1013183352 -1087757749 -937685046 -77816508
1485059822 -1162571848 1828145082 -1558807583 642678335
-455207423 1833264304 -1636395957 -1495750139 -611532677
719623172 203415556 -28260445 -1200404537 -210560464
-2010270056 -889042438 -683515659 -2112295969 -636661336
-1810131742 991531371 2018056813 -77660103 1912564380
908788393 291207134 -774529900 -799655350 2133135277
1717409046 -1048651398 777724161 -2092786880 -986705880
-1985937600 -1818039976 -1452912962 -1231773533 1597862458
-1912789049 1588511460 -2131654301 -1791487733 -316866420
1730235201 904995258 164535960 292307398 -29300860
427803231 854754558 1014365387 -989314276 1019073534
1333202490 -2021092019 -1869577852 -35245216 -24875455
84184708 -1404706328 686813024 -1928099717 -160483540
-86979632 -1371917672 574521555 1288578121 253988285
229263016 149628513 986970613 1868839163 -933512877
1404336050 343499627 1852653319 -1323241006 1627395855
1932583520 304969972 -1320707147 -1937996509 -1411622709
-1858524211 -1368572978 559915543 166498196 -1726069627
-1642003023 187606996 -1637816697 -268259869 -655619332
-416100808 -1729258756 1385311948 -1471038550 -449970995
-1451225421 1863772773 -1935513426 1859942377 -1916663930
-4375430 -200969831 -642835462 -419675552 -1473997659
1919313768 -762207944 -517971201 978169668 932054827
197727269 -1185670864 885134494 -1089398893 549493691
626753904 85762441 -843778043 -1181902520 1134452694
-1128947244 -1223839192 280000036 1284457136 -1593726811
-365676116 939691731 851332791 492448502 1030814324
-287695496 135023046 390434784 -957814347 -1793254805
526387357 1874119145 -1847835627 67081699 -2136755283
954342652 -851534099 293248114 221474598 -990394251
-1471858576 -858689020 -918254532 1028324674 -1465430454
-436578937 -1733684552 1973786269 -46293382 228331546
-2092360611 2109004406 -1797257579 815991953 -1758547816
1519379434 48718108 -1496251381 -1829345409 1507837336
-2025558011 -1357263520 707021390 655423112 -1772008595
-449046377 1550518980 418002428 1854736520 -2003029661
-1027653021 1079414317 1468533292 1180565735 1032348736
1678804885 -745929701 -1085530110 425909903 -310634903
1037606552 -1960755240 588808105 -852922570 1996867725
1133698073 551723154 -1908525655 96138559 -707374915
-1374889557 465411717 -1670516251 1370023301 1158290555
2056233493 -1670762243 -306611834 -480788526 -586132060
960423320 -1266033140 -1373236649 1204824901 -422465598
-81075841 1756492936 1213291858 -980769448 -1523257003
-1838630049 -1407276546 -1728458122 1250025881 509277791
-1335277481 1427288366 -1347136956 1292910328 992865782
1745751203 -1298236880 -751477738 1709867561 -1270805754
773618307 -1402221264 -1246942207 -1792712269 1790682051
-1946976226 440972662 635919034 1095372311 -1812739136
-816224446 -596585581 1257507535 -60865209 2036150560
193346208 825541071 1149146592 -1854912634 61659817
1311106531 222698103 -1445707127 -1060085511 -1057587662
318691105 1167156395 -1785728168 1293030809 -66420114
511597151 929926969 825495379 -2074378694 -2134907792
351018524 1972126538 -515934382 -1121726000 331760482
-1586224160 2139938929 96084089 1541503879 -1228794722
-616043474
