10403 164 1137851386 1072900546 -232569504
-1226243691 -8214214 1773067643 -1869461545 96653629
404166732 1772584046 993500120 -427612244 -1322676783
796894703 1420695050 -726683876 1780800167 -203319386
2040389130 828943954 -821175888 463338566 299619826
1447277959 2082757523 1400405412 1934417324 -1838290965
584346030 1012449395 -875456593 -173281528 -1111020180
-430698942 -1721985315 -271429748 -300256016 1912082953
75782566 -1072245259 -1085756180 1193058896 -373357684
-923292826 -496472622 379406971 2147049508 -1273281283
1814042814 -2068493034 1409266379 1519859287 2007097753
449320136 1982291279 475118476 -457511266 -645861194
-1518889667 -43658868 2033010589 294291158 66373714
-2120947590 1127565971 337787357 1838621701 -1743644194
-1341861407 928838302 456125057 -978437016 795045998
-2024935985 -1213492465 -2050233784 843808098 1725542818
923387029 672685490 -83951741 1140589640 -1722266337
-988433743 -1562965464 1371238259 1279803185 -1563315949
-1315693591 -1943877722 939972580 1129299401 -1632574991
1740663228 -1493127403 -66466699 807623971 644245901
-1839142499 1165544828 -1116617666 -720067032 1070567697
-2146020583 -1501838955 -429811120 878470646 86149060
1639418522 -33513929 -1515041728 -316789765 -1752428515
-1238458741 891553653 -903075430 -1010054118 1863092058
1257791348 -2073536803 1887361027 599885392 1191421559
1078330881 924405891 498805264 -1080538640 821244269
-55922965 -1902531302 -187105120 -412053101 2033415345
36246161 -1888704905 -1349059906 1514263426 352944294
-1174898730 1846910602 362559268 -1627989601 -905083836
-1122247640 -1955747917 1872389223 -271588299 -5256054
1873477876 182340215 62752086 1683155262 1968216470
216393740 -89338373 -1807411442 2041100282 -1814355829
-1377474241 -351715177 -97424622 -1239306340 1041968839
1067812398 2038117760 456728793 147317831 -1804294300
-2012514798 380615512 -1217328220 -2108816961 2110946361
-218242721 -1477356615 -2101307745 917563405 797306220
607476882 -1760472534 -1311776977 -1102802412 1851141465
909841556 1126935648 -1003687089 -734179334 783511000
-885548908 -1404810486 1572375180 2081819012 -1386321463
1465965767 1950773123 90416863 1904033568 1896105016
761999851 137152437 -1687076007 -142267531 -165731677
1467160151 1650494466 1483284980 994497766 550716449
1975032245 1064814286 -427796473 624207619 1226657293
1408624363 343992868 1192863500 1256768720 360701920
-272652183 -804556588 1691386317 1191955505 676236827
2139725715 -1229121353 1840724587 -2077679948 1380436446
-800833344 -825729170 2085219158 389371980 837421457
450504972 467302567 -1744567509 -867740480 1682647580
-1136891690 -509240233 94081962 279590522 1455716087
918407360 -1826124129 870090849 -28935422 1585742318
-274659535 1188941971 -393105214 714333649 1614337235
1231062755 -729992702 -480811738 -1816623058 900458321
1684397478 -2091298567 774828310 -237115537 36262849
-1908888550 1036335548 -137217526 1380282256 808623005
211287398 -907233195 2113668225 -815993902 1369264259
119546957 1971793579 503573088 -407495436 -1189929166
-1783427222 -1693692807 1831493689 222693767 -1634211592
-1512986611 -1856801279 1342613488 87477213 -551299399
-1846970789 1904640557 -2142065235 1363191893 1200948224
-113314751 -605873629 799639346 -1197337253 62213212
1211211224 -724215159 1251121112 -2094756818 -1843450644
80303891 1816142286 2060317702 421320409 -134257203
-1256236975 534944486 2078382405 -1458695819 -991845118
792704501 -168455328 -2070855912 -1397920802 -1088070200
1543621544 -1387442239 -1238341430 264707804 1124287071
-1304192396 1741135331 37699539 -1282424564 -1433251704
-1234872602 1852667428 -1464878013 -728752449 -1329614696
-1478067534 870456319 -1243543733 1753363397 -1640814285
-249550025 -1672385920 1965057094 -1847924401 1629941953
1049333759 -1734063122 1970080563 1564873244 302701875
876514477 2087912821 755226506 -222333554 -55277093
-229023100 1789252080 -821912161 -1771436949 -461178251
490991360 1795268127 399481161 1358321015 -255544450
-794080657 1333408925 1576567736 937161772 2126213038
-1138467744 -49014053 -951196979 1194495075 -969581288
-729346771 784900286 265253878 -328928036 1181246167
541323950 942258284 -542899007 -1179636187 1401792127
-1811752449 168344688 -887524497 322159007 1550541706
-1784896695 1277516747 1368354611 -1264961658 -929129126
-1427735405 -1150967341 -156037378 -982065693 -1477973551
-1150919938 -903548986 -113704941 -1805087657 942646598
2034829801 1103855840 2052194895 -705593464 1517446204
-1358508599 112672673 856951650 -141730086 1156239237
1480341521 221298248 -650519685 -1495338224 -1572103367
-1172157063 -947438813 -37111956 1444593628 1992989092
-2010220513 -2108347311 -1986214540 -1688450118 -1315917146
-1836341135 1596759250 -832488479 418859973 -1022523215
-1363877568 -265637643 1003391143 967937109 -1568079134
27089443 -6106076 -480968608 -1860527464 -184264298
-307560654 258108109 -2031386179 -1980094323 1705883196
1128392912 -1382231909 -1732877371 -1230231231 -429051712
579297405 1586327179 836953344 -2007970472 544508506
1707023517 -1721871758 -1345811429 -891926522 1251203894
-471673205 -1148499278 -1344680343 1314780473 2088021343
1096737980 1639153282 587425906 162660747 -1426937109
-59707546 53961805 -929752257 1894383411 1531542946
932040228 1023811920 1378148772 -1039416845 -218926521
1611775330 209555256 -242099938 -418003608 2057282007
2023522724 -2035136910 930427076 -2109975413 671880514
-1565747381 1771238289 2006798339 -324477560 -124260048
-2049901690 -1916547536 -262536053 -182681821 709032692
-198178872 823096346 -1084471550 -107806726 -1915035177
1803361409 1470336157 1654646487 1837580661 -1170978631
1717017870 518976614 -1526131120 -1454542073 598501864
-1074561625 -497377370 -823627398 126935491 280444422
-1046282171 2123351157 -983845909 -2020415796 -495242828
1598802782 -164159613 618467609 1177710752 -1118347867
66781138 998446080 1481536651 1711415601 463580651
1133837573 982108722 -1075325066 234759483 457888112
215594390 567572820 2016533259 1901788764 1086758598
1436137044 1879444953 1793084530 148645545 -629920215
787819254 -2090479589 922709433 1960919866 437385838
1359932177 1361127751 -1285203930 -2123977952 -118236991
1346244935 112216257 -1394966413 -1434093475 -1224817529
-1035382641 267650844 -1618131313 1621768622 1643106119
-1982710001 -471492930 1935339808 1671703742 -1963664197
-1403125384 -961439709 944884588 -1065047861 -1600410455
-769313887 577149958 1385190226 170502186 -822890628
228238733 -805284387 808803428 -14976654 681556137
1125897177 1365709729 -220014252 -1315727835 760501121
1211832484 -842728849 -433628062 -1338102653 1496794205
1699657197 -1071052713 -1709948011 743198075 -737585652
1944215066 -558152524 -875535282 488511999 1860270639
1772943112 -1856813165 1311636018 -61139362 -295072228
-1824920649 1495434720 1183246065 -996930459 -1950538291
-1533034466
