10403 48 370317281 361090896 1395645752
1622103484 620971187 734639172 464100395 156573589
2068809558 2120582645 -9199342 1628865341 1420467913
-1121722881 1858942518 -11862871 -1945952342 1077851266
834128033 -1725681065 -1488547117 1934577368 287503979
733824461 1321631004 981829672 288242724 1488399081
-2139536800 -937010764 -1896078212 1088578742 -1613844851
86748585 -630695265 -1335007986 -202552942 -1631565288
-1891090996 1042873478 -445849410 1387923125 2052857871
1279815231 -87285943 23510527 966112734 2006217120
-1418273302 1858098513 1832494553 -440920009 920469700
-2006739836 -628755896 -877142404 1032759881 1819754412
400477917 -1376930871 379285727 130504216 1368720813
-1609385292 -658101104 352662763 -1209990134 -1373425116
-188573937 1655977108 57907996 -717259884 -1767660201
443871699 -1309479560 1390812632 2083011621 65256879
446058923 1967467661 1518229255 -1078018248 -646464986
-1769320903 1562246498 1401844418 1620744867 1067121080
344766381 1760351434 662546622 588143755 1450712361
1135738071 1002747485 790537107 1368731257 -1219606678
1986359085 1182575752 -648172837 -255731042 1478739727
-255666735 855586166 1881828020 -1568795239 -1860197193
-653981609 1607429977 1535198617 -1551274499 -1774925910
-1192475799 -2019773638 -789610471 564051120 1289356424
1807855139 1268759069 -142685072 899927272 827787608
125951358 1362288098 -1692385868 -1763773860 -168298373
-1977412873 316305497 -1006386023 1436087222 2078842582
547181768 1023522060 -832114215 -1991823692 -1752053715
-2139845081 1742306595 16136832 39921298 2019749565
-1103885693 -414442553 -305404732 2129162307 1674875908
-1468790179 -2017144763 -2131846731 -1029854795 -1270266270
2084388611 836753821 -1277307481 1373455613 110573722
-1190482426 484518633 1310966640 -1284263039 1317654191
1705224848 -1806087296 1024862319 120216167 572686670
-649384168 -1569607321 -681550228 -1965666692 -2073129204
-769197957 -1406965728 196845569 -1776192742 -620799506
84954687 -755406310 679108555 1009683619 -873520264
1657641604 1455508678 -538181308 1290168002 284012680
-589638656 101740523 -147428629 -1773596454 1078821147
2142911770 -1663926262 75296771 -727804681 -2048538508
-933571865 1369966273 -319123542 -61795109 319504306
550705671 1691126019 -70275087 -400979336 -2074635006
-2099504462 397950523 206280650 -1124581194 1364220097
-566359776 1115556573 -2056987888 -501593909 -1485985112
1557284101 1449644434 -1557289792 -1757228821 1759331873
-949170450 -1193065502 -440662246 -1014748365 -410078899
604832709 -722231672 -1236186405 497218044 1025472636
1963207046 989655346 2045270466 -648483494 -1320337441
1057153687 -709529972 777126286 -758278181 -1932485175
975678413 -1416065735 -1975132685 -1876688204 -879927020
-96276706 1736996137 435700202 -629614348 562986485
456368705 497952133 -1099536988 1976710564 -794272665
374799040 -1675416722 -1266080814 -909973310 2024637777
-231543696 2054543540 1265803742 -471377340 -1075855419
1245623952 -1964031407 927221498 -794287488 -56920573
-271589660 -1108125469 712615434 -1773374145 -870148212
-1713424718 256812797 -658034021 1530525078 2008292273
1198842893 -898107935 769242313 -1626854947 268803398
-2131427438 -957325796 -1662812754 696565184 1278348520
1112543817 345476105 -1928655991 -2024852170 -1709090969
-1387711454 -532301535 -732765644 -721276743 -820363882
-351144913 881024996 1081705877 669297283 -2082338613
166476287 -1509932212 -385683855 1450514481 -826429560
-848931889 -969542597 -1220451016 1112044896 418042157
788095755 -1633077822 1821392125 405815381 1246396380
-1500193755 430055114 887830879 -1958928316 -464267107
-1085771743 233976271 -404319488 -1126695676 -808735098
1379345756 608711280 -2242130 -1662268443 -1021699667
2045460668 -617578599 2031733529 83653235 -618452729
1650151679 1767054199 -948569266 523441769 1196056067
-391032715 -2127119136 -807922686 165077242 1885725279
-1280550882 2021599395 1774566791 943739836 767462501
-912748876 -1745570285 -36312741 -308295154 -334762139
1399137879 1182448601 -996052475 -966507589 465518933
-43485328 490824967 -1007417192 651251209 -1009833652
1270816814 -1010949698 -1684148847 618680350 -748403210
-229785667 -98818604 -290865152 -632437780 1545559002
-1439180617 -415643822 -593596220 -730987011 -599555006
-696042290 -1545128946 1915659960 1498987983 514849620
-1482326548 -785717209 905815334 -355198000 -723794122
-1172964991 -638387122 1670361443 1405500589 481186428
799289574 -2064721757 -2044532857 -1384544626 1631117890
2100776976 -140141317 2136128409 1675908638 304092778
-147910613 2078921846 -1212924463 1610061595 -875529094
-316736854 -672059363 -1516931633 -740619683 70104258
1129235407 867881306 836300025 631846755 1909736709
1903846955 -1805307381 469299784 -1157853589 1828473757
1378026245 -1564794359 -1750944650 896687466 1972740431
-6605031 485237550 -1100515367 -916833947 2133556687
-1094319523 -1583777453 -858242477 -1014465695 -792690657
-296272421 1129190304 930060806 1030828448 -921076244
361443004 -333462712 508738744 1090510512 2072224205
-14216318 -1966229575 -578867716 1328980530 -179061645
1753088691 -1254682393 -1227347227 -801619759 -1722126039
-327409622 131701991 -1312969199 -1791726624 1011472197
-711287267 1844942989 369386561 -665906711 7877168
-2065566996 1824412960 1007842001 1732280158 222987897
-2006434616 -903769087 -297507955 -744804778 1409715331
-1528755938 -1905890853 -719021684 278785094 -1343230252
623979393 -565057921 2010189455 180064091 322816833
2077586904 -1132006603 -25923990 -154573427 -912954473
374739766 -1286605588 -422618687 -1223692251 -1792773403
-920558742 -15370018 -1566280491 1449516301 -845440259
2037592829 738252660 907092925 368010409 231534126
2137226284 2082754004 282785497 -2004293663 -22694686
-1971749832 1526090011 150026303 -479809778 720116252
-1094443904 756447478 1041601080 -2050863039 -525947592
589173967 1769473978 113331945 -1679110475 -1563525017
1640353307 -1752388949 -223838501 -187729281 -1039818728
52367056 1764220374 -328244897 -168651996 -1387548186
1939869629 207810312 -1857709827 -1550326208 224419944
-778360515 357927109 -1662866810 1803202583 752034709
1857077822 -508202787 -933313538 496972392 2076601845
-97333870 -747007232 156591257 391762334 -831239724
-2086318314 1807614212 -326547591 -1488113065 -1353682401
-1427223740 -1795627434 -981603174 -288024233 -1211450612
1692784828 1652157038 548226223 -119683262 626269269
739337771 262278215 698785522 971677897 -316930316
1979205527 516936959 -1075571083 1765438999 -577212387
-820673799 435166858 -2100477356 2095298809 -352134658
1507825242 638630712 1303025966 -1536866140 244551828
1792327347 -978662043 1049753630 599749095 -850838895
-1384235299 -1401245519 -559951814 399692408 -1273814953
-1008188375 1367658194 2020397465 742425740 -1123619510
1095040322 -812020257 1583008452 1275155895 1149822998
2027282687
