10403 168 836679944 -1036092579 -1276561683
-196826614 -1046616953 16659699 861632075 -528535412
-1760440792 -1681749424 1962899562 810955832 651535035
-362332425 341300415 1664654054 -322318889 257871446
1542429218 1143564273 125536461 -1016383672 -1526701666
-346179537 495353421 -317252601 -1372501255 -2087632258
-1343403081 -1521446059 1015235246 1350996555 1541532246
-35562715 -1120169177 -801122677 675387263 -1834407957
-188160902 -312351384 60624258 1674541921 -76737810
1795661241 462457568 2137667930 -1074921137 -928123531
-1138927246 1185371624 -645408548 1545689614 660478786
-243496544 315221328 -1258943918 -1661008926 -1927334151
-20726209 1360739190 -113007408 -1566027022 993225555
-866750570 -1276572663 -1741537176 1797162616 2054137822
-852077311 -1916706396 1881657364 -322350197 -492957025
837100681 -183835238 -702573087 1219712947 1820814524
-447401632 1434763598 1993428925 -923452329 680657552
-1111109565 -769893859 305518012 1579842530 -1958139896
-849914168 -189501576 -223479837 553067567 -1528110717
173176618 367879524 494048276 -2082677003 -1725014748
-1423446095 -663891273 575807563 -2107128243 477068813
-679109517 -1745424513 -761358320 -2105314072 -627118980
-1106094899 104866479 -1747301643 -1082433473 -358344587
-1769000302 -2123433010 1697252350 -1255419490 -286159717
1229843566 -1382469645 1332581060 926484575 -2113120209
125399138 1802297294 -1114096783 781520401 -1940267383
-2035324719 886877546 -822813594 1744831389 -2058200968
2074163424 -1578249685 -371399072 -2013028959 -1974519867
-439081676 -689855582 -49329280 -124482307 -1266648892
823231043 576492634 -502892516 1576560712 339782247
844036101 -853046850 369788527 -1117935259 -1178496923
288406015 119603803 -538059452 1656897634 -1406817609
-2143920363 -1218178502 -871062547 662034926 29180892
1594781764 2041218069 -2026589657 -1756683696 145049857
2096375325 -601696634 746081368 888496605 -1024782421
-601327553 2059755356 -76306628 -217103152 -1992848060
1847580826 2082543958 -1697300934 24493687 1889918671
1972840913 1394433812 -2089587274 491116554 1398892903
646384316 -2000463292 -194194945 953340595 1130696299
-1248413283 -1003023828 -1199902122 -1294692511 1928946687
-2109754315 -336518354 1203393867 1766002130 -1371112338
-878132103 -1813792924 847128678 -2038961824 1733767210
936057700 1137956422 835055821 206743131 1444632292
-1341238110 1360060400 1343453803 1779919747 -1658636196
-1282094436 -836307464 -971770600 2026779820 1301622507
1953636468 -1891575875 -1118453831 730711082 443524460
433952658 -1442607691 109197543 -1543088399 1210107694
1985214292 -421647073 93495111 -519716168 -1819249495
-1276981240 -951023762 923764789 2135879916 1409811726
1292554111 -1281912277 -148195729 -1925099399 -1516776682
1190042820 145233466 20266716 1871201008 101945379
465889454 -324570673 1013907634 1521562486 -1642040469
-1136102155 -2070687274 1542976016 -1167113690 -1993356363
-675545098 -162109878 1072899335 1029140506 402191272
262125351 1992489057 1986895702 -1260256647 1219154476
532928898 -1767441927 -959211872 -1221446076 2041527976
-1068123121 1981000520 222641224 1799431616 -571162037
-1825087376 1530519585 2138575522 1945047406 1327457222
2094880771 -201352910 1774814892 1873934510 -723578535
-193924685 -2127698411 1348666097 -1807058093 -774951761
1333925984 -1248023780 -1651003204 1824774245 1043280557
-236280335 -636085806 969929753 1091549591 -759457216
-1327715958 523440107 -1716062740 1172412747 -1794039314
-73173713 461799599 -130053531 948975431 -1903909263
-25548476 216419320 -1170694069 -560152308 -252401515
-837095087 318461730 -1606978085 -730221108 -1509683194
1468859610 -934158259 1502907242 301069843 1588940678
1909897234 1921247339 -1069982782 980808971 -1293728459
-1995566868 489249360 -758943057 936656665 1615904791
1481612323 1341266137 -1525598522 -1215782546 -1060508650
-464315248 180215801 -741676277 -942055484 -727239063
-560178961 -2060699678 1772552177 -996619672 272934555
1526534579 -1221463824 -1719532033 95309257 1132877828
-1437105213 -1300306349 -122402323 -1916685620 583479126
-259695706 -1578059630 960002444 -1024270813 770137856
1892066790 -1636811608 1811352986 -1671243067 956293991
1589109581 -1779159500 -452382328 372947102 1708361930
-159942658 91774255 -307705346 991377521 1186345509
-940369725 90950741 1388823803 217615724 -234934674
1947798624 1429506306 -1507324677 -1574431651 -630665413
-1338753812 -698089263 -526034582 206502779 -507969193
-2016757936 520125862 1481856536 -855153962 990393386
1206959420 1939600747 1873135591 490810797 -862276159
916175362 -1807574830 -1206492054 2032969413 -1530229101
182947937 1734271900 1528233966 -922290407 -691142180
-1787144057 -1907289360 -750487891 534672356 -1828793886
1921549162 -18083038 573195233 -1988075082 178005143
-453936721 -1554699287 1087245945 -1320752459 -545292867
-1762157042 -1879852252 385146338 -607150927 -739488736
712326832 1967476072 -1658227857 1301461523 -1910744167
-1772194116 1370798920 376369137 493987010 1340827360
1875261807 -1179364019 1946529469 329302638 -1744867574
-1116490007 -2142360941 858128743 -845209426 -652774235
-353825930 671942531 1932841537 -1999975671 -964417789
-657338306 -1415929258 -1538932335 -1221021303 -441902958
1569841501 1422556474 -1647363018 -566336274 -422065169
1334120897 -1904056457 -300824688 -724030211 204148798
-940292699 -38936285 823336980 427143435 1345769537
-1065572786 832672604 -1666709464 -889120068 -805622623
774911546 1391500623 -1531745831 446589073 791993421
-184768899 297879838 -1792530536 1733570826 -1830401863
-822213877 14900885 -649749122 -318615239 -1955099134
944951732 -1685303914 -924394696 1015191943 1205815612
-2031825312 704898990 1458794871 1947674492 -161372206
-1001329354 -1179133506 2014375354 393663557 674369082
1859383924 -1163019625 -1610206281 -1877732540 1510086874
-491928663 964297440 -2010970011 -1276635316 617270838
-1643261230 764875707 -1615952734 413702373 -630561521
-2008119290 -1041538861 579098768 -1661156638 -1396247105
818567623 -1138727574 -1520969221 -1295920483 1321628389
1680439484 1817922821 318587119 -713541773 206253280
1061333789 155017276 -1779453554 -527910425 1201126494
-123283579 456941256 -527064828 1817395348 554670225
1807673137 -1113660665 -568782223 -1312275629 1246568351
598187284 232847844 689589721 1792932642 -556760721
955893565 -532294219 -85924803 -576599000 -880863675
1253031440 2094304063 -1378403465 486098051 -2102606132
-1662216975 1866185501 370355915 1863100215 793242856
-1237257150 2003418285 995205211 -1951124329 556933563
266687662 -833797172 253432547 156165773 1493050791
762800675 1815984620 83529499 588728164 339450200
1456453222 -1090989009 581145478 -301137124 -1007816903
239296241 -1440151012 412176089 1309435149 -616915849
-1146739681 -914987712 866215891 1058277156 249584841
635848788 -1642022489 1473771981 1980693755 1834146825
-1161344807
