10403 500 230613422 -885166247 2038228331
-838718246 1809950108 986294687 1429957621 -929043828
549945186 -684179651 634255287 245077086 -1487115880
820456699 703752345 227588392 -1513267242 969182289
848439043 217394834 2051877924 981029607 -438614211
-1599481932 1778785306 791824229 -376808961 -311446394
-1684760560 800230067 1872251217 1687439616 169708510
-2058463191 537317339 -886272790 -163087732 681592271
1954863493 861897276 1009121042 -1048609779 1190737735
1344550190 -1520720760 -900607605 -997881495 -498916552
617893350 1013733761 376352019 -2091947326 2089334132
60065143 -1314820499 159539460 1177916458 -866506347
-617447889 -245540042 -1629682848 -275879517 -99460415
-950201680 1621659086 1545593145 605953355 114710266
-1101686788 -1666369473 -795229931 2037221932 -595855614
-1921092643 550944471 1103047102 -498971656 -2075942949
-887401927 129586056 -1613802698 379597169 -31306845
1707457266 -1026565564 1413465351 1625177309 1709668820
-2130879238 1855464517 -406285153 1661105702 1189999280
-604684461 -1246770575 1878931360 1791729470 -1093900727
519373563 -2101099830 -84663252 2145508399 1905800421
337837468 -1547960334 5282413 1309532071 -2041470514
-1678293208 680856875 -885751991 -1281072040 979771654
-1060283167 -1218159501 -1669887774 -289583020 152122711
2127144269 1954879716 2065196234 -196409035 1289314191
232553622 -1024314304 354665731 -1253996255 -1308245488
-1178678802 1508973977 372451883 2137651994 1596711388
575715295 -533860427 1750997324 1722142626 -436148483
-2097764361 548274462 801754072 877628731 -1847014695
1882973800 -854739050 1933476625 -2097050429 -2050136878
714363236 861144231 -1263482371 -589388812 864451802
76148261 -1847745729 1281978566 -601567920 -1351879309
-1881759855 -1754140224 685667230 311225705 1947252123
510236842 1662207692 -1799968881 -35347515 1493141372
-1302612014 785798989 -688257529 415110638 -1387487032
1876815819 1777961513 1709160568 524498342 1546698689
1140139091 -1893790974 -1598190028 -1806562377 -442131539
-116322108 510338282 -202200235 623992047 -1115983114
1740193312 769754083 -1851258751 2084443888 -1377012338
-1269384455 -368969589 2092662970 1102009276 1560791295
1841257557 -1386993812 825251778 -1493016547 -469131113
-1175560706 -2012828232 -1789894245 -18028551 -1220546744
-1803896202 249459633 1338600931 953332402 -1159770364
-476482489 237142813 -31008364 -1775985350 -1428356731
-788016545 300184806 -811579536 -2016917357 -1803893455
-1068215328 -127385474 -1017996535 1907752251 1333084044
664749244 1204167474 1794557504 638514356 -2094392248
1162321338 326441488 1819483372 926900564 1247419154
-1748843104 -327347508 -1316447648 635934658 -563604696
-1420885588 -1150819012 248497010 -1782106832 1868767012
-488360648 -1842088230 1910986640 1269523196 -260260972
-841120702 440085760 -1395347396 -567517872 628323490
-1813771448 132054796 2063851228 206686034 1737356928
-1799393196 -1783802904 2088569594 -652346032 1392641836
572214132 361472914 -267879840 -965267572 736618336
-418173982 1931979688 1359015116 -1376069124 162078642
333114864 438496708 -1358577320 -1022839430 -575582800
976004028 180926548 -1744048190 2067400736 -1138155332
1906850384 -11274270 1724960360 1442049612 -2069292804
1009745906 -610888448 -1319695500 104318984 -1697936966
-1709101616 -1465048084 1504730004 1451813842 -1336422560
-1807337140 861786400 -1704030334 -875434264 -1819121428
-1859879364 -1588079758 -1099696528 -523138012 -1103528136
57843866 -1920960816 -2081745732 -715523436 -1539650942
-1343024960 1506215228 1501288592 -2118943198 -763291128
250885388 185926300 1092670994 893329792 -275832300
-1612333528 1498046778 -1182770224 -2041123220 -486405324
1634398866 2135356768 -1486719668 -1192111136 -1337208926
948653992 1571688332 770812604 -862467214 1925497072
-884245436 -2106090152 1291145274 -1523371152 1925764156
190024468 207035842 -113062688 -584935556 -1179404592
-2062951774 1118237736 -492666612 -1362986052 820213042
-1364711488 820422196 -1062642744 -18344774 -603035760
1177774572 1516991572 -646989166 -992404704 167969228
-184685600 -1133979966 -1540508120 -1093874004 -731498820
-1194581518 1584789808 1812564132 -2140493128 -1625936038
1355955600 1257377148 -1070911212 -2000380606 -1971215616
-1829377092 352412496 -1220143838 1661233480 1480805388
-1573122980 1656599762 -1249733632 779495252 1275447784
-241329158 -1663366448 -1432083156 -440173324 -1996872814
-332592032 -69363444 -1658098976 817534306 -25766232
1857433164 -1968950404 679149362 1570775664 -298004156
62433240 -426511238 1711659568 1330032316 1898856276
380505666 604454816 732019900 -2076724784 -529968798
-427939864 -1132266548 1281183484 -1258929166 -101944192
1375731956 -1176035192 1434931514 526185296 1751351404
533683348 -1147017902 1273574112 -506319668 1198152864
-394764926 859557096 -294277908 -1895684036 302992498
-382452624 -992742876 1753208376 471142938 516756688
-1341954500 1662836884 -1389646718 -1207759936 -1573719748
1992896144 -220462046 1966436360 -128682868 1770161180
76116114 -1809479162 965236804 -1086563979 1689828575
-726204360 -2104137706 -1881548765 1558734821 -888937982
1203748976 -754878951 -1266538485 30319356 -2009861334
-1806092961 -191599383 1278716926 -255059988 -1861127363
-2110685433 -1973512464 -1049889138 33468603 1428919453
-229701558 -816350616 1144329809 305655107 769678404
-1952551182 -1550887225 -2031911791 -1321225706 1158373492
-2012331259 109414735 1873615688 -1648149786 -508007405
-1141492875 -1267055790 1402655648 -555927927 -753155397
1333180684 1598157978 1440754191 1117347417 -162434322
-835593860 -374060563 711227031 -2050494112 -1516952258
738596363 -1203940723 -315879494 134684152 1885223329
1468358483 20794996 836022274 1732881047 422884449
-1295355738 -27713372 -1196009131 -215709185 390500504
1069252022 1936004675 -1900143739 1043349538 812856080
-909295943 -275852437 773687900 925288330 772274047
-1656198455 1650434910 -1175349236 242657245 -55610649
2016537360 -1938939346 -2034255653 -1309219395 423506730
-449602616 1884281073 -25586077 -609705372 1547493778
1213468263 -1344369103 -2085285002 422348948 -701131099
917009327 386900072 -1465654202 -1340157453 -599528107
1004320562 -1355801856 -411050007 907797083 1855872172
-1609063750 1021782127 1016292857 -277462898 516491612
1561518541 1448658231 1363244992 -898060130 -222472853
-928305939 -137810598 2125757976 -228361343 -528973517
861744980 -2029155998 2068210167 430060097 484771526
-644691964 -241989707 -659801953 -1079122696 -110228266
1556868451 -1049941723 -1561334078 1540553648 1571669977
-1313689269 -1170057284 -2090217494 1310668831 -823435607
1683210814 -986116308 1501165949 1748821959 -1156157776
-1903231794 1571661307 1378811485 -304248438 -1222684248
794504977 -2045047293 1414916356 1217199410 1469737863
1331984849 -1156189354 -1315063500 -542537659 -1614409585
-279511544 1128161830 247800531 -1806371787 1502161810
-1558442973
