10403 400 -221045054 89497044 -302460235
-569489043 1318593677 -1023009929 604269022 1972088976
-1577028402 -1110851171 1171526272 1567196547 -1387285548
718961829 1149578062 60063712 1975891675 1097281089
579044931 -519735028 1543813049 1675234143 -1300000229
1148019396 756565528 -355982358 -20326153 -405211695
-304931026 553901179 -860971311 1366370963 1078607322
578197939 -251502852 1706881948 -1848413029 -824962920
-263090721 -180450263 -959261910 1071188994 -216646772
944415505 937391429 1927932649 -2091844046 2056999835
571964047 -1369686306 1125544486 763721121 1251510526
-1642383038 -2049314936 -1142112364 -1217854676 73264241
2147030752 -1035993952 1671649367 -741109849 -1803066239
-1568522439 -635663107 499462672 -2137037709 1673370725
-1301345122 355806476 566308613 2127195257 258979200
1724016274 351903278 505152775 -2058359808 -210552607
978987335 715748774 -1508463720 -1534458352 -1832327048
-2083024259 -1475092556 1576435313 1417199379 -427890372
-6941614 -2113837177 178363682 230383857 1252772238
-1722833016 2062117320 561625525 -1534352642 139282930
1318264389 -1249277760 -616439148 -1608341833 102416301
-803699402 744094332 530364269 -2002277396 23278617
648740093 490625675 -1489878825 686487339 -236686308
-946794924 673314858 -1393136626 1307104971 692452142
-997640526 1146243619 1104373798 -1521052360 594982546
-1374427988 -1777242432 -613911825 781870346 1185541559
428434785 1412209068 447476112 574185759 856527145
1736093335 2058200094 1513578724 1298351834 -1480589482
2021445879 -1309155216 174755732 1430933682 -1632194031
30300306 -791480609 1943387331 1382483743 931760516
817391099 -596272966 -745432099 627078610 -132997372
1646862155 212133015 871962305 -1030194019 645295196
-710222447 724422637 -1917868142 -1003524803 1398635175
-1714818736 -1641237422 2109186804 -379114199 160354927
1591016174 124793394 1261566824 -252560706 215839911
-1621851477 -1020197547 1694862533 -185800187 -1829805694
926372483 -1892455013 382510214 139253846 366272684
-884268793 -876437473 -1115252644 1164948768 -1756950462
-675080840 -925781694 -1834897787 -352085054 -982938206
-26138289 1506129922 -1985661620 1389623483 -1582069549
1519444389 -440760378 -1746380176 -1451070810 1552863640
-1328305277 2026555177 -78203487 2113202799 86628755
-967468930 1180967468 139244196 1977618647 175064812
-1811298369 -564084342 530594118 104076846 -597958703
-1273740619 -2020230435 629584414 -134113551 -275076596
-1220682844 1515183178 -102298051 1992809116 1027103919
-78909708 -1222628914 -619028516 245855805 428054817
1755135593 -860622946 -725213376 704582236 -1824821472
391929954 -1416517375 1259165185 322021819 -416708348
2081185302 -405382983 -1645793996 1205100617 -1751953786
-217658801 458619450 485503136 -1313758442 -1898813570
-710353210 -1041524944 -659321883 1860908236 -1221005253
267336814 253009865 -56830324 -322027969 -301337447
1528641014 -359208690 795152996 -1785667835 701384043
746196623 42027941 -834252498 -2119825750 1004043043
-1401075265 403361148 402552945 1211789911 2124882177
-1831274582 -1067307127 -1786777304 -1392957875 -384184045
-602956480 1163950555 501056896 -1777082788 1379205818
-1322520244 -630885604 -2117471511 -1580456992 -477782953
-447478278 -963877321 1445449937 -301746115 -417167126
-1733224415 1253814144 -664444516 -2013677583 -1430976456
-940682117 1585059776 1602160967 1537666561 288677476
-465854356 1400663922 -1075220265 1319454855 1250625937
1131720635 -1373670719 -600986529 1740974716 1512084392
364248492 17515626 -1148663727 -326775245 -192703115
-1229501103 2083082294 -1734515893 -1632200835 -469556995
538770912 1569350990 -392664207 1683929169 1543372406
-2143119574 -1030460510 -1048383534 981492244 -194185160
875622817 -1088161745 -959357128 -398794398 2120478484
400862946 804922766 1317570630 -1054621010 -1023114451
1802518133 1414281134 933032575 711426027 780810867
982383642 -119628713 -1225740029 -2034418684 -500583533
613371912 -1967486537 -2133232946 648462560 -1449059529
981930610 -1720766097 1878167429 498575869 1800341085
1106801510 1609789039 1253186036 2025366370 -1310403495
-1716758504 601175503 183744421 823385500 1571332820
1131593249 -1075395896 1722897197 -747528630 650858371
781610711 989871879 -800955931 2026555973 -1720265947
-100819081 278587532 -1003802776 -1995547409 -654023221
-640910557 -1749650887 1814722274 911600077 256452698
-1691770853 58630410 -1213609493 1055939443 -613862516
-1240599718 -447878092 1173118634 -59136211 -943640312
1369355656 -2030900537 68902620 -1922193535 504976047
1524822388 764968935 -87467437 -134132003 -796223358
-1322911380 1251864214 731694732 -264641378 685565857
-1962162483 -1231315448 -338894187 588168264 -1996334507
620937045 907801268 427866130 -424461145 1453267832
209547793 -858062432 972933750 -1969772135 192377267
1414698716 280928241 2093737812 1560688001 1618470834
-823372962 -1866058732 531014015 2005420559 -1980615951
-342555365 831113636 971068987 1125093770 -496366447
-446123392 481769037 1638130731 -539241549 1009747849
-873584730 -62706509 -589191924 -1258840051 -688619972
1896697941 -252404628 -630876171 -575415101 -1237771225
-1955058494 976316315 450879373 1516277587 -1902867442
1981924734 -43602022 -1074662981 1372278035 1752317418
-904835396 -1883481125 1006838254 1582197364 1433897900
871827879 -385876011 -551890224 -518621590 -1123018147
1225336582 -506324163 553824005 -1006211286 -969792702
1944871726 1382563210 1872479660 -288720336 -2136390356
1686569675 1461448674 2045377379 687137374 -1953679347
-126692722 -1784403254 1369500059 804774486 -643544685
-1626189555 -460663807 -827785742 596260824 1450345629
-1765288088 1701784979 -11303947 1305321136 -1523892365
-1880549500 1934873645 -521187489 193247975 -114917201
-1399206018 758249894 -348688923 -1274166274 -1853344358
-1687194997 1305944634 -961091468 -1686086706 -401481594
1552742740 -203936741 -1155857683 -1183419868 -476197529
-1553127466 -1766390377 -1847325599 1000436376 -1450626375
1874996662 1870825236 -1146940018 2092376450 1581720422
469324435 -1056894285 719744926 1008872413 1982461467
-1248133272 -6092910 -1539166445 208201627 -1557504407
2131592444 -160237846 354763227 836227923 153200408
1226005434 -987935703 -1767748143 -412760616 -1369436142
-580829620 -56997710 837632487 1080213901 -233425838
1999676604 -59263546 -535386449 315465103 -671169978
-436296630 1043009409 43466066 210441102 1300080187
824734953 1909687794 -1240672169 -2048459517 -699983495
1795560992 2068102562 -1968297999 707369732 -668914059
-1847903513 60197174 794159314 573024341 737556014
-920773997 1555757636 2038658387 199770080 1497809538
-954248152 1887588199 957503188 -2036746616 -1279928150
-1044112559 2076654528 1443554989 298824316 -1684868862
-1005101525 -536320649 2078470753 -718949485 -1155312530
1426241566 -651318432 1182287056 -84428813 822097355
1329358508
