10403 44 1652507210 1892161349 -1404676652
425925622 -717663779 1629227693 -1208668394 1418238642
363991856 -1216815389 589508150 -846013250 -543106353
-1132028569 752705758 1677124597 1899289897 -1179298365
51013453 -476458372 -2055269065 1483186350 -1946644652
-1931644905 1720043973 417207423 -726468168 1085212660
417632216 1100993203 599074840 1601730113 1494486639
-440452435 2023176748 -944480265 1957517957 -651077164
914291917 -259494796 2005954770 -1421797511 1668859175
456956050 -461733860 1427373144 -685017899 726393297
-25503333 1632720509 -536021346 -2047771875 1762328472
1594498393 118137323 26535697 -1337912628 1608333965
478688006 788598790 -961853837 2044900255 -1503322792
-203802692 -2121924454 -1399310439 -673261415 -1751212580
903111315 -254205181 1776827929 815163822 1784709325
-1631538340 1161808806 418907028 1808946947 1717626250
-150119279 2086564847 1537598747 466358409 157826953
504846913 -1648179677 591277519 -1034890847 -1694086585
1263081384 -114558427 -1723469175 1258382928 1955113161
-1772176742 -977776458 1461580548 1655117992 -1637098936
1368207453 -759183253 -1223716940 600025508 -1559545864
1205592312 236682498 -743968051 -1548651211 -958217172
57490678 2145895580 1304596162 -737645231 -791948065
-2007914785 1310169208 1565172211 1754577138 1319440793
-650684847 329379358 1962251042 1549693438 -99917425
1302757981 -1867351774 -428852755 -235426321 1626521120
-93821694 -1217495689 -1224037941 -536547435 1152032400
31281583 -955882372 -104615879 1109588463 1602027809
-186755725 1714371877 1059623854 -770788252 7016749
866783933 -1375731988 -1036336741 -1545421781 1007659447
-2084299484 1623990645 -916449656 -1581186991 -1110728411
-2006617827 -91301423 2099907793 -1336357223 -802226327
-832718701 529160398 338514089 -126323093 884696810
1162367953 -155080360 1789528505 -1226509458 451690710
-267880142 -403413633 -918610002 -1680168418 -84118236
1417208439 1466181820 -1487461625 2086797727 -1756743176
-990877546 -791981259 315455905 -336207448 -552095992
-2074503939 490795608 -871486775 743739549 2088255043
309494761 -1942847721 -366594706 251315112 -190164804
1498032461 -678867524 -514795820 -275688050 1448749321
2061730676 -207913737 1818207054 978605076 -1864275185
1292588201 2049463127 385904104 627322483 -1524803171
55212197 1877429157 1556876491 625931651 -1305599923
1880695073 -15898393 2000263529 -1254639567 -1866727410
1420959023 1545469352 1921468063 -1708888066 -1541822051
-914414900 -1314089992 949239324 -1208968593 1855031683
-54435520 1980758392 -1838645167 -1322700214 1513484551
496142662 -1891015218 623964780 1740133480 2060600882
-1371889911 489664010 -2094930671 114909785 -595905387
-235428637 1529396779 -593330258 -1320010761 -435659947
1546890163 -1956507590 -1155968657 -58412789 356278312
2078929280 513312685 901518947 -678994983 -459693379
489791146 888141671 -125264962 -1526173911 -1402363892
260467104 532708232 685065408 -76278368 -380167266
153672598 1481509516 -1740297871 -2144343798 1525813401
1165015286 1210198657 -1511800135 495372585 1496225862
-17256775 1873306044 1789562809 -1325895663 1208964905
1154830851 1616983004 629128113 143565285 1640848045
1075674886 -763240946 -1006449685 853620969 1336475551
239115084 1722264699 -1493569563 20317579 237580841
710425632 615209107 1906962353 -1021255121 -1190796877
114908138 -1550864551 1317154949 1426308815 63680990
-849533021 95634815 -437311941 -1756735788 -941152377
379265321 1041317802 -1911964460 1734416834 -428284373
225592236 -258193357 -116336100 617264163 -1458029709
735753017 393793658 1001515707 -2118270872 -590803495
-1629230755 -809405875 -701781202 557963969 -347296060
66597343 -419534387 -950045012 -6367527 155551412
-1701003143 1621286231 1253247372 -415807316 -395976899
-698022847 1546488570 -2098002202 1942296597 115088746
-2146947363 1256629461 776613311 1676235465 272016709
-1285442018 -1926663929 -668729290 1715773157 58495437
-73656339 -1855771472 -637352044 -423278466 1977663751
-2112538087 -1171286776 -1304523755 927771278 124403325
-2097747923 1559703019 -1948529293 -83078804 -94792856
-1394957697 1240739706 352174233 -1514446823 2134071281
-1422190773 -816891423 -1015534254 -932766284 1175566126
1810649297 -419783786 182359156 -1512443645 -1361286121
600121502 -2066729912 1127486823 -834781585 279351177
-1669416977 -1863256460 940884931 331919933 -1859845672
1776294569 -1968252527 -1957220587 -22013752 -458065745
870465356 -1151102220 -495724035 -1924183776 825567039
1261480898 1909324836 334607092 -1576724377 -1757153336
645258484 544410742 -135503788 123701377 912084353
1029026406 -652136629 -457055714 -1125233326 853887560
-1464214282 -1494179200 890026630 -85715962 354149115
86138245 1492974112 1238066290 -1502678589 -1133485600
-305788072 1551036030 -2099135200 -1722792540 397919180
1656170513 -111915332 -990486618 -1761915145 570623537
-1886052731 119540070 -1418465031 -1038393157 967343553
-218221990 908488378 -943198035 -1772543864 -1770024332
841089046 -1919160830 -183435145 2112900861 1440345082
1745262556 -1699856021 995957009 2060087107 1346664407
-1430886538 -633298995 861358674 -412807852 -280425202
1393832818 391210114 862145784 704393826 727859167
-1690892950 -386939570 858560964 1627473170 1171482960
1657614959 1647608800 -2004003039 1485639602 -1890679698
811146135 -1139789129 -2004617488 -2047070312 -659109735
-36133241 -1573018600 1778836734 -516596473 2144165853
1258613720 1644568493 -579903743 -690170763 993249936
-925938299 1348862805 920297587 -665207294 1536455651
-989866308 1972131577 292632314 705930941 914614115
-1119988006 746338997 -2086883809 1133418306 638442625
1569673778 -742632759 2048322744 -374272537 -1507148432
1849349174 866158914 -1661779535 1925098342 -1852827937
-2056755169 -954033363 1649554818 1235899646 -638075206
-1617042593 605869406 1596805196 -236271550 1099225580
-1698658355 203223951 402774798 -1316042969 -1580703176
1857508962 -1767568433 417677400 -243599958 1331962088
2037459831 769374729 -853927363 251117982 -888904126
-1947229570 963521499 -1737615265 1365067274 -1122496534
-2061275018 -700525282 2007958897 -1408586654 1936748595
1826616741 -620331450 1976668565 1869682010 1804121579
2019104645 -12468397 1534087439 -1668488633 1533069062
-507038626 1709197582 -485754416 -364021102 1200051623
-621854192 -492511317 -287782711 -1236164824 1260253879
-997480567 -1613395935 1679139968 -1937829279 257620625
-1999506508 -1854032265 1427305641 -2034181436 -1054687819
75048695 -247422475 516395149 1941845258 -1244912062
275385192 -638646317 525937588 -377450521 73975997
-854422118 1630299194 -1118764595 1139401686 1067064234
600816337 778214962 -1673685307 934379170 491860725
-579626822 -1823367011 -706555256 1383032178 -838519132
-1050491997 1845784353 1011819276 447261427 1372008781
1478939235 -498744400 1047624013 1062283439 -1132472464
1660359448
