10403 304 681593747 -2119552036 504892515
-770325696 -548655412 -1342813038 1781971044 -1975343559
-988340491 1632772547 -146565459 259884426 -271532650
-563385124 -768726022 1387030761 -19350620 -1682361926
1747605453 1652330976 -1760898398 2006756712 -973032572
-397920047 552549587 -2072496546 -1136553992 -1979398704
918999807 -646400987 1631826843 -1319587840 -868634390
978499673 -994423057 -607599514 2049963470 597891442
761664609 -1609217417 888502100 1547271199 -1472241562
-203057485 -211456500 285073469 366879188 -491285211
-2106958325 1595327270 -1062091292 -1293462859 -341704692
-1215405640 2034812220 380506116 -491354592 -1184664674
1381651959 1531274144 -1816156010 160594917 1512656498
-1834562556 1523166104 -1953636481 1571763327 -1529781413
-1983437054 -895628373 1001940322 1522491383 459973297
-1045625747 1154206915 1483435966 1136246534 1738141735
968106998 614442481 -423575087 -49740099 -1791929425
-20947240 -1629042189 -449814336 213427592 2005641275
-412038655 549989485 -1120795269 393737847 -9453565
-401847287 2081560474 -542883496 741072075 1890192598
1586276813 1574255972 -682378043 -2039041123 -1961654720
2009574000 1874572204 -1272483158 1076563561 1491196465
-543502386 1782493922 1983766453 385307837 1622735114
1198018523 1984909534 83491862 -542460261 -1260343892
-877096554 -1471731231 -764522983 124190523 -120706363
1843962347 1394758751 452240856 1349484958 2002040943
-660894379 342242045 -1408263331 731629382 246930387
-372171613 404644751 900283622 265789279 1303727164
-1847378940 2117266118 2021394808 -849230211 -334177589
1024021082 861109439 2075687139 1579358431 1336717380
478801588 1235368318 -1575168426 -970027215 505049907
1986022168 1942245172 1075060103 1531856099 1270806967
-1389880508 -777805140 -509639842 92001118 1185826241
296326413 -1764181961 -2094883758 -1700303483 1610959461
1052429260 -1288545905 -1659685091 625988544 -494066602
1246549874 -1534866077 -1546359262 -1992101355 734528117
1815870683 663448257 2140491594 1775546646 -315871130
-393392122 1790512119 1225493565 1694695527 476023472
1323511192 1025739668 1534391042 -1478625561 1493889384
175048316 -151938021 -761818069 -1106751028 -621434302
-494452589 -89640079 2045100570 219728419 1812895520
-338283768 1278639860 -2031617435 -1687881749 -13997450
423602160 127598683 1240919001 977601766 1920024510
-323052872 884262498 970105368 1165721495 -967325233
-1880082365 1168485295 -1323093529 -1608992127 1550695343
453673231 -2112554750 406253601 1995726464 -2003753009
-1936654118 -863047173 1984443618 1699695726 1599329542
1507089889 -1070898885 -1744692710 1374216942 -280453445
-448497282 1281973808 1689905489 -1374473443 1783951910
-1631466759 -1997707732 360976619 561511739 -1761769143
1622722221 1010106241 1670416230 1289645005 -1505187858
1515798514 -693109868 -898310602 -414024060 -1714865586
768148430 -2080491826 230578098 2144641234 1478121833
1639664589 1679724002 468609778 -1257391387 -1718742550
-1436619169 155496190 -463683752 -2135441279 1142540398
1225229582 1281466434 1393501647 -2033370171 2037951189
-2024645387 -1095596926 -1236755994 894346885 -244860990
262476099 -671263932 -686738754 -2083435513 2023930763
1393220188 -1882686237 1268980439 -1014272081 -1007560599
-528236459 1195376229 293524430 1857203959 -2060261350
2128672133 25955601 865040423 -613407547 2026736266
-1639387339 -1545893284 101330292 238759668 1578162261
1647081033 1459343434 -881419951 -1716193377 -1853760429
1524955094 2094155259 -1768852646 -300284228 -1531500117
-430176042 -367123918 -2096066510 -902862327 -836529004
-1542671199 385204868 541172673 -390973144 1808710090
943279656 -285424895 -1934040811 -1581705324 1785138314
-355713356 -961006223 -1040725181 1369744988 -475977747
374810157 1704693158 -1015975071 -1995308943 886942317
-1949613421 347623580 -1841984824 625580433 917551744
-1994027129 -766704239 1696214310 865951641 544792160
498092834 -1502696801 -844555677 -950660077 1915141060
-2013028264 1833131878 -964629509 -1581295944 -521093077
542988597 901524695 1045510117 -517452370 -1518433297
-1119785389 -1927846955 454674361 218521560 719275093
500830927 -335185202 -1242964474 1210320807 -516627223
2020632081 -276345135 457199447 1317666486 -85862086
-1606911244 -943267055 -2142764965 -1041241089 -671202225
-1986695045 -1308218292 -1378963566 -1488527816 179025988
2046022676 178965122 1188101233 -1093274300 -1924718117
2023666007 -1003838033 354086975 1929938269 2096819496
-1609030238 -1491490289 1900163239 318606194 -217309242
-1762152259 -1845971923 -1573268040 1047955012 -621639269
1276279187 -699133412 -1982039128 -927789861 416561160
1886137798 1470018873 -408431944 1933858319 1906758967
1922247022 1394766113 -142252002 -340414665 464512138
-35267987 -2135598956 1499103772 -802001143 -1085360606
1066984562 681729659 901555107 1471613524 -1987773294
604528260 128870829 -1623920659 1899740818 662071573
166945273 1441740682 1071734058 319062504 1809518672
237714944 993186566 946215620 -338440242 1400469190
-778209160 2061045200 1622594361 1978589000 -2077887743
1451741056 -1874382939 108523546 1627547705 -341854494
94591150 1380385700 618457997 1349628054 -1561679189
48375551 -1492713088 2097643044 867309309 1935600638
-1711439759 -1735021917 230547208 639095887 -1659503586
-1978634320 -382635701 2070486890 -1049817233 -1078950338
1938046323 1656758309 843410110 332966723 2130499441
1003537573 -2040261262 -855966660 1567176770 -638166874
460607820 -1480775804 1763149766 -1447808066 -1077598210
1606503184 311782260 -1017644801 -1964445185 -1873029161
-1002873108 -888284664 212458193 -24586728 2099571617
-753102621 -724318214 -524475002 -889385325 -401806523
1612965279 1911920612 333548832 -489404157 379458291
-1383737794 1467360350 -1872041425 1310409281 1277285628
1716910927 -1772411918 1513247203 685195831 612836435
-179411341 1988623569 -2040390549 -1632711372 1319411470
-1816561581 -2052031769 -2020198676 1205643069 501162338
-492814555 -1380684722 -1612772958 15093968 -882363948
1589570229 2078610046 1497895030 -1140729440 94366143
-1548233769 -1146987003 -2089505324 -708685 -2099841125
-947605684 -646445946 -603608766 -1480900388 -204910648
775106483 1516027552 1009374017 -607575031 -163918051
-1713250333 1331453852 391588477 -164537881 -1231246310
-883670464 -1710407233 879015009 -1931225456 1659599481
-1071435901 1433801966 -1929759670 1886179125 1487308347
1642986967 -697416531 -263942477 -942819028 -537329468
2021418159 -2139001255 -1545383826 378254993 1957968926
1748900369 -302068992 -2010222657 -296455581 -1834996487
432281462 85739929 1975659349 -1963664828 -2029299576
372614964 79247735 618790968 -1950593359 1408297925
-1440676678 1760516028 1522078825 2126553379 1775218403
-1618777952 1123995540 -1396466525 525962511 -1416900391
793865763 2129203157 -1055302600 -1813854647 1466861983
606191634 337901352 -2102958395 -725950720 1920791903
864903250
