10403 388 1191672635 1282457636 2004591010
-1703244202 617237319 894147341 314210331 1728901689
-431072337 19423377 1570279310 1939095493 -2020239699
-1852864662 167640540 -1241065624 621575647 -1996784437
-1828142730 -808662597 -1386243652 -223389075 317542074
-1604666837 928329907 1004779243 -134826242 -575849498
-1168253929 762504787 1561648303 -2004417885 341545935
883563026 362098943 885200581 -884964678 126189910
-641217548 853442219 985945484 1611952947 -2016508424
953752664 -1350997422 -914661284 1210584742 1139486091
1251614794 2072781235 -1237865378 612648443 -1943541688
1994922394 -44646355 276602865 -302375630 1434439401
2008332608 84373209 -1090165040 2141266108 892095971
1460870877 -47682735 -1022819140 -412471439 2135407135
798957038 89440562 -1984671104 2108732941 146268009
-1182803331 1986554854 -1104602102 -1819142504 -1542485895
-1535237787 -701870606 1265304723 1744458635 -1760898537
-825835602 642682102 -338016389 1884026233 -838309005
-910970015 -198623666 -212365571 -679779614 262573198
-1322086495 251993115 283982399 1098485706 2037655708
-1851325449 -829102214 1183762397 -2033365223 885637221
1731597841 -991410638 2005240003 -43349276 1974192236
1722495644 -234637209 1236456669 495694759 -132545238
1409123675 1003866828 -1546825480 -275662375 -1213697897
1931628709 -475417411 -96327920 -1376360494 -1649142325
-1141505130 2133907346 -504024158 697169989 425711308
1117180153 -1920357147 1382737710 -594153680 594928770
-866139329 1926078315 -1008782151 -1777061032 167860135
1778709567 1704554977 -206736742 -360674657 -1098287418
181651629 1786362912 1458225957 -615823324 574917813
-1462806520 62131036 743595468 829891282 -1757825499
-2064569717 1200064973 1119397516 -1788523657 1353430051
489958617 -805741508 1932375256 1039846274 1464491238
-1567668630 1361574958 -309876898 -736901029 -1227939897
-2073536194 -1729983548 -803726839 -1574715154 1493225628
73334986 101205801 -1953733198 805598529 716550635
828835768 -837462847 -1546105414 -376591052 -1659592457
-1110586614 -1737321657 2044470070 -872177311 -371803738
-593968412 109425699 1926006893 525697613 1530291489
-1928582778 -1899618211 200408482 2033342578 -1092096074
-256436759 -1490881128 1002856298 -2124006335 906163538
-947708235 -193032416 -1583769860 228755271 -460804860
-1718063574 882818603 -724857889 -978280425 740497180
-724086718 987046014 468022216 -1858591325 -1601767589
-388890941 -1995702316 2131820044 -688595809 -1574283320
-725289025 1894807592 1659090990 -1647362822 955927651
1809246757 983163535 559422338 -1010745843 -158655194
1683267139 -1648500803 -221964750 730839050 335266644
-591015480 1077279758 1678494984 1035633243 -2145087456
1101947668 687766832 -1173136842 1070329666 -1194924705
746065997 541123108 1775466098 346837965 -1249586889
-2012790434 1364503487 250010840 1269616091 -222567678
1862973036 1324070911 -768787045 -1230396689 229525824
325960724 1408581252 -2059580047 -1703885571 973950226
344442151 -95198466 546304843 -770119309 485341471
1451405502 -635391691 1805637588 296141629 -44498864
2095655133 -6421719 -451389892 -2018402392 1974940588
763567443 29808322 1483269362 615879096 -567418032
1951943398 1285439967 1776162351 -1119106444 163772633
2002275504 -586728387 -853161150 -899286180 -553516222
-1445975937 -1895635139 1274425535 1280901501 -284404293
-662147467 -1971269629 2070006230 -1221066552 1063788571
-1102512394 1529040241 -1447216440 -1786016062 1157273655
-770259105 848651865 -881972378 473063349 1215608312
1562403826 -1115042982 1988033825 534244757 -2110800834
-1044610919 775708900 788541876 1675735945 -1791296122
-2043992323 -635718017 -1486821563 987423593 -1006777064
-2069579552 91818989 -893188135 837557757 1007789071
-515022543 -817480107 -222758356 -384285125 -290287403
751461735 1994146985 304091688 2005302068 -1950971569
831992155 939092179 -673934940 -601895451 -4975399
207608599 984662574 -239565440 1821853208 1872555118
607923039 -532887999 1603015637 1144817466 -1073586021
-1863161858 -1161423206 1852393388 853492116 -111320644
-67730208 886731218 -316482897 -1931031333 249399959
-1644813786 -1698606986 -1878316849 805491181 131437504
419167355 1432409586 2082629543 1849756959 860705118
2033843581 990181594 -2113489128 -1460479034 1962705087
-575837542 -250637180 -1746606688 -1744384720 394126951
1842393615 1641774009 -1382115213 559084367 -1832625813
-2075957842 -1516924425 -745101238 -1021798688 624728224
1000981935 -1467307172 863301705 21019128 1701643129
1709891692 732857998 -2117835492 -1485387413 -369046602
-1262809994 -1512911701 -556618705 -41367726 -753376062
209235961 -1359543405 -1900109484 -1602465769 -1248531143
614563791 1759860100 -256549521 1644149624 1404933225
-226668159 -2033447384 408540397 -1223562319 -1586126343
573861376 954988073 -1714121257 -1582803994 2071648056
-1712397955 -562887003 1192877656 -1937181911 -43698466
-26184632 -877943385 2050565472 36622978 1827164325
-569263984 -335198827 163216446 485470370 69524268
-610632900 1678290690 157820996 -1437823595 1934396719
-63459321 -1355030006 -520105664 1504886271 -435147548
689927688 -707192330 -181577562 -2113831466 1783291854
1772371867 1041142469 -545842320 894952008 -1886068693
1923677854 1836165201 -1031488998 -1466941793 -802947951
-1738847271 1578333256 1280874511 -1716244170 978280537
967248092 1822650121 171740317 157929090 116348406
-671333316 -1033473776 -144524482 607541393 1527798414
-1927334694 -797958976 -685877691 165862465 1995415051
1882457786 1792018615 -984560941 942262890 1844839464
1853823515 -2099741893 2099885173 449486748 -589889620
577708482 758938132 1504904359 754570260 1767721929
101928179 -2054796069 -973815270 -232013667 -1848212838
519931206 -1742606546 -1188182528 -739068096 1210830388
-739339990 -502105338 -274545466 1408188114 1726490746
1513963976 438500352 -441726760 1897230708 -225358854
704671667 1635114282 600813242 848247679 183025946
-1282908558 1766921742 160724320 1381228066 2066849393
-1244787538 -461892647 -1656444989 -1947046377 24179427
-870059282 -320883241 -342612156 421875551 -196227071
-1409913985 96418675 -2118600771 10867374 -296830444
165573853 309832255 884085025 -1449024335 -197478058
-1812452479 16451166 -465871248 878562579 -1963726477
-1052553725 -50609751 1832871901 -2048785147 -232832101
-286852646 -604092151 1170825453 -1981330204 -254816678
1281970088 1867750634 -587670904 -1028521472 563588442
1576329223 748155505 -810092210 -425663198 -713201925
1762944041 -864306348 591593401 -2080563118 1518702994
1203605061 1803405734 577254672 -1520745488 1545187172
129437655 -800953385 -1458395442 -1335811059 810368144
-532332159 -591845383 1313893303 1929131175 -1991113928
1286792470 -1007476300 -1116661606 -1546530437 576696977
-1869788599 -1494691343 1771484344 -1670626855 -1225162682
187017363 481707680 -1045541497 1156890042 1385512240
-606470643
