10403 188 -1444311019 1114180437 -1930812231
1218633666 -1256152867 -652793756 1735435010 1819868120
341344820 1652432591 1978883193 -562044697 -548799572
-1395030359 -244235286 -1611245528 434248252 -1081957305
-836385301 23814222 -1714931559 713020411 -467798007
416750814 -438513646 920121102 989007375 174856297
1289619704 -177495082 1690620721 758722539 -1836148251
596761922 -18907107 1114716718 -533113658 1957358072
1055886616 1927159322 710510390 691619798 1552971973
-895092402 -1662339224 -2092810586 -899653883 -1266042039
-1367773146 2116712892 2011198422 -1205841144 -1366597721
1273030758 -1575164139 1304427224 -652069348 2034691635
412129911 -1455568006 1350390783 1792304058 1954490261
951632614 -1498957972 -1268189012 -712888350 -1096784821
981346254 -1833447863 590522753 -2039323290 -1937600720
674669780 2006869642 -1659061544 -1105576497 -2004182089
258301120 -1598521342 1493479258 229261626 -2105636728
121056442 -292425165 1259291493 1261064806 -718388061
247444437 -1568311494 -1773981866 737457558 1620541952
-1328426349 -753742665 -1987170482 1778151711 404545007
465666489 -1065321252 15869323 -1860780752 412561683
1351415136 739621154 1608565329 -144531609 1807281237
-573896100 1907272432 -1465442452 1923817185 -441003648
611640618 -1745527924 -1642169074 1217629705 73124070
1383844026 995070840 1735416176 -333015725 337629866
-1727733835 2123800791 60214134 179576355 1294669304
-10632099 863406947 -726071913 -456078961 -193384914
2001845378 -568121739 -137946168 1403802904 -1823875121
-1479474658 -545782091 1198365792 -1803707840 -950628967
1289483427 130032115 -642211313 1834765083 1753943356
1578692501 -1186917548 1079481902 -828798441 -1414126221
348358686 312178094 1066342231 365696785 -298125019
1244557498 -783091660 -1286010497 -1329655580 965703682
-47809519 -837407741 -1723998650 -290222987 -850578099
1162973376 1375477333 -971324409 -393219394 782806322
1649786651 1355889073 1611461226 600220421 -792454671
-39265778 -1473165197 -464460396 1501531508 -1205964904
374193914 946399856 1423304595 -155982143 -2086674504
1015918283 -1053197193 2067108906 995274308 -308667893
-1298360372 571134110 -552823932 -1874080575 1452700211
1466152285 -2147061349 -1741309911 -1571890221 -333585923
1984196603 1023982230 529745705 -687333135 -1793487965
1643590531 -1062287164 833038873 1559337918 854089476
-1584492222 1614246845 -1037046421 1140087112 938039546
378238764 1948380814 48362677 -1689090416 -193091937
-1603756838 1484109132 249564688 -1510385394 -552714309
-1962601108 -1830608781 599057090 -1723317858 1765225979
-353780629 1278159051 1865074698 135129033 -437785743
-1106036914 -779445157 845713053 -1697998761 1458385673
2103055151 1819476668 755931892 1518284550 347544812
1464331722 -224284571 -1760211646 1679982809 435573151
-520196703 -671273945 828447824 1812533376 924785414
1993146756 -843139538 -1548501173 529102866 -886756024
-1262070835 812482806 -9372945 1062526794 658065991
995666750 919805543 -677632291 -748363144 2103067336
273157400 -493182067 -74635794 1705053236 -1738257913
-1295547761 1395791800 -1231457882 1946302325 635206958
591487561 1829762813 -202246837 349191568 -1539887375
-1999819443 -253134738 -1424024435 1533033149 -1405474002
-1733621266 -1505867691 1518346744 -1067032279 -1204367014
-559397477 41786780 1100532770 -1219380169 -513989623
930965244 23001576 262687042 888694651 -1984448980
2023900687 81347817 -1926645625 -227814006 1284074554
-118548731 -62137467 1643799953 557102529 1259243072
-1647324117 -443942722 1436083104 -1350526854 -229715170
926043867 -426843140 211919877 312229921 -1048298902
1153489621 2008069520 -557464708 -1992083047 -537988380
231177815 1706783329 -1298738153 -512942649 -386240549
-387570045 -1095185934 242583172 -28640701 -706053553
678622631 -610554990 -1254047723 -636519010 2074318774
754576550 1770346016 1250923930 2111642409 -1532888225
901114279 -1832715890 -1113342362 -1772054889 -695498599
790226303 -1003908454 -1319633846 2021833780 1990707571
-24558464 -312661163 -322708670 449664059 744902225
1219892874 1837815286 438955878 -950323350 -1698536701
-157390428 -867565215 1563878883 956465713 -797660339
1800503186 -302203120 -1719758989 -310039353 -581697873
383033440 981624748 209551941 -1003901043 1018694031
267494619 1875356394 715466827 -1665497340 -1283067595
658017419 -694763535 1731462901 -1967125008 -2143323129
390153094 1985452306 -1824049902 1733211939 -650339159
-2057375916 1737477398 -726552649 -573504316 -1255725844
-2027490522 723075292 -2042953338 -1986240480 -1982540866
-680993685 -638715443 1603409954 385171823 -2002526928
754465116 -132712746 276513499 -1955234435 -2011424397
1113133238 715419563 304460401 1840851922 -905955301
-1227057926 574374415 -1638132243 1744396717 -49126508
191433731 154262067 -1092148618 -53512413 -471181236
115436874 -1079116718 -1663061262 1916030472 1185358266
480530589 -314646407 -1273530576 995606482 539409513
793748009 1561448580 763657511 1430213112 -676273286
-1969612576 396520444 -155925647 -554394723 -1772900413
159088130 2011833163 1561022318 -1915254476 -275750611
-1389921423 -534014800 -20836710 1691443736 1145720421
-388251840 -894727138 771384630 115508430 -977626604
903032359 538068551 -1988060478 587803186 1846404763
-898059082 1346764273 -856275004 1251289372 892258501
-235759569 299472648 856486642 -1085370004 -91323594
-1882998458 -1956031184 -54859156 -1391278861 1410224453
1023210089 738649526 -1669503368 -469406233 92144770
923862086 -1015514416 1038377433 1123238899 -382692139
-1422240282 746375335 704684361 -1709141388 -102910807
-1976477222 -1924530415 1679118921 1275691924 650025713
-1371860896 -482449403 530380949 -2084779238 -854914854
1991049944 -1487532551 -3034786 -433232224 960258598
1025636929 1919918796 -1728327062 653190709 593585565
-1043844637 888319008 -385319415 47942400 560278843
1079702102 282644602 -258220629 914621312 -850116524
-2125073759 -1761379609 -1663385430 -121297858 2112648723
857434320 452273024 1878382970 726543494 357749258
-1904402766 126054105 -486572868 1828865182 1979950382
-1267848987 -1571612991 -1264767532 1283108856 -327707339
1226192459 -1366402513 1162966448 -1242786432 -492173301
-763141858 1231643836 1047480544 -611346724 876280041
2118303324 1120790306 -1032328381 358033253 1055343773
621209592 1403392119 -2007151674 -78247002 -1548275178
524545659 -315697689 -419315280 -842880876 -753153942
2099189061 530341579 -1794097394 -2060417957 -1149455981
-196963805 -1647090604 -2147350380 -1665253513 646063892
-1029752826 337225080 -394959348 -1334118976 407862694
-1350121712 -992360169 -2120829293 1219209403 711176565
-1365316658 621080066 326060784 1582168482 551174365
-2087299249 85864056 -2050513078 139921312 820631579
-622345476 2059563703 1653965525 -1633517024 908528048
1657821097 2128898749 -2045375008 -1979463286 -228839990
121402661
