10403 316 325405745 -1403409851 729486
175218389 -1206994862 -1779858903 940734025 32002154
833642728 1004828880 -2048334851 -1560206983 423587957
976050777 2060724676 -1343317528 -1776971298 445222888
-704107593 341762779 -870225019 1181322522 1265808238
118275903 1188734195 -992595307 -915277927 999052845
1515915151 1145416475 249688066 -429662618 -1476950504
1977388361 -337149849 -703904560 -1010252458 -185776376
-51632148 915254162 -68034661 1621438051 593983023
420922269 -964823403 72546035 -438251409 461225399
1837598569 240588383 -433549210 415414860 -594883070
-2111907367 -203342093 -1324973078 -489257420 -1650624487
840858491 1510079851 -711186027 -714100072 131861936
71164478 1073098043 -1533954412 -884397826 -202830936
1191370020 -460994027 2019563383 1083265802 66655015
-1031611114 774873817 -826833697 986809764 116128190
1484731971 854932069 599472217 573082196 2012384314
771242364 -1464907562 352475862 -1597718644 1358327399
1387233179 -1193954295 -593144971 1531984195 -1422556357
1210088231 -626281846 715809535 -809857891 -164397282
-1624604230 939199546 274176485 -1108181757 1449249020
771876248 1335610655 -627483833 785222462 460970354
-2069323053 -1633356952 655373135 210282641 661090073
636322161 -580454228 1077345512 -750753867 1761422750
-1016808591 1368240185 -735609805 -1799864767 -2022835105
-1170920932 361528527 1553781048 -766503965 -1359037960
1068409958 1540377516 795355188 699835731 -270489719
-2079732869 -1485281885 -1861248747 -1143587022 759597788
-355218978 -1056506104 1818530148 501187600 -541603611
-1453550298 1114253318 -744993933 -1321174242 1461803570
-2142445242 -763683828 -916425648 1960405830 -452141841
1864891648 1397824662 7499221 1883233196 -565472805
1522229942 1054985411 -1167981474 -763513898 309663208
-524532377 54858150 -1178511507 647770709 -1923634599
1411927111 341070858 -973114963 -233294574 2045099419
-115748862 1854232018 526012099 1121019122 -645368858
-214679996 272689916 1196968687 -739317348 724176982
-153998641 1324788781 105748905 -1548802079 1650026412
-1294502984 683705546 1885223767 -1901511747 1830582258
-798290754 1791240901 1238385615 -2070275777 1435883207
-917675806 -690286969 791035441 -68757661 592826668
409485723 -336887802 172466686 1014382643 -1781297180
-1707059900 -1362651868 1729521970 1857256986 1962825010
2076492822 -1382178554 904946128 -348240007 1560754781
1568536189 605100778 605310453 -1940988476 -1470792015
1180109120 -644603534 -1986369262 -1122940348 -1149129985
1264206778 -1900327460 1762481410 1687169174 1582689586
1019524050 843069437 1660988387 567984627 -771507558
1301818295 1993957376 -1746287110 1453417228 1473290553
-900483359 -1637036949 923922133 681074048 1485373652
452965977 148169271 -1883057307 824627640 -1397159302
-1616017666 -1959632890 942849363 -1644568552 413049000
410313690 224978566 -1057274198 -213386352 -1344137671
-1855705661 -597438311 960111120 -1980479131 1079434421
1997729276 -1356609010 -1952802198 985976948 15031568
-1399666507 -2052260574 1518192680 -139890194 583022815
-2063504021 -722688491 116256392 -965709078 -2079594856
112048136 -993626138 -1741166077 -571269152 -1469289864
-1325710419 1268001270 1104670540 922632000 -853084121
-1740641066 619747764 354668597 -1148471243 -847661069
-2096147747 123747625 -1111776254 385413569 451911036
-687895960 483150658 1775606896 787490493 -2026422841
-933634570 1175090909 -623310918 458914984 153303157
-1113706967 912392980 1952835598 -789589574 -1251627198
-214904832 -893537242 -529528159 -640668817 188894184
-1789034941 -18691033 -1204306374 -800217221 1842153249
-1665338812 175272012 1288781425 -960129961 1322581657
747144886 585189215 -590089917 2100747803 -796434966
-800154869 -238184930 -611593265 1010220404 2054914129
-1328715248 -873007730 -358243604 -445712840 760532315
-894174146 -1937473516 -861607869 -901676764 588964221
1098882593 1426912901 1466821060 1768810972 1746884966
207648401 -1277671493 -549480823 1952420875 1485139351
1638337719 -1632340387 54390834 -517788803 1657681159
-43198670 -432223645 1850020659 135108590 -1070214677
-619255611 -2104179983 -2070635294 -1851362264 1612244962
-215471542 -285560587 -1431418068 -626272634 1643142526
1142231719 -263902129 145799127 444562593 1789232864
-896562052 -324171945 -413472510 172330817 355469155
1914860959 1730287223 -1629303375 1835747816 2060819970
1724239410 -1473188910 391289401 3082770 -201216621
-666721221 1824621827 -864749358 1900894022 -209516468
-935110394 210697814 -1682442008 167154746 -794055271
-1590340150 -75636112 400782949 1266351971 -136396880
-17125228 777931604 -1750326936 274071408 -1336347269
-1909653839 1343289255 -407365994 83383926 -1372753795
-1782804212 1314947087 -1109238884 625921488 -327346188
237591639 -1005204693 -1904196094 -336867562 -831462285
650623277 -2010188830 504445828 383341146 1417894964
680877843 -595810752 494685197 17081609 -1324415734
-1000640327 -1022321933 1262145170 979329282 382485193
509914532 924464154 266653806 -995286228 -706594952
-357882636 -1730930631 521337266 1218180396 -2140738019
-1205528500 -1900564648 -668624417 1298946221 1001805674
-1159272848 -1484674206 1399023379 -1550728406 1442665613
89266344 22527032 -1001579061 -204501779 -19108559
2015902491 136810010 2141192834 -1746351146 -91320590
-625490663 335350014 325906396 658949862 1775404087
1800268336 2147329621 1100025643 -1523307648 -1512759123
205211120 350003050 -1123172283 1422015765 1145474443
1074146643 2127035129 -227053119 -128211747 -1466272075
61977024 -1690430030 -517020435 -1021150889 -1539563068
1606632208 1318789931 -1929287111 -1576491001 -516778344
-76237584 -1510926426 1888416805 -335288102 159836319
-1839125905 -2019352774 1791583611 -1582168997 -35998616
-2122879218 902904298 -565977188 -661057331 711817092
1224532003 -1262207378 -1921483431 371509779 1397634230
-1516131789 -267812544 312533254 1464298698 -1441077476
-1838964271 1700996905 -1940850110 1800831745 -1468033882
937943104 -356905466 476137120 -1178899359 -819384407
-2119914122 285471727 -2073323648 -808264404 1637002587
1477887091 638068588 1787796251 -1979341428 -1505772915
841529616 -323171383 -481352383 -1549933690 -1638170135
968129659 -1001653404 1572088745 -905400552 240310759
-444817298 63106927 1965500524 -500015095 -1619782858
-705179211 1556081826 -2113196802 -618544863 -545639341
142699203 1224604569 1017185000 -223152582 -2052755551
1204302993 -491699713 430496733 -897441885 1014533028
-235015149 1904411165 -1416503962 1170452621 -1818927876
835293842 -1279449194 -993768820 -2026844962 820114071
262536897 524691483 -1994093022 -392630280 -116730254
824865631 413183904 1064562114 196912615 1681840763
-90310302 448116054 -2027567370 -1783400358 2048778534
423449383 1962781111 -106813120 1493295198 -1847236922
-1605228233 -673311478 310897853 435976560 832214093
-1110352081
