10403 504 -1539279781 -1614213709 726691276
1021357495 -1546669430 -174729379 -446629905 1084732268
867892980 1907054159 1763513443 -826798805 -1834636789
1795350304 822013730 1578316827 -1505730024 -431389625
694631723 -198619277 -246892606 913813251 332415764
942720290 -879312725 -49270432 192319940 -377943786
-1746696044 -1931111728 -404081528 -555950181 1693433673
-95944434 1123720515 1798566580 -1914396939 1858424974
-69754368 2047133787 -310831139 1312815912 1868276156
-1408052518 -1014598880 1940248493 -1997191557 -1582455226
176450893 600861894 960705542 -389356024 1540237057
2022229100 1621187617 1395675241 1244237564 -2114553231
-252531059 -2091495195 -103288187 -1552260855 1108840641
686869178 -1193053394 -1160241783 -2144669790 1565413997
157448668 1075881843 1851526569 -1637655374 -1228199998
-2121268211 739942985 -509825455 -1671138315 204670626
-1612454440 -275489555 -1203280210 -1028680535 461944005
1309217461 -799261892 -1377777199 1790336498 -1678993576
257563569 973770686 169494438 -1285339252 361326890
1152853094 1722238426 2087282969 913239187 -444601200
498365173 951874238 -643991445 224944792 -97654994
1371527749 -1687488553 -1409883774 -1723554962 -773105812
1265923678 280666907 529826845 -680028940 1878071775
647685044 -1543150492 374490150 51669423 -1333413674
1758196587 -1038442637 560318414 -127833365 -877180525
571959071 1461995079 -758507981 -1440109913 1535538548
-1436840884 834653015 -1339418424 1181965707 1744605094
-356614687 -2055862741 -23501832 -542200336 1989870547
446520967 1898684031 -264334481 -2092807436 1079770590
-385051585 -711983700 -203496829 1885920487 1406993655
84958446 354145943 1533696760 599422918 -878913889
-413663780 166325128 -1107262758 412846224 -2016952956
723696652 1662652415 -1659475443 -1578148278 -1868557817
917775424 1922734649 -479876134 842212276 -723784745
-1108404903 -2070880212 -1115611000 885793870 -750886044
1797096265 1041797775 1298332346 -1537240487 758286506
90282138 -1013168620 51368941 -1475741632 -290612051
1539946741 -269554840 -787606155 -2124875255 255098177
-1800772031 692317845 -2031955715 706381886 326655626
1821135781 2141347094 -807481863 497407984 -1582982897
-423700083 1226099798 886692998 2068143785 1715650997
220645501 1972790529 1853019118 -348536644 -1824915479
1647389402 -1288670755 44830617 -531798319 -1202214272
-1898204755 -1900941026 -1811493228 -1796398323 20717666
-1232726350 -1183620856 443976862 -1383411022 1222035110
-1817299547 -1362061030 1056573794 -1833669629 -1910262637
-629871919 108512593 1969526252 1114057194 -1160500553
1795385064 1118731364 1159591234 694201570 -662644991
-2098773158 -1718461410 -745806974 1311454572 1871624131
1627162881 152519526 -241772261 1933315956 -1219911089
-663395421 465333185 -1062340782 1885590573 746411569
1515743039 66683236 16609692 -463644080 1302563554
1810497596 943502566 -33765421 1166053765 1095044296
693030326 210784493 1904944384 34483576 -1612616618
1782197914 -391721405 -1925058006 -804479120 -1463929090
-1232797768 -1781664841 -873370881 -2147232176 -852826847
1071977630 450760475 -828088849 1363041382 -1845716566
1017390561 -818998246 -434073698 -1374743255 1030106957
-661916069 1505159852 1885226676 -1636485653 -2078715848
467761860 2078515451 307724654 -1031003680 -717086102
-646211827 262166577 946958246 -1018986395 979843840
-1146991752 -307281426 1855966985 565317946 853199337
1370669106 1459423981 -729984208 720588812 -1393627441
1889049720 1034515414 344525187 517714324 502799916
-1655257327 -2032517677 61758543 320700312 1856081790
874467927 -1614535128 -288094334 1020009113 -602371892
-986007660 1235989076 141043971 2098689143 747385356
1834676841 5259186 1924594832 -1362201676 -830973501
758310768 -1546526271 -579133530 -85953907 -1180313332
-1666604942 -1336060123 437596786 1258146786 1352825681
-638893698 -2123529634 293790609 -1969617139 -52052829
-827360940 1281940252 -1379390485 393837504 238491232
484705651 1061323714 1332989280 622629002 -593718795
1203598437 -1792150898 -2015965211 -1787643608 -499459800
1732557058 -628641611 1904310546 1724046645 1424454518
592124413 -1603475840 -1296750868 2117481627 1575373328
-399780050 -501090073 -623720076 1314507440 -627366367
-329440009 -1790127425 887032576 1576418626 -759630889
-1786823472 1984233090 673095733 1547286004 319157356
-1908344432 -1909860137 1046693415 1971100656 1563933898
-180097018 1574146785 273848353 -1734147577 -1495196951
-573262695 1989097062 421814068 1736992346 1852931629
846001110 -113831508 -1205442743 1161751831 1168772088
-1928542967 948205277 -995060128 -478399438 -1010297724
1696612285 -155257597 -276110760 -108005375 -503846063
-1390672431 -430764953 739324044 855754258 31516707
1291572840 -667686794 -167805000 -429547031 863405395
1177503613 1040206855 544974301 -642817162 1919350212
1414672686 -981793689 969587396 -1610591438 1435344805
1156811581 -892014394 -144804261 -676547995 1983296454
2037949862 1217484320 -473912201 1565865050 -1759879570
1363018501 -1852129662 999183285 1855566318 -1232376708
999668599 -424408831 395052436 -1075655300 -1139986544
-51896903 -1284735721 1348417124 996556891 -1029651940
1909158502 319786247 -1399567399 1921722500 1354436495
1972737115 1364633465 573535750 -207176302 -722447924
1752646987 1658355690 -309490750 2123641923 608283721
333052771 -1310769047 -1875124731 1402339488 1454100228
682572023 -97067677 796625080 1522535390 457614503
-1563320331 1365555173 -720228880 -1260354788 492238521
1734738556 -557287529 -476742467 -264091824 73021450
-1236832435 1310620994 1124523896 -481670084 1933356061
-1460602841 -1931560077 -532607722 110493287 681229821
529252270 1982425816 694225420 707059830 1653646672
-1364551065 413316387 -975370116 -241973634 -1609591007
2075766739 -1902594766 1800801126 734934102 864530255
-559292703 1628693410 999653341 -1826578338 -855497948
-2080921323 -1889841381 1169148746 2067615125 -1036803323
1208011331 -1739851720 -1773448180 1764967954 -1363902467
-1619434320 -955584132 418865013 -1450847149 -386671423
784944335 1021415911 785392998 1842702570 1100239997
-2061482195 1284505962 542457936 889827245 -1444224105
646893091 957289806 1477708358 2048174143 -361264178
-1188672407 1310071915 -1325107154 -165013518 -1251126009
1419607495 1222577243 -1055517580 743537830 -1187522629
1178724547 2046545567 2079044818 -1196339887 1769701994
-1425897481 -45211364 -375579773 1239660811 1189040297
-1628574885 1655598843 86693607 -1672761517 1750820006
1446848404 1419721368 -2016851703 -173694360 1223350955
481228688 585919556 -1372706264 54479371 -290052476
669836799 1882221400 -1932459888 359133682 -891834613
-1374534401 -1692319600 -1309274426 -1547844956 1809807173
2075360756 -454891327 -131446644 -1233788051 1444850518
1483324596 1390417012 550935622 1369668262 2102287228
-1384962736 2096316085 765521406 1840232582 -244963111
-28045054
