10403 444 -1898970454 -474147873 1781363576
-1914463555 780194184 1293909742 1629371918 -306987466
1904868389 988395706 -1202860094 -1493781081 -1393231906
779722551 1052994083 -1915287918 -366870256 1873707464
-960155521 892146927 730857899 1300824974 -1761443165
1222247338 -605758776 -1210925187 1969617458 -1357404495
-290664286 -1140101685 -1428698016 1280855192 -734206300
810467686 -623091924 -1544613940 -228406156 -727282073
-120264257 1869644713 793692104 2103951560 60721120
1572037626 717918279 -362526680 -1242643277 -809051988
396242262 1339236283 -409224127 -830459492 1331317469
-494071572 -796518084 2122906070 -1984925792 -272302466
-134208121 1200752860 861259401 1742625398 2106973572
-1033386296 2006515868 -582963977 -1032470032 1350788188
-304464970 -1704243879 -1838303480 2038884482 -2004381273
-1112287102 772294108 860849101 1803457791 338069205
290907200 -673853690 -1706978933 1217739709 -1344497926
1798881620 1556356263 437420026 1906776831 1008043918
-607001256 1218788640 -449321087 291594918 1491807838
-397452052 -1803699686 -1574260540 -2105542287 984881965
-629500918 -1179704199 1430504097 -1123885727 1696654428
820036585 638592965 369929527 424884269 -490983946
-1240217201 2495481 1933173232 -895717452 -1810241688
-1443369030 -1349212915 -619813613 1251838695 -1872510204
794450824 1407651264 900749650 -1737982211 1110900105
-27675723 1714506629 164707007 -1374529369 468045844
-643784384 1586157953 1456363741 1892654968 -1527223806
-304754256 -321937780 -1772386220 -1027511325 1008024153
2147134625 840228387 103873932 140352938 -1312453464
1804841594 -147659238 -1473614298 -125202157 1953874772
2139982795 747739831 -435389618 1664839870 -1658752946
-2000886026 1840829327 -634753747 1792392852 194728905
126957053 -1275532827 958366968 -799674253 -663341050
-112155285 -181029532 17155290 655351712 -1953255963
1613061737 -732576554 1040467960 -1951308417 1392239538
135209297 1097908912 -199830173 -1094433888 -1670711249
1360771039 1080358552 672779367 547986875 -1736636315
-2105193065 -147453095 -594294481 684556112 -1537117430
898739224 1964581712 1872430789 -524656962 1479680923
41859710 -956639592 -821417878 -1925072736 1150198283
215390078 -888192256 1473108103 -1805725695 2001326680
944818539 365919112 1781686070 177146372 -255773264
440090037 965589997 -1415579454 585422643 412255827
-141729670 1343233879 -1736570305 -1586108183 -530072154
-1744491617 -1923723070 172372680 515470936 1538370133
-2035282816 336943540 -768046648 1272132450 -1791316561
206832427 -179165784 -315581320 127140585 -1256703370
1122536947 -768514021 -615379476 493150901 -73588237
-813610772 -270778177 555051938 633121964 -1805749201
-1683950777 -989218202 1047622836 -439227594 -242685344
1386058690 -1711720398 -1306481106 879323621 639366446
1152976999 1600285038 1542721941 122202388 -1101590627
-1048720938 624260224 165851799 -1148912313 228592546
-1325768191 -1466383932 205368595 -1281485113 -1983141584
1578172297 247591918 -1184199361 991912197 -1854937130
1693038713 -1530081097 -1925781908 167477106 -1648464869
-1568793377 -681402221 -705214004 1031933102 -2087811009
550626697 572815144 1760173016 -1924643518 1872929697
1366563890 -720211788 -550426375 -1204326616 1314905141
-148358621 -1696206593 -1742589757 -2009191938 533126566
-754207494 -1105612632 -1955617565 403005050 305390151
-1598569771 568681085 1123449358 1425622650 -1591581831
1158236675 1064414523 679265809 957789192 1527130042
997651457 -1768031282 1286757493 1945682459 -1596077750
-941618890 561856099 589306722 -1426645754 512470825
178922425 -243203179 289437299 -926534306 -85484413
-73601041 -1562596973 1880348173 413640940 1076320897
1728774574 -1261166040 913266357 -1742801554 -129204711
967763151 -1065985002 -425354995 -1371961835 1736506746
1502072536 1740941082 2038239592 -1842602047 959078134
-1007121940 -928557831 93971819 -2066572682 -1129300651
203378955 1553287088 -1266741793 1200421481 -1148395902
-1356750947 -997760633 171773212 -1525375185 2138470819
-445046299 254898343 260988755 -894949438 1746831188
1348072151 1755509613 -2048379079 -10271519 -1950014907
1725472453 -1102048033 935856675 393456175 1962008970
832822016 801813059 -1321886727 345809375 687036383
-360212907 -901660116 10019159 650233105 1206210611
-1957634876 239565799 952963352 1082494326 1778231424
1147435036 352885493 -826940365 1666497901 961531921
-1635301885 994678310 -1080264664 2057863640 -294719223
-1825659225 907056020 758969998 -993110379 -815762561
1209921197 -1228814281 1847214980 1873401297 1947746118
-398074370 -405916826 1241469096 576458135 -34442506
-1410623268 388470553 2145863700 -82453234 504614143
876801851 1293048610 -1473889484 1985313517 1248093883
1503177766 -604883464 -587803649 -603036700 -1631254926
314709870 -1022772830 676185157 719338210 -1912797132
-2059544331 -1980871104 1481675192 221570732 -1046481011
-522661652 -157000393 203050540 -393916161 -911695064
122761297 328603966 1812040024 -1809896817 -923608782
-580617679 1564834595 1696852839 751822711 -707175829
-1539781034 477485836 -116725505 1971448264 1366874124
-174024897 175041993 -758563318 -1824748399 389252155
-1045533757 -740900860 -231850961 428730570 -399901886
-2053753949 -2121314373 1771602462 751841062 -1096209312
-624486676 -1597348847 1886311995 -828770266 2097421889
-924877497 392015145 455033968 1151695768 632446979
-1096584308 -2002242149 1759516156 -609022422 1192697863
1364583851 2006720959 -654800913 1440907578 -1866889924
280675173 664786521 313700758 -21278185 2026115586
-1574852339 470607047 1120536414 -1116627247 -1940691223
-126531926 -215636749 -2086945469 1252327636 -2365189
-533133139 179269645 1668793112 2025316006 -1081082563
822548592 -774618026 -1884060638 -355872379 -154257006
538472437 405794013 -795507802 -424275508 -492539964
144605404 -1937228908 -1902673449 -884120150 763335095
709013485 -1083485863 -1945799360 -1987398447 -1997491332
1540468783 964276628 -775090850 -2040156938 619427118
-1334272996 1978229078 -225442951 666591201 1407396019
1012777507 -644986510 -1429699450 -2122699795 396361043
1994425402 518752348 1669150122 -1746475986 -374503499
-1426687768 -1144392045 -808410233 -2108879572 544742928
33596873 1222349926 1615927635 -1146470637 -1717011715
-207041686 -1830376040 1176042871 -1017189660 1358549064
-194060247 23453789 -1263014615 -1992692396 290596858
-2012341370 256613554 -1914017340 1329167877 -1024061035
1746965068 -224762564 487371969 -323612147 -2122814090
1592603953 -183073626 2065581974 77620557 225881660
-992499924 1637300950 -2143342696 -531943840 -1641230229
841231365 145903725 512081724 1545609166 -1033951897
372743309 -1396957593 -1983800448 1920856893 1240674487
1288362538 -1058501047 -930563886 660278163 1379195267
-2125488731 1513536262 136349545 -1342920633 1171240184
-1255566639 -1875401636 784150820 -1605704535 -625426366
1681701944
