10403 160 -943618101 1430310828 1521242728
1823195877 1617065900 531702316 912993568 155462127
1446031499 241060316 -1593771656 -1861283370 1358450719
-1574794157 -2050167712 111838069 -1090147691 782234490
104635005 -586947835 290579860 -135947263 -1921797139
-902021494 2077403180 -2061566478 2051193568 188976052
536741062 1572616555 1793415656 1193056985 2098995772
211412390 -2069940216 -1136002245 76625236 -613913020
585748100 -956708440 -782998726 1681797718 205792366
570213633 -443190502 -998541320 -1503303359 -1033134746
2125930118 350771565 -1834537407 1983999116 -165070232
-1810183337 -294682011 668348757 -758033136 1000386911
-1822847032 -1530915665 -102870287 -501000081 1282354692
-113096070 1206156761 -1299147173 266636790 -1755955217
-1697993600 743429565 -1458733003 -1779595640 -1626900673
-342794644 -1675943704 443287114 -1230648050 -1645461332
-1439802262 1642611802 -1865038518 -612648091 1229983897
-204357274 1416384060 381062874 -3228621 -1329531950
1449417709 -1004811079 2122740802 -792885962 -1627346001
316872145 1464574957 -1105046754 210482110 -1326786832
-1966210199 1344209543 1776045679 516074725 -177835224
1631064158 -1960531851 1731082792 946678421 186633273
2136965448 835616462 -699187335 -1801407682 -1114455943
-994900042 -277777905 126802519 1153708827 -1055216054
1788371171 847963654 -443239387 553947222 -683328962
1226064715 -920606297 -761488040 1673284862 1007298301
-1427033613 377621405 1932674729 542242660 -1638854117
-537840858 802849725 1576696677 -1116386663 1431211584
619878811 -1694669367 2073627343 -2060306762 -270432934
820812719 -434517258 -593632910 824096523 2041139848
-1466997786 1257183680 219863668 1173117736 -1741050751
620487972 -1508208907 -965865261 727324489 -207733147
-368767 554184235 -1224860668 -613010615 699429711
-1746754755 -1181029722 491271771 1783753632 1388644460
551614645 1199533926 530891269 -1351311388 989134982
-1072857054 1177451785 2063053815 2090208395 886102484
-379914839 1435748257 -1956023320 -1804867227 -136732540
773720975 1313477600 944539744 782770033 1369994264
632658132 -463648413 1835527577 -1863478663 -333050416
2127959889 -971227223 -1607741763 170485011 685723534
-1284051049 1033211839 1555466209 1296393544 891395041
339675844 682923842 -273081437 2050321839 -1974364650
94761793 -1306058148 2083170842 889407065 1940474376
-49790165 1419865300 1706268129 -875602389 46849535
1658092917 813301255 1381094580 878825747 211960874
-1440548244 1553179637 417912435 -2004114864 2106414353
483125550 -835533228 -1176212460 334418137 1222849989
-403486163 -2035973965 773951404 -651059567 45449977
-1368382351 -1240150732 -2027659159 1927573560 227183593
-1300499671 -649721393 170122368 -1984681242 1564823404
-1848423611 -71518756 1105799356 -473329848 1059791463
-814880943 1238891149 1366054490 -1355570504 -823392019
-1032131523 290173545 -1066042578 -299675176 567886368
-1349311621 1709698744 1791995735 -1348562719 1337410844
1723392522 445657495 14022935 200136771 1426592147
2000895816 -1019618878 1412200349 -374696110 308761727
554630675 -1533787115 -1326607025 465657355 -1198526200
317556415 1998061697 1939852736 -690679755 1202334935
-422202387 409680801 618028370 1126377501 1865999743
167914719 1223731725 100030803 -961900972 1507185187
250858298 929503983 -1867913255 979060262 -631965787
-1649558123 820163497 91263840 811255061 1703850803
5818331 2067889432 2106369024 -569491642 1535001078
1051935906 -1324904927 -1639701918 1863299619 -1308791051
-1719580161 819225546 1503725341 350937994 625525392
-1084632343 64926509 1904656406 1956897342 1167249170
-599319587 -1110677175 32532612 1393853897 1925450697
-859958446 1835638344 1097801647 1594196430 -601887664
-209763851 -1779057300 -1955257547 -1491209193 -29898201
1727121723 -1698306215 1037151655 579928700 1961069840
-380040194 -1872226914 -1817106188 -1536465356 -1590741635
-2046137120 -456701272 -760304286 -725419466 1559361867
673312504 -1273448902 643129141 1191395117 1831865042
1878488094 -402655234 1832124951 -1560245676 -2022351728
1911192300 -1638180433 -771594402 1004006458 850699114
-1382252479 138189873 279351271 -1369265971 216384007
254897604 985101014 561424615 -1821212552 1075170628
-1225671538 1240699221 198752288 1695992444 1792509589
-274506361 -1478141060 -548788847 1029051504 -1130713809
1514174779 867277671 -1025446312 -1710472991 -515100694
699990702 -198660379 -1968902864 296932040 -226592283
-1970552790 -101035116 698886292 951286871 1786052040
-1188963688 821343051 723976744 -740351741 1231471312
-588333248 -703983099 -771442019 -1644246014 58108547
1917195867 216885126 1708035005 505288414 -1049814030
-1310661216 -2134828225 219665056 53900657 643928233
1323707133 625082161 1207888826 1182297667 -838030726
-648491553 2046416466 1328466274 390848962 -1709179613
1458183879 32058978 -1150582010 -1956701475 1973834808
-618958979 1701450109 2057975397 1921227246 149260879
638815078 -2031525790 -806201596 1173845940 -173079272
-1304305714 214847719 915013232 551679177 -100798641
-754950328 1768740418 493495998 1257121999 1465819577
-397329440 -1360837381 -363492664 1796782262 1422392102
-1306748120 -353399549 -898801228 -1992422614 108491318
304311362 1305212511 9522483 1268579520 -433846342
123058156 57202177 1747772444 -2125331186 1623853806
1707662148 252145971 789426052 1770388721 -932867377
2123372114 1479273605 -458275024 -2020586779 -1681715872
-352094242 1927131985 866816393 1420625049 -810756624
-892832949 -947454943 -1032236242 103943619 -403828373
-289576703 -678165386 -643656996 -2081241931 1559397246
1454419724 243749722 193430364 244954095 1983017114
-604621358 1627273767 -1395888977 301649680 -1393242259
-486077864 -304111508 288253183 -1302592576 -807235100
-632258214 1897801930 -1566196423 -367464155 -1215493037
1265571375 -1154705489 -1821013893 -710403603 556160569
529538158 -1189636982 1137277070 218975388 1002234999
1492249632 662663396 -1465581715 -1238551762 -2006091978
-937659833 1643631701 1747102043 1759801999 -1659989588
373730532 -336793863 1127840953 43480008 1396527557
-1048771575 1473235183 2027231741 1059173761 1684909795
-2134494486 967220801 -133169576 128210649 87758325
-363450373 980311900 1142026239 -539398846 -930283035
-2023120668 2040733676 -722071256 1584774140 -1979852144
1040067620 331803102 -1815631217 -1475647039 39492383
-18018875 -147632221 843463705 -1626153175 -1952914509
-746499415 1339446125 1175151128 336804085 784806877
2135404213 -1617221198 755974845 -1454478534 1101697036
-1223322834 1003738144 -1517341498 189968151 -525868862
69148094 -1761190135 -1766602890 -40894073 -474088699
-1705933609 2117931130 -1359278262 -1404568349 1493651854
-818666801 -425949340 -47909536 1779258571 -1947886668
894774331 -542175188 -733811389 1423809289 -2141673530
836997736 1467491367 -492935197 -1614293881 291669638
551826395
