10403 284 -199714445 510489332 -1258230886
-128093383 -1273848185 1483750063 1628502876 -1732063031
-1664302181 1324935895 -918272627 -159179480 1885059565
650710645 247657819 762093539 -1389203545 -1163755542
1879549262 1153633871 -2132702128 1983692563 -678550422
1953215532 -1050249587 701907543 236428614 -241295108
-1652304166 2074581046 652100980 492058967 -446338926
1958050476 1789082035 -969280024 -240028723 267693516
-549151178 -582926631 365828707 1396247410 -2036688247
-1522775269 -1192658411 -760879488 557618453 -1098075047
1200095124 1676480260 2050555685 -1364737242 -2041339148
394951867 1698415856 2039271637 405688849 -963754675
-1367739015 -777098761 1619555366 -1395479320 -1004487246
2135335218 1958419176 866052927 -1339208136 -97147976
-650146907 1626112630 2048421921 1107825948 7840594
1506771264 -1366006770 1483475876 1966606080 1846034811
62273801 -1535689305 -486911470 924388389 1306593708
1693581532 616379115 1676620685 1800937670 956566198
-1370569942 2102850147 1506301160 -1640639772 858377303
-1729197560 -266473335 -1334331575 -1850149834 186010977
-1045213021 -533209114 -966350147 1499277657 -699250537
-1201018703 -328641270 -1501421044 -1101928662 1542524300
-1200553855 -1086201739 1695518174 -1321436046 2099248582
2096309585 -2022234907 -1152715886 -384075498 -1623288994
78162615 2054290361 -848121596 1602214705 111258414
-131506263 -40414812 2129687502 -1414963462 185170014
-1946390078 -992155139 -898732553 -138813180 -299818657
2020828178 135432155 1455731069 -889414492 1503715817
665262291 1840385811 1002190534 471052849 -1598812913
-1608612782 -1847725290 -1033971695 394286951 983055174
959317569 1964437042 90313681 -924544957 2101620714
985818298 -1521166035 -343669141 -1142275187 1549429214
-428587305 -2070822583 880449448 40470614 547061518
1243191507 -1335987739 -1577950876 -1548341427 1173618216
-1493759283 1009122852 91735077 636200205 -484911817
-197438784 1216083369 -1838139233 51172868 1304364724
638348151 1310750826 -1050867066 1162770195 -1956913640
95088332 72219750 -1684617499 769533819 -1182202458
1046366796 904198287 1107411193 1052975984 830732013
962485696 -516750877 131638750 -931098667 640189002
-2115306764 1884634768 -828578648 157816412 -803416864
-1788808750 -627628166 264590311 1843561184 -601502808
-999318460 -1071075466 -1252758463 -173748703 -1177548631
373825228 -2078839384 102235664 -996393542 1934160248
1150952162 -194485392 1029988001 1047726717 344566650
-1719406197 771519033 -1099038732 1446719911 153961753
-964115445 320228612 -1691596345 -1735508899 -417771798
-1364971566 287420325 -1378733305 -266174898 483315493
1971033789 -16880818 2143837161 -905062284 1547720975
373297464 -1694715016 1570936021 -1740730886 -1452305466
-1742121488 -865227128 1839074402 633032147 36122487
1182457493 -665855267 -2060918158 -1658542792 1460557337
2047067061 -1193440137 -659611478 -1412932433 1433981856
154145673 1679117793 -821141433 -1874017370 1389277842
265760243 84779192 765996018 -1034782676 1860187917
-1862816407 274582957 44337480 -717827530 1217723841
-1282304573 -1365301954 628817146 -907101136 1498208611
-1935482619 -1301756191 -1720622148 -207755857 1680476468
1324981747 -1980901628 -1475859638 154750959 -1987138680
155289591 -1949482414 224152187 -1939305959 -405023123
1403110803 70122203 -489571809 1987146602 -24007645
845185633 1443946806 1745651637 -324206677 -1553661282
-660107955 72849603 1680005890 783002483 -1495956661
-1684955560 820678813 -2087781402 575771297 -465986421
-1394125615 309959058 -306646667 -1769724520 121798862
79970979 1437967121 -730224123 1149298497 1232716146
-660798726 -1223028785 -1856752446 -1047465548 40975047
-1412144190 -608759247 1290577122 -60736050 1570242048
-1801869742 1337976214 -791741910 -1618196218 -1864823760
1097023839 -999558080 -1212247514 781425288 540526836
-1862331435 -1565894929 -1906680000 -2024032575 -627597530
-412659638 -109239933 -2087995115 -255903454 915440361
1602715588 283128632 -728545214 -1051084391 1370716448
-510336146 387259569 -680291645 328021784 -201597126
-875967231 -610141941 -478823958 -137586595 -1987236825
1849943439 -1961554133 1663802738 -1035814467 2064253861
-2080493338 364539352 1997331729 186293126 1792023834
1055316625 155596337 -959823905 -631984387 -2009216850
172119197 1772805532 -1363463719 290524504 998808595
1907644247 -534567626 -1024907754 -166638491 -1997062479
1338030689 -1081451733 -1347797639 -1789732316 792289154
-1560087141 -567609091 -1471908545 -1275798587 -633243668
1881832959 -627808262 1011566113 175248206 -1992620935
-497773216 1453072861 -1118458491 -579656403 -213447998
-601715148 -146380293 1938273555 -1238287912 -2112539823
1116580510 1166172377 1647167709 1322458065 -45615716
1974349456 122068842 -1597978208 -1484537092 1570370050
1131111346 -188079777 -717102793 353793094 -121051517
-25440307 -942493380 -461322028 -1933082534 233672109
539722674 -1582800212 1329699076 -1325623776 -2047553582
896056822 618968298 -1501091537 1268865744 -1295406974
1755236201 -174785732 1652952044 -729534788 -273218427
-2144139594 869039773 -1021327602 -953960295 -1434046137
1929272362 1656834786 -356717125 -2008326798 -2012640581
-1781115103 -1277118561 -52728725 -265476806 552601034
413752684 88075511 555577958 278228307 1381102471
-41205837 2066288887 2022172876 -57448667 588947129
-481511064 -1477995961 -1312321021 -385882419 1906089264
270652354 -1820856661 -203072182 -1770469226 -151115515
-804772399 154914430 -86643558 -1440422138 -1669699044
-1394395023 811218863 386710235 -664422029 939968957
1435872339 -1909457754 -1174945363 1128904737 -825425600
-365998627 451142158 1577067803 -1294726202 1929602780
190544564 440814542 -827839008 338935428 321120610
575948225 1918444853 937421721 -1235709888 -951569883
641265873 972299804 1368913362 -356676167 149861931
-834021612 -496459758 1123074068 -1649382436 2021930295
1219332786 -543837450 -1960628531 -2027716950 -325557496
207651054 -1074870413 2013422116 507385377 240482846
743615144 -63512201 -1845226241 -782851849 -1335876982
994987229 -2057789732 -1353107091 1255161119 43221450
1165435814 1504488913 616173562 2067097087 -1211443153
-885289778 -1783361543 382020368 -379332076 -711225054
145233076 -659145259 2129790887 -590594645 -1806065572
133186976 1088989670 1027131945 -702623335 997316853
1514770385 -1092723536 -833959524 1966949090 1892087998
-1849293207 -1257449502 741930428 -628506547 -139777278
845979042 243749182 -1504750516 1549081024 1913027617
287627728 -259448016 -683202689 -2047840954 493042056
1497179190 673854196 -883134241 450625003 402820303
1699417912 2140267272 2037684601 -161575314 -649569581
1411876987 -395945932 1706140922 1904583843 -1611629099
-253496622 948782446 -16517633 397054940 1207798588
-1301600617 545770638 1491094733 -138190456 -731848363
1042613422 -1721037776 1708422063 1135434767 -352452993
353742851
