10403 436 1248932707 1817487118 -835879671
574781808 -849951239 -1846347695 146466054 -1470404381
1408744559 1298150604 2132142652 -91163807 -522122234
48544218 1334712171 206147973 -248760379 -50112277
-881417589 538101716 -415753782 1614192568 1827457675
-507346260 1750486932 87485801 -1537859168 1508449995
-1081571453 -917934603 -1838777264 1766692640 -1885551228
1083479871 672544717 893706113 -760006225 286052216
-1903575158 -671453196 -1170211984 -115713477 -1316673307
810698999 -1284666242 -1030454875 -1847807877 -919938218
199111601 1625506298 -197135259 1662020332 78356042
-1486566895 -860252462 2051576392 -507344258 -1082860364
-1090712514 -1834030455 828233682 -236849123 -710956334
-203397400 -2136279565 732324252 -400555323 -753042904
-1081372729 -851666334 1999307589 -1382332654 2060556732
370488187 1876222248 -999911462 530256334 296434683
-1451783880 -1632970782 1209693333 -1123003583 -772735480
-2130833676 410943557 -1276975967 276312831 -321656218
1933610343 -672592192 1073892754 -709578864 1152319614
44467090 1085034116 -206367169 1806895748 840078583
124599878 203783484 -1240396589 589297039 -774659268
764676184 2047651762 -1634241678 -10334115 422079909
605778205 -1768235414 -1787051067 -944274119 -2028749900
-1089039943 -596041149 83626457 -1599567590 -634310072
51488391 1382535498 1976233637 127982875 -1020822181
1475363159 -167337252 -1802206341 -1827425476 479850473
-82580483 -1875882657 1829851472 -1189458981 -312932928
1814102067 534768556 -1923390145 767583345 264853989
1222244464 -1486503416 -761707212 -2087484995 -523398028
-1619727147 750299501 1028639179 1232022056 -1378979572
2102329331 567543573 -396750425 -894868347 -2050307894
1786463879 -128232933 -383057530 -365983143 -1024971976
-1174219931 -765533121 1031739869 -1850984261 1350222490
784586573 920453779 1018032912 1091632142 -1796503368
370368845 1232964559 633120519 -1947230599 -1539763982
-1071270345 -1586751375 852755738 -1837328011 1615263285
-1700426514 1465988297 272440840 1853581464 1334236095
-1310596524 -1407728815 450600419 1335867169 -1301358143
-1693456355 -1968646974 -1248759395 1993069534 175208054
356333996 788791206 1594027733 -849048774 211151552
-1415014309 1536432446 1643284354 -130841599 2121377056
213569755 -822356865 -1027098740 -798549789 571578639
-1586359542 -938704487 -830430232 -457635388 -958850365
-2141687379 757437285 -1901383947 1311496125 1462740647
1028584152 -192946656 -312451636 -2037031358 1575192298
721706963 -1834983291 -428709553 -439659460 -682816481
920171567 1839064376 791213071 2109509360 521767113
1104286642 -1742691460 -834485706 -868530344 2090950739
215937426 949864572 1105442631 -1735997826 434030248
1157160766 -899237223 -719033560 1530338526 59349766
354666542 1088085746 1006180539 -1812940246 336629918
-35631969 844238169 158105731 892777575 -232308927
1277680033 804297325 -125213121 308847088 -2053700097
-1601170235 1225461063 -1890194400 -655654133 -725294656
2139559363 -1681255078 1399749586 -1176850557 -1740979130
1898526369 -445585784 2064676565 -1023696605 351147554
771978674 -871366595 956731298 376806507 259019389
-148220736 -1727786394 -1882758008 420902469 -252604329
-622033450 642958965 -1837565695 1851480282 1052116170
2129672030 -1823807806 2031045309 802939049 307288873
-786175803 -2109656692 -106532845 728641399 1211207090
-666550252 1676263947 103004365 -905277673 -5688530
163405870 -471888652 -803692105 1305736542 -1659289070
2145232833 -1557037453 -1745790339 -1298895122 -704694966
-822112310 -543563666 -387640955 1847922459 -1339912642
-1412166111 1018644589 -43482753 1666721174 -647328221
1831423625 1794609899 678771758 891838796 342944013
-1404222702 -795636254 1958990405 -1738284969 -186031775
970559087 -1859553713 -340798517 -1794214259 -485740587
665365106 -543538572 1140141488 -244168908 997889333
452386372 -1575983175 -2092494816 2054027799 -1786928210
-1467782566 -1609565333 486939309 1769126788 1811997652
255600298 -861626733 -813163654 -1536547640 -1837672669
-336146373 -961236340 206451144 -967596291 -736945606
1353542287 1967169741 1159028686 1274588670 412110578
1491116974 424530709 -319121343 -1840804685 -1389028531
-341031311 -843519049 -1424723176 168799167 -1312607049
-2046098407 -746707217 1012132199 1139604653 1265479474
205464065 -1633577789 2087158757 599847173 1169368074
-1235598552 82672928 -1660628276 554424946 1009714542
1696572315 -9131091 1030724815 291095116 1013299676
-748417135 -1091481442 -2147344404 775315860 -154647638
-33133166 -1202546493 -1358293061 1555065502 1419080664
-74103100 1599194664 -1470053940 -971039001 1285698907
670864310 -832241226 1353443847 -66171741 -2076293527
-341904149 -1652972189 -150149654 -1839843321 191467660
780734277 -337206178 -94919593 -1438889838 162334484
363994803 -1458559037 386831548 -2041445623 408626524
-688999198 206925981 -925504411 237776136 -1352242867
-1744009332 -1104746697 606269755 -1031214484 -778083137
-800297479 1140207880 1024279554 729187066 -1789350368
-1006671739 1581972814 -1387364358 -1660080934 88375889
2053872943 -1612250246 -1790068734 -539562046 -604057585
-795973263 957361829 1497847174 -1287528358 -2097694220
-1202600943 1181605966 1421513495 -713600808 -798884824
27410778 -1367506948 -756991580 -2092222458 1506706981
-899618259 -613684972 -1937706193 -1470551485 237405677
-1309301653 1740833012 -1602908581 1416958180 -120097692
85017499 -1303454959 1986102483 1078165254 1075813143
-1328343315 429265099 948679116 -1719825920 -1322105402
879228489 -615697330 2044554873 -1292341145 -2010949199
265830441 792130163 41096105 1853025732 -1398732166
-760268980 -1395150782 312973955 -402992038 -1862315478
-717375844 2025325080 -1675924376 -1690350295 -416084733
-1992552195 16550449 604509614 -855911084 459217743
1647578028 -1928783968 1751872225 1165241652 -98116560
1301505898 -1386281692 -1115971878 1904998689 1548291864
-848920158 -1978620333 1438280593 -1788830401 -1864060614
98143969 -4320903 218194935 637748425 -1142912946
-2051218485 1297028888 576371926 1693159833 571789839
-1352222184 1077911717 1975470100 1545061666 -96496563
-429194117 -2061896733 -742829852 -291107242 608117295
-743015508 -1512168555 -1507894245 -1583832442 519834013
-1653398486 -41678500 -628847239 1359629697 -1290708988
2028281200 -215411021 1894528385 392997838 1337153110
-165486669 846344348 -114961920 -515357277 -1543627797
-653940914 -656484557 -1253811441 -321660795 1391836466
-410765618 50942307 196548903 -89731151 -183321669
2000144491 -728303814 -1684557593 440442831 714847566
1071612640 1634621270 1166908275 -4094497 -1036873585
1856012507 -766368748 1161386226 -946549281 -687262370
-1298925661 1374518144 -311524393 660373775 -1578589859
-1278365638 1348936460 -1609152262 1782899900 -1776458835
-813410091 1797169796 482708127 1885228513 -1400337478
1250183753 -936962566 -450212759 -917147347 277309419
-1657015524
