10403 260 -1701630302 1728101782 230081720
-593681692 -50695308 -1604255711 1077643631 -1666736454
-776455592 -1857790484 582195864 740746199 1689979014
835840606 -462365071 -733899689 -570014942 660674618
-1041100854 1231126946 -927492632 -1620111788 -2115329366
-2040647984 -2045692317 1137248780 -347575988 1581308446
-589518356 -1243958645 -2007876121 1348433190 36489426
1979439258 -866573828 1985648730 -312765375 1768247377
-361453629 -563485289 429053549 911895312 1202659794
-782564702 -2047213556 1899654363 -49622610 -1536999256
-746582653 136670539 1764288969 -440119845 960077570
1895298268 1429967097 -77393727 1817348493 -1890582952
550464094 -260969635 1007345872 2059222344 2068298485
1789108371 -192755643 1444456422 -1132250594 -451003970
551961873 1684567004 358090274 278276995 -915083431
-1736150380 -1922303513 -1533270149 -1649469191 -688102084
1810754868 602454249 1296259725 -65635052 -1099036582
1406974102 878482688 -144736494 -2012662196 -1194097769
-1918814117 1206449128 -1630336994 -1146354863 794965895
191882422 1333612679 284881340 917909678 795474914
942430669 1939237790 2031262811 1731042131 -1707450772
1429870910 -441182615 -807874169 -595188049 55584144
1194446880 1369328160 916622656 -511582694 -1545243275
-1520609844 -456119208 2020758360 1833498271 -371477802
-572026503 1436512831 667435562 847787732 -1905362899
572241298 -902177931 -1964291630 -206990299 1293012522
112847406 731803352 1700908162 1558855325 1817317943
779316304 1853602160 -1035849760 -342617403 108253755
1466255246 -1907712176 -1862716635 102963339 -653950471
-1696188504 1135942643 1713594560 -1227888220 2099727207
458677524 2146300454 1987433813 -1175366516 -1964648509
-1825958386 35620457 323938180 -1609586121 -247344192
1224059191 -1623368155 542828452 1206481327 181821047
1731224328 941754070 -233712267 461137484 -1278688102
325742877 -875286052 1742369257 1865590716 2076976153
1664196530 -719503357 -1668680343 1513049080 222569732
1452856480 303746529 -1077011600 660102558 1510704969
1978872423 -1178097042 -1514900554 332749713 -1370100785
1749040906 500201745 124309860 1498517724 1652294813
-2097977769 1561370574 -837037441 -1531558044 358425076
471006179 1781660268 1171587220 132838632 -1340121330
1768341015 655644780 -292633226 -2106381313 -1163607881
-2067168680 1203242285 56804389 -465378590 1257068755
581119646 -1100315364 -282979808 1456090034 2063845055
123937785 1439778724 80072971 -1997813223 1962876672
1824553679 -655420816 853177631 -1391148853 1390134568
1608781278 1518239472 -1664094956 458830708 750453165
463977256 741982734 -1556321881 -1398947979 1703829186
333971111 -1280883828 988310865 113794068 -930927900
-246812836 -407342314 -1046878881 -1066364810 -839801777
-1780246830 1144369188 417825682 -1706731387 1704633260
1828573987 -940163286 -682434042 -344433365 -627158205
-1245330009 1188148797 -1502491175 1825593371 -692652217
1536303684 1552059423 2116702524 1989634822 -1953635641
1342459184 1860760659 -349868201 1547739642 1602341815
768192809 1019410368 -1197829858 976215735 1065436122
1194536995 1027487170 -42992729 2007460353 1670653618
-1505705078 -39018028 -803625467 -360687507 -1975622711
-1270134461 -1032890059 -724842827 -1034531707 1624619431
-1985913628 98431199 1979619764 436358789 -1122886398
523434789 787737914 -1531330724 -336021674 -1806523566
-764173319 -424266800 -1789195647 -954044295 -1396402107
584241228 943525663 1829883051 810936075 858857943
-1293704255 -2041539849 1892929948 791551402 935372189
1773484326 -1280481476 340404421 1988949696 661028712
1590214805 546756430 1467829051 1939859004 2059054250
1350577949 -1779050179 1877951664 -97694163 1754961131
-2064823190 -760175858 -440879221 -594471554 1032283638
2073001657 466882573 -750258648 -415065193 1036651406
375399188 -261647697 632032377 -668563230 -224000596
-1006471258 -259417938 352472995 -67453250 463259446
467643980 1668309141 -1213937683 797491315 -98529451
-1117382763 -1185188192 1145595277 1694468108 1097699525
713640310 475046004 -1516577925 1202858237 2020894082
-1360575862 794686073 1694622987 1507628352 -1306961766
129403576 -2056993846 344593784 1997958059 303582948
1317974843 -1102411880 1607005897 -960755539 37723567
-1184964710 171001035 1894589923 -1906708849 1125589348
1425879253 422582097 476728566 96257384 670417625
1778980269 305699737 2108370595 -142056456 353074223
-983759259 -1875528175 -1200000453 -918814149 -1954879343
1397912877 -1098439054 -1418438925 1580710248 -378845622
-250758821 2007118845 1889527016 2093085570 1208825492
-2066043403 -138512716 44065927 1505097482 -385200243
-1717509930 1784347752 958961091 -278793570 -607058100
-1309730175 808731064 -2043670221 1687119672 -635458260
-2082152907 76400522 1385844474 -368363859 1156235421
918991271 -1092236760 -2019467281 508487939 682080830
36525437 1071725382 490637154 -286051679 -612194501
70331029 29017559 1533736500 547106394 1718515276
1770709967 -1375733585 -1891710209 506553989 -1726455868
-1006236782 1098055379 695039930 1636841130 779395291
1772438967 1534861760 -1699750768 -1718556142 1886294689
827949915 -1902065478 -270259268 -961614645 1848956361
2114582097 -1613389650 2131304523 -105692351 53636887
635308769 319597911 1014566260 -2083959241 824786361
-582277273 119310390 870154535 -1367585052 1987165245
-1849319821 991622740 728035306 -442779907 -684980377
-668724449 -1654069201 1226083169 1431780645 352049915
-961675921 857483412 1543061199 -849278770 1783281242
-1814887810 -1672926245 -1069441368 284975681 1030870679
-244361215 -73947120 -716524944 -895823455 657123276
1134527177 1772790426 933486594 1264959788 -1440383126
1947579601 958675365 1699783157 -1059973055 -292023231
-816706323 598115752 -39483971 817429229 1194177408
1402806697 1826155980 -1974917478 -1339012548 -323575525
611704317 1331473842 1330844245 -1420921887 1720097142
-908795130 1354019571 1574838291 -1782456961 69233383
-267585422 -1429230480 1061133995 -915775771 23833338
-252497570 1220340749 1982232580 296714298 -893691956
2049350029 1170278165 1878911583 938796120 313121757
-18837391 -3941365 442361227 1431191876 -1445359881
-1531600844 635049910 1160438337 1994974310 -1408990550
1999159723 68667999 1587615062 1425030308 959631369
221601009 490135236 -881455203 -1992021471 -206084926
-1472549292 -192366037 1476794179 171545185 730080104
-249253878 918450488 -1913498954 328674365 -2081445850
626774474 203961421 -153541401 -2139186112 57342017
-384277160 -2125483356 -989509761 -447475732 480503748
280434303 1151915277 379503384 -1250484229 1921742750
1796655457 1313640161 1406052961 -977202154 899052507
1987583701 -1638246151 -1971508883 -1054994028 -565372040
877769619 418455671 -786722929 -318001010 92703742
-1286715883 -1470723637 -305656811 1998460967 849505368
1888107922 692105316 1559880980 -914302084 656687628
-87952215
