10403 132 -1580033043 -565647159 983462786
-1973032391 154154377 1032491049 1570834732 -918976787
-1626506909 870821111 1711814861 1844236685 -100864612
-1541203017 1841808705 1186437720 75846332 -1419619395
-541792139 247842319 -1394657772 2019551669 179193911
-2000139735 1509384927 344100009 1032616131 -1840718082
-2143945045 -1556252864 1982873294 -1895271370 397910723
253136658 860747587 -799177193 383722090 628717068
-898731343 -146586933 -288754489 1185443398 82420840
785860788 265854023 1448056022 -539343299 909504606
-1694671959 -338572586 -1722953261 -1041903981 -938511399
241877290 -322787876 -1774158174 1034680593 266420404
-1531841593 -334738504 -322333211 -1809591675 -2026102924
693765258 -2041030725 1916191051 -723108313 -25879059
1925548598 -1726159977 -115268908 -152693195 -1041300324
1832702409 445583604 978224706 1123049331 -608119047
1398447418 -207186912 -1191845995 -1983146741 -1524901088
1261191663 -1934898477 -1147997463 1504800 -1035673746
2028569525 -265642125 -2090667518 -1020228636 420432876
1463739508 -1843900851 -487828714 -1618908824 120886456
-452915392 142188131 -828711233 -1436614250 -888897896
-1537792791 -1876129766 -686658052 1559162791 -169182124
-388488207 -192463632 1534965745 -9790207 1762614686
294277408 -245937211 1754830640 481009745 956328458
-2119941663 -652870074 -1165274018 1223924772 1228309377
-319992544 969455466 -1057928079 -732363557 -63720654
-1651837580 398394786 -760561897 -1613968791 -41932707
776579917 5374753 1387565893 -1377281541 2088146405
2255295 1712946234 1959807092 -587617425 2092881003
134927143 523718930 -926217450 205384889 2074600512
-597571886 -2091501009 -409742834 1837622534 450233138
-65652541 -1117365785 -1517157784 1896599461 427076570
188230028 433044984 357879605 -1392398751 375471345
1139404073 -2138205381 1429573676 2105997117 -2126655051
-272061444 76296714 308765192 22582093 -1790915604
-992199241 -917865714 -1138638678 575674584 -1295106413
-613937620 -864844050 858671956 1598875574 -388226041
1099806954 407803158 -27240014 -156638523 54048876
2146578660 1286705758 85502794 -989065270 -422539930
137806542 1184899651 897007271 -1878041766 -2002057685
-916626585 876004566 372621681 -2005233598 1492091993
-586078715 1097004876 -306219031 236729297 -1111875467
-220926048 392573431 619515862 1020609117 -1879789613
1233744649 1418788873 1659307049 -1668088837 752288342
-6438732 -1029996057 89286615 375567253 1871792163
1114269233 63984081 684645261 -453349710 319234914
-2143546004 1386427643 -683042612 1671223400 1281551676
-1225956700 622299888 -992820033 -2021815276 -1793714983
-1954684770 -1598962846 -1884914298 -653041143 207460870
-901795689 1851735721 136046129 471038195 -1230655018
1788841524 -1845185576 -191237529 -2074106978 -230732585
-1487472805 2011304087 336969264 1200021617 790883043
-137096596 487289384 -289076435 -2084890685 -2111067085
1729674275 618240079 -1698338649 -2005303034 83619614
1872270205 180581909 1071360726 69988769 2008907725
1666238023 -83457302 -1841032240 475735974 427536399
-1792777122 361567731 1335359566 419045442 189306251
2134836435 -1924569110 -196287187 -1525101929 -2006255259
-1474271184 791093117 1942698472 871655699 -636691191
-536132761 -1116006985 20806646 619886008 1830570691
1428131698 -1143692546 -1047203433 1430707841 959511903
1487741392 1320397219 1705819965 -601949163 1474045805
382352732 -1714725051 1715820908 -1546768361 900221911
-210369356 1910218220 -1671958030 -1153606079 133899583
1334900976 1508481874 -650812333 -680802605 -140900055
1050716750 -2814274 93734563 -1986380257 1101630303
-33538654 1751667039 -149177999 -1360232009 -1333045206
1193685833 -28471167 1366976951 1955097708 1903725291
826411277 79151934 163857723 1709290212 -1245958915
1989267499 -1108016459 -1681326218 1434293087 1293702193
1793431571 1532206020 -1362862326 -1356345932 1716783898
427364907 1412780692 -213242281 -1821769766 -1606478038
-660449788 62426381 -297776920 -1256679437 -1457362720
891185532 1964771557 -298069638 -2006041735 -2038963698
852920075 -1180727389 2140661608 1573729382 -2090039898
-1974147398 1257836883 1913230092 767416395 590046192
1925703915 267416768 -472849446 441991778 1857041989
1654378089 1274363507 1719200134 116477718 -735736404
-1557312923 -263901870 1371770106 240516164 -949179876
1483174055 -1662666325 -190012928 -28960623 749717076
191704769 2050084699 1162256231 84828000 1360041768
-1871081035 -1106654822 1380164558 -1332704987 50164281
-874471568 532291577 -2063760490 -2026828790 -1195781842
-2064986013 699163950 -987357 -772285478 -648806981
-242470617 -657236868 1762827068 742794755 1574301587
1886416093 -1397910559 1155923948 -1531868617 -1671619692
-19472709 1380849170 -280023263 -1470596019 -1327511235
592282171 -1240308835 -742854259 31701196 622903285
992238399 220485667 2145497493 -1387729564 -24042825
-1119496301 -1785731480 1304746426 1929069591 -993379711
1879262560 1353850708 1706957498 906721486 347548665
1581915670 713642326 852831812 -632895207 -635033015
1165762702 -856624764 -1771777316 -901522195 -514652707
-1929752965 998546206 -1752533526 -2044239014 -670266031
1803314624 -900653537 -219030160 -2124961553 -364445073
-80060465 1366413203 -1711022179 1216176504 1483424690
-545756987 490703151 -1230074252 -1145545587 1038406728
-1213657204 -640556689 -582256378 -672658851 -1048587842
1402383324 -147282630 -57535336 -1293819924 760862840
-1300865237 -564813024 -548409875 206815868 -1996486867
-1725259724 -447217713 1668384151 1657931132 7944789
877152139 -548414841 -2034482451 1066451014 255323719
-318705805 1080240687 1427255984 -1961063694 -1077583076
387404449 187425361 625713348 1233402761 -669551491
1711898360 -1706797189 -1613539690 -530681198 1294079730
-839065054 421720505 -1379977363 1163549835 1176249007
-793421345 802603669 1866851845 -2020498026 1719054059
540592109 306416864 -1832964126 -1449759276 -893900654
71272680 1921453005 1399655154 -533196233 1000024969
1683173764 -1802090072 542032796 -210577612 -848048394
-1740505606 -789841202 258150213 -522137919 -1546643414
1194577297 -512930441 -1604172975 -2133174380 51258628
2005022525 1206641235 1346458510 1024029674 -1384175229
1819719604 -1362030361 1941519249 34413598 -1087170302
-639442404 -1981610014 -626270744 -75076472 -1810991254
1769914556 1383256442 -2070052245 524174191 1086404950
-819348747 1056053100 -1450578565 -350978534 -1604658372
-79363333 202768787 -1449046129 -849531648 -402996920
607104821 1569998285 1020775897 1583527448 -521983334
1537308201 650361687 -1753538897 383078114 2019136617
-1208152375 -1939760720 1214364642 251093812 538539256
1009294391 757752546 1102284742 220735712 -1222064871
1102653817 -2096219690 1057511976 -292052645 -1773754878
-448120781 -190491392 -776414725 -356991399 667562318
1629946254 1646996506 -2051273507 1683365416 -2110053241
2007492024
