10403 256 -2048959405 2126397303 1973559645
-268734325 2134664303 1111048851 473305899 1806012206
216435375 1058295645 357715111 1067208374 -1667938642
-982844578 -235136024 -1435655156 648212993 -1602361673
769199197 657179741 2040672380 -930772666 -441431088
-950244390 1772081210 -2056338487 -1332975123 -343747351
-211893983 576768961 -1498726803 1247774054 -745455482
1977515618 -1263839480 502442921 1618207572 -667107452
-4969552 141331325 -651715427 -1248547619 174464000
370617688 -1295020586 1946374977 -1344643226 -1738558269
-348696292 111838571 -923511979 -1757776104 1636313856
-1148690983 1616437128 -188360661 -906151801 -1968163854
-1860075386 491474657 -980428527 741834371 -1343746399
669695183 -1260472182 244739734 1025382812 -1915086727
1625576409 1004791822 1945563969 -401029816 24546953
-1371482782 -1503039352 -466159669 512554845 1520471391
1325920892 1876386209 1092529562 -834709653 1149185596
648583980 1316575040 1589014810 -1870694533 368649247
538231382 1312418340 1244173134 2071701265 948600196
614188389 2050092236 -1674994505 -888530335 -1220299923
-733532037 -158823239 -1215560200 -1251603099 -639429119
876485029 1429728027 -1832026421 -1622849695 353090084
-879134692 -1621995773 360678035 -1398974327 2085970470
1405494585 263871696 -133484615 2054683583 -1754179482
1578923954 -662745645 -475653086 1569413843 -391795491
-142067439 -654789752 -1092593489 -176749450 416267686
-1199768718 -336656640 466569721 157099323 -141985037
989720323 -2029278798 -317294423 1707332896 1421407406
1581672171 -1774551734 969175538 685005484 1546990567
814279147 -1935104474 -635414462 -2144629887 -780463521
-288049942 -1856701306 197523537 -1283901627 939786535
151317184 -671424603 265504349 98722963 758990767
-328443150 1129376121 -133701245 -565041273 1853353576
525009163 1047785672 -595155606 1900744501 1866083796
-511652854 1159068854 49589860 -1104824176 -1118923520
213874425 1255519917 1180566126 1402951711 -71691840
-1484762347 1265240436 1160095554 1174050235 1354757341
-780036854 -511508468 394007570 -463027678 -1592782810
650282076 427006445 1870537519 -712698402 -1629267797
-312526166 -1499991466 -1436101102 1192527546 461199668
140024791 -967310997 -1694946238 1969382552 265088128
-46325392 -2045363118 -601671367 1262954062 1417410674
-1892667227 -272844105 1662902106 1890193043 408649225
1886188490 -203851105 1600934166 -2038966733 -1644295528
862001990 2100880344 2104503305 -750525891 1190326341
1659463534 1207531195 -1493241717 1700826071 565946055
-675671903 -1125516470 -797274382 -1168579094 -715531326
-472843734 -460736849 -364021371 935295928 -618323847
-735233641 -13433959 848977404 1460325474 -608686289
-1781268292 -1352358423 -1200899177 491748663 632126968
888475524 629198594 -2092657055 -123506532 -1992236227
2137710915 -2019262833 2034564461 -1705910135 -77180963
-1306023846 1907936436 -1787190826 1907780033 -738418497
-1528015800 1670331538 -2092835706 -1588186068 -25852006
1718965773 1382152822 475374842 572114116 401005516
1139136054 -888905397 678925527 -1854762766 1560591199
-1300389369 -1451010662 -1995067925 -2080738616 1516268163
-2013218835 86637444 -1220464893 -1577439788 -1842806178
1229379840 2013754730 -500735571 891452100 1497963759
1650809147 -371524992 -2044981068 1743905664 1238224353
443265425 -169716943 1953975492 -348053245 529767658
117241402 884669766 418881291 1844200462 -546254742
1816301647 202518801 2040596682 1523724550 1590424968
-1369173053 1422951575 -718281541 -76708559 372212324
992137157 -1420720233 30253436 -1375313423 182915388
720155774 -263002125 -1009625677 1933570681 836116807
-1401435521 683571304 -188137935 647576368 -41938086
1328704428 932297180 391109034 1096152371 839893127
-737510860 -1371518553 1534147904 815540278 -1686334467
-2007493083 1416945908 1006350529 886668590 -1430144115
1564434785 1143736430 -1530253174 72492116 533697539
-10752151 676416607 -501439757 1568781894 -1145268913
-450146182 -1898104614 -832558305 839034613 -662419429
1161598709 66912433 -1831519744 -299757515 -285216967
-681691829 -296797833 -1202469329 -281384802 -2047554840
391060832 1052997049 1656613414 1858193923 -272194185
996147779 1048583130 709685220 1066251826 -59943243
609552869 -1491074152 -1526518958 1518436372 -1099045412
821290125 -1671837688 2119779065 609534886 799129409
379786719 1271074612 1001443388 -1228401672 1199912073
2106673336 -1804895464 1827891409 -1323031521 -1432802973
1752420027 1447195493 428862994 -1606010245 2043027350
1671852762 -1689677773 -589490621 955324231 -1930538105
-1917644488 1686529356 1428798084 840228401 -2002914633
176671837 1761639898 -66608588 -1035422748 -708048768
-783965592 1928269489 1208822676 694180009 320863357
-1497312139 1834524146 356721814 -457436600 -530286659
985759144 1520657364 391153616 1121467482 755700342
60514374 266482372 934317663 -321813192 1101183845
184364163 1135499472 1084271043 1453544355 -758060449
-1323181293 1287908842 2118561518 1336473878 1807110718
2029248744 1198620919 1931273320 1472403439 601528955
450848010 1304555980 859134159 -1055694608 1824116101
1258521284 386893022 1865711153 971975400 -852672400
794157486 -691048915 1040738701 -241378354 -335524557
-156718845 -62705721 -38167243 -752237843 115524863
-336330219 -1236298058 1813047887 -1544490402 715520395
-740109072 -766591419 1609922215 -717302060 668438869
-545934042 -1840637567 1780879890 84160713 509734649
1562902529 -199246758 122550723 1405066399 220293330
1604729417 135512725 398746043 4360096 28868243
376124085 -802766758 1048163503 657476966 -734286998
-2126500846 -639303715 374832968 1415212230 -1934894544
387124322 1443779027 882071511 -1463357353 1296452072
-441845099 -1409667114 -2137975580 -5231646 -1169502646
-1740711416 -535966069 -394430732 -1018162815 1326226773
1023461327 972451587 768376724 -271478870 542472661
-2018237524 -899869105 188700442 989545667 1622828322
1810596419 -34467775 241074228 1915190579 299269641
-41364151 214810165 -1798588271 1606186712 1730673011
-1467132598 508851794 1323558862 1669810710 1047232766
-23208787 792888995 -208081425 -1127940634 -478843863
-633710251 -2134111061 1557140813 -1362181746 -1265064087
1243341271 -1308772432 -1925032537 100033848 225820224
1610602957 1243070543 2025739838 -362448327 216456314
529338424 2013702086 -1092810090 -287222449 -1998868138
-300176121 -1071845758 827078892 1408278303 -866961245
-1507726634 1348074050 -364688179 -502910186 802824613
326439744 -1870720973 1534933989 328419658 1459453434
-1649281088 361757471 1937363725 2034914039 1820652349
-1885542910 1718686945 -1642448852 -1233396977 -2011372338
606195688 589990136 469893668 1726537306 -2052016064
-1443869306 -1211967946 -378700135 992422018 -120299537
-764543305 1969721333 -1056853672 1697326908 -1241831914
-334267544 1592130452 -123834957 -1985504949 -1015664967
1831800078
