10403 540 -1205961424 -2106066866 140042195
-2030545778 2042057269 -1452394894 -1566518872 1304431814
1317125240 -932531612 1765013482 1855634430 -939500151
423821415 -572880556 -1460661751 1640821698 1912492365
-1047688110 -2124931128 -276470502 -1295014016 1974358335
1523788410 2141618446 1332541298 403716917 -750839674
246945170 666644658 -884652766 -865583417 738630643
466075728 1864264707 -1275022647 1329617051 -228025306
-2100473214 1712708131 -1056484406 893574117 -1680277097
-1839122807 1130139514 -889656956 1857023379 2037540498
-2068764874 2030911799 -772891192 -510023485 -1594303745
984448445 -1199246201 -735033457 1313282086 -1791093558
1330646470 1842273865 682740017 1682274484 -1718344113
1465555341 1506796599 -447677973 -269755804 2055312029
-193480922 -624775002 1587786603 384785547 -81971014
-505540310 1264055471 -204008358 -820234313 -2118437160
-593938970 -727830483 985104262 -1574348684 -964409129
55534768 870237845 1306516736 -395193036 -843107821
-1216300339 -1156141414 -1036988436 -288603773 -179146068
-1107437679 1697645166 -384496884 680989522 -106285184
354498237 -233816169 -1843551708 1128235985 348149603
980374686 -2043891189 1886177295 -157203414 30716247
424982726 -1421092390 1650279669 -1179409328 -1782811897
-1593485902 1217484216 -607015244 298966691 999480284
1043697121 1215999961 843885248 91889219 1534143609
1282173412 156071115 259726078 13772844 -640539681
-2112395930 -33659236 147573154 -1160068647 1848321556
-1167854851 301534719 -797461404 159268737 662646763
793033678 1825323683 -1915588101 647118631 1677992998
1666823280 -482629673 -1247439947 1930318803 1442969902
-464105745 1887714551 1928325721 1865546399 1987377631
-826369456 1123986734 -1499433516 -1106245012 1285543003
-629965523 167376563 1090596256 -1760834387 1324608080
-1881619738 368216979 1704499773 1510228725 1119220680
-410165793 -1321337457 1859220615 631823948 -1350416532
1434279820 -1195195842 -1547760738 -1643066951 -234931977
2027051061 -1572113418 -707357263 1115531019 -575925655
432282972 2073715123 -897250476 -2055436979 134041676
78804695 1693838700 -252138562 -2109922890 582519649
-1826694278 1688345282 270608185 2073686469 -556123253
1878788689 623085398 -811698460 -1438893782 1064681883
-686351773 -1677017991 1150561838 -332421342 1677587538
-2052087566 -2046504537 530298194 -832288317 1850279710
-1047522980 1049807481 1268062279 1662195960 1065624440
640172632 389801575 1424283867 504765541 -1115402
-992945547 726081935 -1985369449 -843307791 -1875092144
-451684359 1987848824 -1922893656 -129309150 -1543298316
910515492 -657801844 681711128 -1169217686 1999487873
-2025798390 -1966238628 286661466 1873806064 -1280379287
-245922734 -1323784798 -22105645 -300261569 1096635997
1219100438 1105627486 -1768786867 -692954184 -220986148
841916980 -1567315435 1197756805 -463375419 -109597711
1422665316 2064769912 -1172208840 -1224575684 -1289952060
295879749 -914259677 -336599734 -419158222 -951276167
-2000931056 2083500808 -1244708000 -1298491420 1348488061
-849032679 1987285922 -1217779380 629460654 -1690887555
890715680 1332042300 -1526281823 -1211170565 533734230
-1612311559 -46315726 -725362441 -615021110 -112344381
-2054256259 11911238 -1494057608 2047174199 1086796564
454223786 760566020 1898843476 -1692920184 2059107719
-1517469424 -1638632618 -531867843 39346905 683347724
-113498288 -1126314789 1226829397 1986605588 -114269327
-304605945 1652307114 -1899963179 1370362900 -2092386523
-762635132 -1879593569 -506065118 -461111170 -1406129608
1633834684 -1370863927 -98674433 -575073378 -264976842
-1032032900 1639782582 216454715 -1487333421 -919664297
873019587 -1717618275 -919606498 -562861497 597685590
911800586 -2111012307 -199421445 1029373340 -2084183631
-140832496 -282312412 820023754 -1593139961 1570560404
495188820 -668143974 278299887 -663260769 -1319412663
-1572131802 1307625404 1966330659 -299925255 1985457084
1971372244 1734073807 1344984972 381135737 1181367842
374521353 -54240657 185624729 698045504 556441996
-137652976 159608375 883507672 1402047860 -1816109109
-1055882603 -1633000033 -1714928994 -1071576741 1190045180
610927500 1374044373 -765184895 -1967604413 1657672462
1931814569 -1062319264 191774109 -1305424178 900311540
-82553772 -266609357 182594877 667699062 -758657829
1745998231 -12784362 -1785341659 1908262206 -1444735829
-1631706429 971797687 473859057 2076621240 862083576
1085974959 1242986426 -2042517128 -455798627 101924789
-1091237431 1440647439 1378543601 -814595608 1532838794
-1741780988 -1004136488 570602033 -2132298066 2140383107
-2082153879 -1301738194 1474105183 -1395093457 887176669
2029391096 1549553879 -132938604 1606899216 -1925272599
-1547970766 -1709942479 575811468 2112609797 533926403
-978684093 -2125599564 40111966 612681982 332291726
221400967 -1491992354 8377863 -1757392682 -966940516
-239787055 535004974 -1994564592 1141958322 1027631070
-1112892095 -1510386823 -69343551 1710046585 1967402163
-1848589065 717061067 110001674 1483848175 1105373814
2079466347 -1999818800 -516181675 642150229 649446969
-186265829 1794102310 1395554599 -1115467753 -2141467262
-410353101 -1177971606 2036764489 771715628 834234628
1600765361 -1573961136 1820734536 1030307848 -2137602464
914972102 -65049827 -1445613488 1816278927 -1923837089
-936293616 -607751154 -1977355758 1122345961 929861428
-497044391 -1044428930 658949328 -1621720244 -2039495702
-1269082619 -391742298 -1984667937 -1652061310 1672551984
180743717 1703589287 -1092068908 6572944 -148423005
-193236740 -1320814105 786580823 592637656 -1921897816
2097378467 -2070332932 1239302621 -1870620152 1236334398
85358186 -1214816030 808256412 2033177521 -1477962128
-736034823 -339129877 1210089505 1365505202 537097076
187181540 666045353 -1043191916 621727239 -923320919
2102871149 -1054993235 -431738250 -278271092 -1880509806
-1605673529 -472041633 -635101440 998167254 149066172
1806219284 1277159915 1204925760 -157003136 906105480
1290465549 -1665442658 226279110 -2108504793 -407185943
-194102060 153122658 1506748818 -1909913174 -791510059
2092082605 -985341937 1595592439 -711999619 1536967488
1071861505 190320468 242850142 -1801993046 2023763529
1877691963 976050501 1995156634 1734205074 84584839
-1492489949 211816791 1003560417 760976312 -926119598
-420438391 -883766772 1842800515 1909701094 -1921569865
-1450853696 -923392807 -1818674567 -780003010 589091743
340786231 712986122 -859167634 -1373717692 -1607401853
1199891834 1864505227 323381788 -608334383 -724202880
-1735143823 2033192894 -934925911 -993787204 -1943267093
-500517765 -1431227551 13760856 1359543424 -1110061364
2144060595 905776077 -444750574 -1535815132 2043403944
866421175 -1228111333 -1140084533 -357900186 1923027600
-1653773164 1346477011 747890804 1583599867 1043617465
-1234348960 -1244581438 1446795960 -2012730856 1157733409
489457614 329832204 637309998 -449161586 1316054014
667518752
