10403 64 2013481330 -2009276155 302446323
283104675 197468945 -1434137304 -1285385544 1839434764
2089160719 2116033063 51405888 -394129680 -461556905
-24928141 -966308812 -987373920 1369521815 670542823
522692613 -2095452676 1150583826 -2013366905 -1266845511
580201170 -803304710 208481963 -563631011 214658007
680551322 -2032930155 1167335217 647194839 1945414830
943416636 113376442 -854668809 1899788543 373693631
-2021118597 -370953032 -143197273 -1314790921 -1694564107
-760551098 865423707 -1163936025 -538427930 -1174251414
-889041938 10978873 1010210285 -519914203 954311863
-1518158222 870362260 -81659788 1865539366 -2099079656
-500554036 801276605 -1556505058 -1437836009 1807106616
1314428120 -672926366 -2058258724 1803549067 -1122728105
1855019361 -1405057529 1198750934 -1365575464 -1632575884
372594291 141351330 62862380 -392244445 1738598439
-1713579325 1334541727 1759036934 -884477710 333343660
1656098306 -1239795599 280748534 1114442401 -812712387
575555951 -194050361 -1351296515 -1081575354 168365222
205208808 -371862700 -1174873835 -1443222463 -1192323659
-1136830442 1031065597 234183194 -497931248 -348258208
737066312 -200568316 1267297209 1206817555 43601289
1389884465 -1905058366 427854598 -1192611558 -546075260
1877999503 50773267 -603984598 -1407781869 -905737128
37433641 -1341855838 1645277868 1017310093 853332732
429019626 -404356325 -1519460888 464810173 -724963267
1481123588 -1782918111 -939413115 -1141594380 1331327585
1594973676 2033714916 1219692471 -789140114 1127240053
103771694 1429392816 -949318284 2079720626 1751527529
103964812 1293010406 -1840585919 123661902 -1393433451
1934971088 1264969617 -1424578594 1118747860 1306700502
-340605333 -338853910 -437444999 444327080 -951832932
-1674292786 -1931568232 -1272439481 366053962 152425720
-1152199826 -109938013 217808622 757943143 734112988
-1885735147 1636451328 1081934262 689367237 -353400720
1930938180 626089552 -1240685120 -1804837921 762477936
1162698528 -1988200084 -821496660 55368119 -1509422438
-80366456 2124475266 1900710869 1020328601 -657311375
746861034 -123056562 -1495931215 1535586297 -996331598
-788045605 -1288145227 -139497045 819769792 -1499410679
1904143902 1701353739 -798973808 1082165041 653479477
-1626149928 -563430416 -1729162798 2098896576 -856176868
859319954 -1617503119 245533954 -1696433971 366569177
1825877579 -1337441846 1360262335 -1055691135 1904724257
1485141394 115001509 999181048 -2115619783 785392848
-366160058 -1921790334 -526352051 -239871449 1031914436
1480966627 1138526098 477885804 -430569165 116958146
1283307010 1513547785 -511159500 -707043520 1545207783
424669186 608289990 1794006151 874079599 1652582376
1738063817 829482653 840449926 -1992137846 1865904887
665197930 -532968 -913515935 1173164778 -1524979548
747735697 1417405951 513076186 -1654882538 2129829875
4993984 -1155152940 2013255989 592669214 241520846
688568452 -1326001897 -668843298 1668784452 -354767304
868277787 674865988 -1156016006 1295544383 -1296320405
2007883007 -943404387 -1177367052 -1784867867 -60955531
-2003060999 598547556 1183520023 554603011 1938422159
-1061251961 571661410 -1472055292 -1529764582 2119678055
-768024288 -1489929055 -1159710375 -1040260875 -922422741
-1586991746 -799762517 -676669142 -262410582 -1322258748
-274450922 -1099122587 -1802159945 -506791047 1476495186
-399396905 1618267270 447240609 1263576713 -1920903714
1344528985 -1941829840 461628615 -799109524 -1245390165
-1522509892 645626922 -1411603632 -773306905 949715767
-850623463 1623555446 469463253 -1863140645 2070498983
-1698865729 1740044136 746309849 498520776 -157448273
-645237032 -1000545826 -163081893 -1677923466 -1805491123
-331638020 -2099603619 -1150694899 1661377264 -184866664
-407480861 -1740026170 -910019983 -251973397 382609190
-2116345382 162225293 1866239974 -841667463 1953236223
140525725 396040241 -1099666271 1824411243 1723636196
315952250 -1978126578 -1972314992 1744281778 109442021
-1713344583 401706052 592446454 -614247806 2012718583
1062242331 894549204 -767462164 -636921273 -483293647
1295216201 1702021082 631241529 -1720171336 -385493101
-126656991 1533159099 -153313001 -94960920 -557967337
1951458140 -1739235920 75030743 476852322 -1366864311
121296766 1483890529 656946903 1267347328 718831605
573726527 -2058358782 -1257271060 968372966 -965769100
-1620138944 -1051517063 -1963331091 -1197651236 199073909
305996876 -481553671 -1715983350 -1865965349 -190590358
-408175276 -1641932172 732290370 -739382502 -1935962817
1455454681 -1525314983 -1074035560 977961565 -2081008321
-919685472 -1222953632 -1091165822 -50618154 -257295841
1737249938 363347456 1303735994 1849608915 -1769735696
-1132054838 918202094 1201830903 -648006183 -1961956627
-2003429655 -1328155620 1978067921 -521958854 1146300172
-527777018 -746301913 -732486180 -295440297 1305623463
-2060155164 1538703264 365857103 -1826893545 -968266706
1854189154 730624697 86944379 -1883167154 -1256117453
-1351689093 -1592087908 -1061978182 -1498693825 -1511158467
-1167921191 -1613557085 -1372111630 -1845632852 1489390189
1152100425 679281781 1251373720 -1258919872 773021267
-1513188072 595130538 1797734670 -1620290773 1585677095
1363977056 880629107 1693056430 330148759 -235333558
4452470 1811365782 1981974643 1375313290 -323977158
-1262002995 -2090759354 1239096863 -672911038 -1083893998
-709839726 1735714442 535526262 -966622641 807273878
1726464134 1882727928 -427070942 1140410730 1599376181
1970590623 -454812412 -657795017 1787207941 -1601168807
1820609879 1967208536 -807612967 1783902248 -330307833
1521207145 1884619790 -2054422589 -968132881 60013050
-22880940 -1735663500 -423996083 -1471864379 -1084248012
1279664583 -1466862350 -739867475 -1045104436 -1044989899
1264408278 -1226036604 -763437522 -1932876104 1345492181
-915652660 -1118697487 635172307 918862452 762941593
-1145852567 -175306615 -1453561257 -372315452 981803146
1128058548 751045588 190964633 -1427626214 -1037980344
47678400 -72762626 -652032605 -1048184836 -1303308488
-594357209 258043786 -655650214 1785468019 482738060
1245429096 1243017465 -331579408 1555506687 -1354470284
-711464585 -1395453627 -1078517468 1802476443 197409441
364082878 -154476907 -154283972 1787241351 -769099134
129116334 -338916120 -898523507 1532789357 -152867489
-778189958 -1359125928 1383596727 -1882173924 2109733914
2098107549 1883414812 1976255822 1178632506 1759324995
-1021209529 356284732 1949587504 -476722373 1844963053
-248430840 202239074 1114676555 -750295982 -1065747912
-1786060632 938910141 -402184321 1712369502 -217126673
-1878685445 -687131337 353244329 693467401 844929201
1646006508 818297861 86915747 -681881890 -510405392
-1462405655 -687227537 1534467981 288410881 -1665434705
1591945054 -1402692116 1125209262 -653392973 173791145
-1344035324 -2103833024 761470511 -564366118 493816807
-1614629017 -983265660 -630243195 -1199765092 1349483424
-2070090139
