10403 324 -1111425 1317231719 880718545
-1052847385 -247338284 -1752900805 1037900482 1190089092
1641306118 -1246033169 -997905604 1450253059 768892146
1587941744 -549140922 -1489225810 1765971757 -1595100691
-1190768301 105518784 -1430227537 -43669752 -350159060
-870088285 1856234624 -1557317045 -732998664 718143021
-427092226 -1027094295 -1363263209 1336294294 -1878381047
-2069835464 52082105 1936953992 741436813 1955386603
283025130 -838627005 1047557623 -2083033947 1168037763
1153118082 -1542845094 -1476172968 -2001673253 -1917552860
406276200 1614554298 -1832154336 -695347892 -1153986922
-1149020652 -1045440275 84745732 1635709970 1371810431
1471952177 -673542669 440105743 -1091002215 1440746058
-1709887461 -1153992864 1120498708 1140102225 -1285734020
498486627 1156897238 -1054655929 2007611459 846801507
-1223254616 -1847988777 -441736957 1674404846 292510442
1957307894 -1926006564 -638742262 -1690478537 -966090143
-1671560185 1253509935 -555766088 -135286394 -443729022
626914660 1518139059 -1021806567 -1823140611 -567034967
-158157690 -319058192 2100866657 -1893404732 -1758389957
1845135361 -273118362 483229010 -2099123265 -4218070
-557706930 64181147 446756977 1624711847 1081075926
-1232779464 427308250 956233570 -221747330 742678452
-819587836 1795961942 2102755392 -1047760562 -702343130
-714406426 -1791334121 1227965361 -517321571 1209995113
-1322612650 375246862 -1976117452 76994455 360193776
876714568 279251227 -1816413001 1768754260 -381834702
1462015770 1919770601 1121387026 -1658621397 -1676266865
1855895768 -1608322762 2144346621 1711459420 1396384692
2052306832 -1417160885 2112223184 1785999065 -242526852
-1136669726 422534858 -1102255738 579665619 1616374154
-877253528 -1566867359 1341721636 -1802527023 1071039256
1249713003 695308171 1902157372 897293062 -1194858797
-292277152 725447588 1128330859 -1570395345 -164715963
732472745 603216640 -1330573672 -2109741243 1755794697
1251962486 -486374628 305260109 -1824544039 -1541105259
1696123114 -1907567714 1766577197 -1925020586 883716067
167505807 1432264210 -223854352 152872839 -1288107855
-990909743 180033152 1200257577 1347840409 -2042660957
1779108146 -638845475 -683999651 -206017221 159797775
-1429028139 -812869163 -7973446 1337622209 -1872517992
-258147897 946923142 1947018405 1183719187 587889549
298176793 -1358631838 1896595318 1523846353 -1355984180
1050517088 882310594 559402077 -309756829 -98233482
-802233998 825167034 -1502883445 -1385210373 -2147290361
301225614 1468567045 -689427348 2051712898 -831635133
-871445499 -1575015022 -2133386242 1815118625 854776270
-534579780 -592576967 -1034029822 1157948707 -1287170595
378581026 -1777741525 -1783433616 -596176574 907998840
829094487 -255311376 2094693346 80260555 -922505851
2018362436 131421575 -1574829784 -789882846 1050469974
-1843937598 211560336 1611587900 -1701595604 -1077824988
-1278565590 647370564 582146552 -793101335 -782126792
613363816 859954046 2144571987 -1298961518 -585237269
-545527638 1988415633 1899828275 -790513229 -1212041292
595455441 -1881448455 1836020145 -170831595 90229966
-617950123 -1621976497 1637929165 1136303165 -1290853837
-499688131 -527757043 -2076235911 -2064473983 -561065598
1931745039 -218627324 246949296 47811629 -610320759
201034298 -2054305651 1691563580 -394389202 -584214729
132647715 955537804 213098633 -858250759 1192946594
-911516630 639800735 -257768196 -1260211349 511893624
707742918 -288478668 1115265752 1916526317 -744147214
-1328351984 481085015 1128586607 528743468 1506936104
-1529602962 511233613 -1505304877 1830431262 1801095107
1748867820 321936 -207696845 754340132 1078037801
-1993493783 214289103 1106999109 743444354 -407790998
602198640 1376485509 1799638291 -1399444783 231133346
290116994 -2100981785 1809797814 1274342411 -1220000522
-442208389 -1914495145 551201940 -1544157306 931982324
1254379779 1817306226 -1180471657 1352727560 384726362
-479696201 740813238 -146743677 -1908950584 -206593898
79024995 1531092115 172388471 1771276957 -56882456
233239876 541956892 -1129613346 -1056594438 1212020010
-1155900704 659851945 -422180160 -1974595918 -17348625
648837050 -699471044 300946819 -1629750963 -1840442138
200924925 2051084551 -1392866314 -764850452 -1757550478
912521948 -916304662 -87175840 -1375509263 -1125152969
-1048279966 1168156661 81247885 219313563 -763666100
-656997076 1346227536 1033925319 864563256 1342202848
1136998663 -1983577476 1484480655 -915554053 -1925387425
1554392788 1119574750 -896659574 811326894 1860791099
-1106295548 -1599043140 85423126 1827168145 1393807538
-257345639 -101110074 864928635 423055425 1183279648
302794363 -1068213014 -1877097060 -537619125 961833471
846434600 98797734 42400854 -1693204952 -1017190630
-1839618295 -857575497 -2066299746 -1160167076 -1856509608
1992124804 17758104 34982425 -160464051 1844953830
880584934 -1813682885 -894383773 586068572 506670093
1422077714 -1369723307 -2067731003 455582562 2076536947
1299345457 1133468656 1254667922 -284275024 -473024686
812001974 -1475883523 1661005554 2039920879 -1112876273
392561119 -12999190 -752230863 -1794677457 -959832296
-1742995065 -233970688 -1439302105 847839065 -1858278312
-651168894 1075935370 1562932388 -1810558559 1429545937
349940914 1437172400 -62668361 925080244 -1494259739
245465688 -1008125346 -385978954 -910659277 -1319099864
-1505826898 -1618237703 1181540621 501519893 -865075983
20917058 -120753224 -1042513969 1778919912 -1259284427
233636725 1675165411 689864426 736530393 638161187
-2046698525 849005185 370528252 -898892563 1804851034
-927052790 196227113 764201589 -2027273139 597716882
-2139814201 1467677771 906427655 6157104 -1944205353
1586021897 -312841127 -265414165 1579719008 557671055
2129988237 -994902026 1982672314 -1652363181 31543457
970153219 1035130061 1520763853 1594674530 1730336069
712581663 -1817152329 1970173991 166515632 75517153
1276816427 -1336632246 375954883 1945033157 1512206078
474863176 -1735196863 486086830 863360148 1492077004
625228243 -2082138375 -1688934195 365297125 -932771654
-149039066 1000446742 -1401113297 1089782609 -1741955766
-1993659065 -856759162 -1995672942 -120015899 2038642629
1385960 753875445 1460222734 1862744017 -745998170
-1490464222 -1356399255 1478676819 698332386 -891121417
261896238 102026271 -386549759 -1818551014 1220479961
-37915317 -147378158 -1106112869 -103739107 1901000575
-2028815919 -1469953360 -1984087797 -555487151 596301348
1586594638 825754464 -1236745071 -1104746887 690978609
-771419541 -1053531313 347980730 -931065420 1423614699
1368985299 -317286231 -1564754817 576568614 -1372990305
-1456867559 -2123710760 -548211853 -661486018 1406959888
1387008646 -374327174 -1545034130 1223366367 3812961
1790968945 -6578148 152361081 1262510915 -8589723
983200828 1680214780 479117459 210662265 886152088
1787623257 1139623525 432605657 93001356 -1512851877
-1787361832
