10403 148 1232635145 -1997631704 859424547
16774556 1931733880 -1353862894 92346295 591205861
-1045200544 72227666 -1501416180 1569472418 2050541375
-1246776303 2139498421 -1996848286 -1207296669 -1245042554
1558218843 1654238466 1201617929 1869726555 -193446977
-1954492054 -907719501 919021761 -2089954829 -989561905
-1936111927 -1300323675 145802502 -1789588344 1974992436
-1008150254 289200388 2033867993 -775001855 1892503503
741981227 368354347 1316540317 -790959334 -1133137113
-2037275478 1973977025 -480506409 804564188 -1660000810
1120715125 1724182892 1408474322 -1570845070 -2121678104
722083135 -858093871 1250612157 -464515252 -932001035
-964681224 1805349769 752422250 39357635 1784404795
1743686420 -739833980 611322135 1519070349 -1600121843
-495095939 -2094552546 914512260 -2055496904 -707352126
-1850595398 1681392342 1990437780 -1346871441 934233247
1115532858 855748432 -40703464 1444362587 514615700
853559326 1412984531 -104869995 526748710 -968692020
-1395263275 1723654472 -1561647592 2096441844 877766510
-1142219393 -993255392 1120026955 -947696885 -1009522406
299798883 -1067090474 183324128 1262368616 -1679233957
781922073 903300593 -539150263 507115353 -655406285
-1077421569 1290425199 1160776563 1179712648 -411337370
-124936196 -1132003353 -1140970281 -1617833802 976559464
1118110546 -2072577192 513150368 1354333461 -1035174449
1024809951 -2056519583 807274443 -1841531850 1048247919
877147090 -277587242 -44044418 1326350834 -165775361
-1248314640 -1670214496 -1495992423 -4500576 754171674
1251457449 -224271586 -192435778 -1034767840 -330596100
-487721639 -485936034 -1899774729 -918929533 207236324
41058005 1549995082 -185040381 62122431 -982408555
-1314142145 -1451514741 -282026544 1967607269 989280229
-1536934343 -1071559528 1218422386 -2128437106 -1910863314
1722525555 1768765578 537874150 227169991 1157837706
44698081 -839307387 -509203264 757292633 -387256953
-909483624 533355870 -1817512641 -1969981731 335128491
-1344726474 1280739298 -435857450 -1213461689 1659280376
387920003 411324010 -1672944447 -645535171 -1446597646
1108816402 30730932 90726853 1086648177 1333524504
-347837821 -167964296 -1389167272 -366664457 -2044656071
1160542403 747235800 1367255395 -1283784264 -1647702836
-1714855210 487501322 680594847 1193608159 731772834
-205612659 -2050906049 551169868 1294210134 -1400814257
392225554 -1621931100 -105523988 -1248538118 355631040
-509208103 175477114 -1599533651 -255755996 1578499041
1495468229 1364086553 -720497942 -562782009 977174470
2130340783 -1409544315 -50838529 1416614097 1195667673
725884981 -1069477048 1332160465 -1513655168 1545433359
-417887495 1455155504 2038065274 921069621 -1721610530
-1473020919 1308416926 379308163 889250437 218139770
-988636733 -354703521 -582838012 -1134232168 -1610309982
-136325507 -657703782 658049843 -686191795 -1079223758
489393970 -987408098 -923996016 -197946050 1123581998
-405389239 -410039402 777970834 639068104 1819585589
1665428136 -1998532872 438780731 -1249869965 -578359825
1827559538 1780508905 -817114788 177101810 -1156136980
-786853234 -2144868905 -1229849107 489431412 151231586
1534513649 -1202288499 2053489313 1924022479 2064466192
1196075380 1496873921 -2024415013 -1182029845 -1219214583
1821495892 -1710772475 -1227719241 1570998420 282295269
428137136 529067015 353375625 1993650677 1929778635
-11963939 -652952691 -536437950 308786630 2086702909
1828758746 1946420134 -1258361888 -1862872936 -187423116
228473887 -1386796249 1335228710 -494059037 -1130385485
-1260611198 888292922 -392105593 -498049380 284974180
-2033636310 345703755 1478572680 -583629379 1061571108
1708393708 -1173321312 -1825991442 -213453902 -160667021
-174395048 1745256648 1324817098 -1068421444 374761452
1571175514 -447215388 68117219 904394877 569308849
-1244626920 721358646 -2098547872 -1186406504 1455487633
561986993 -1657658282 181835012 -1608942184 -1870394160
1617259002 674949135 -1941219419 2007616324 -250762961
-2033754576 -1253037248 -581443568 -62034765 -1810637142
1954291846 -1759500143 422478140 1559002900 -2067077010
1811509378 -484780039 -2140740762 267970313 -715250723
-1105062492 -1875397393 -1346939858 -42104621 885988043
-1734380830 -10262674 -1111259903 1746447266 79696699
-418715220 1296384917 -1247152481 -2022515445 1245388333
-306513138 -656524413 -565897630 -1728952488 1353956546
1195524808 -2074560537 -662745697 644007658 154475199
-509279946 690416657 -14722051 656702808 -686014815
799856282 -951038743 -1868208054 -1983134270 1580837967
1351007527 -1425435352 -385084822 -882756714 -1485458081
1198650875 1991143926 -843605165 -257990729 -360513927
1785683377 952747944 1115019703 -1554788570 -249845660
-539485603 1125264031 1054167350 -246454772 -605122381
-1352298943 -121751237 -1405427141 -886300315 546624802
936566086 -4784154 1216127490 -1652658403 -661395839
-1351990515 806733325 -1322548812 23459293 -9503690
-1325623852 26236881 856057985 -543124381 125720275
-490928882 1115133376 -703083428 -301627420 1423592459
-570885070 1370979755 -824069385 -274530051 -1814435844
-90348121 1822816494 -235221038 -821707089 899977609
-742137675 1640057463 -684686242 815855822 -905712871
1139915868 633217225 -606675634 -729481133 1013556568
-333544376 1417603658 -1196412234 1404813901 -1499707055
-385761442 -2106843897 -904429487 666927483 -284612838
-2106016278 112234870 -875341968 289768464 -577953166
1632890302 -1715942202 68101270 -174497286 660974854
-1421214008 1502526068 2137620322 81270849 1091249848
-143587600 901528117 -849224136 -1512475245 1020770181
-910244076 1884989641 1789579519 -1929723535 -1031335593
665635615 519947076 1497340843 -813117461 -418907272
-1621135708 339683403 1407233824 -1691232496 1134839
17378234 750084247 -439940005 -2008352437 -1278096113
318110647 -1390006076 43076278 868440716 -1277770482
-1145406663 957058910 1751650389 2101214539 -1107988369
299691267 -1625520699 1787253367 1463426572 -29092876
-1662318385 19496040 535461943 2067156313 1078030089
558746705 -361891309 -515995131 -1802737448 -1136454014
1784856975 -904810119 -1236169517 1707110246 -577374466
-776107844 1659609464 -2142380384 327914520 293742224
-1680342681 2128219331 -12543041 1134282082 -1842779230
-1026319064 205262379 -492477061 -2000931848 486549654
-401103185 -1781196633 53525337 -207490225 -1039713009
-1533220212 -629404800 -846480772 547411265 -1795109284
-184693301 -710542825 -38909033 -248564026 35913951
446339419 -507351849 -1509763925 769773960 -1259067810
-1081117738 550771910 -961623816 937301159 2065123282
-763669962 -447399562 11758172 -1780384969 -394337920
-1771656594 685882096 -416042704 -1111680484 -1349400272
-1013467089 670735844 -307547576 1752011158 -1009128025
1212008335 272678213 1672502745 553169924 -1234654274
1828067647 -1963863053 -354818599 -1231090796 454344206
-37623890 968619335 -929369522 -162863826 -363985627
-1680460623
