10403 152 418107728 -536326613 -1944954709
-1791447776 1541479832 1275731371 -1345341039 -2078657393
267559965 1115027139 -1735703912 1345233797 1253037521
-23346566 1136487033 -367042677 2125415735 1114853645
1894368680 30162982 -471701391 2024376384 -1775073188
1710638037 499986416 -1002784973 -92915387 -753736118
-617618379 285972390 -1238549292 -1556050852 -2120546075
-1518232833 -1480896346 -855571636 1813197606 -1150564126
-1298381865 876682245 210300669 2137913427 816864545
-267643806 -2017255028 -1431669092 926123984 -241874022
149795718 420175684 -712655575 -1136553065 -1547354800
94668048 1926676729 -17282263 -1755923044 1623846626
1528947459 -1064525557 1729843491 -291570394 -953752825
-840920999 -1836230528 1000081468 1117612549 513685604
1443212108 2082933819 -183352807 1066104200 1606664514
1119425318 -1435410045 -1711718234 1724960931 1262884284
1967380293 267503136 24776213 927845115 -832560245
-1544834994 1824068377 212835422 -1205289226 323084410
1610975508 377771384 97286672 2083710488 -1807036061
-1014069241 -1436309822 -223280829 -1573290681 -1765006822
-1019091278 -700667917 1257613607 -191861514 -973082060
-188225127 -937730160 4788818 1820198092 1151307238
1923624485 310724660 -402612479 -1030105725 1691979122
1472418697 307958304 -1729348799 -701320343 -1446264124
-1125386655 -458002667 -908828890 425443034 412951959
1506535848 -378115319 601378480 -198963709 -1878032288
-281485914 560522292 320403271 -865711399 -1318110924
-283100664 94658291 -1902525507 2025921471 1146558152
-934170916 1576603261 74555036 -326371457 1178691104
-21085223 943131300 957490835 -1979928514 -435539235
-843976781 -1712737883 -1388778522 -1695193353 1502184704
-1867726132 -1136266086 -896441926 -393874417 -419871981
1243907678 1993612257 -1129190292 -708933032 830225317
2146182449 -252858248 -175068673 1374519450 1327363717
867522833 1629405895 -1055493104 26316432 1195155891
2035659705 -1462230824 -649027629 -1259907291 343431427
147836644 2106026321 581553982 1864568455 -849757105
-591146599 1272381151 514247678 1689556862 -521715391
915439061 1153837798 14780860 140231876 2090472461
-662346812 -1070619165 1893412015 -1278945594 698535331
-1506418827 1080102738 737812998 1510569050 -1092979553
2008909460 22940879 -1059186410 1782504217 -2048917813
974147804 -760125222 -559959148 2134716156 -1363247229
-590751596 1708322044 254521987 1736774914 1235919179
932176238 1393497338 -61198375 -1756760326 -17871920
-839245650 -506200952 351428533 -1685366788 -1236936909
1971254194 1589762093 -589176820 1240959452 -1068874982
2043700663 1986873242 -579004356 -2037055601 612333145
-1842697072 -2000440654 940235996 575136114 -1899857265
-768165719 438821402 -343903175 230571043 76146303
1807756178 501097094 1693196479 1342129603 -2068327294
-521696484 1619150237 1296404852 245983068 586621770
-478953818 -424930125 -659481342 734766577 -1573977055
1362611319 -1614890734 -1600853276 429276176 -280456919
-1623366764 1875880479 -1396479280 700405510 -637771547
-1423807046 -1420046232 -909563144 -945172978 1467842249
525661568 -1174799277 2082098715 -2144153099 84658140
1485615805 -602168169 1949156366 1403622853 -2066206809
1097148628 573502198 1569162110 352933708 173465218
1332824911 31788733 -588757914 -944902175 -2116332808
1832519558 -471806909 -1758462096 -787017227 1009189217
556453742 -1653480648 -916038548 199536970 -1390987178
1604083644 -2058858785 -384575348 1136775909 197666333
-935463056 691651075 -39435940 1116448622 866175722
1223583775 349980591 -1796000606 -512633625 -698468699
126241822 507703187 779649920 -622605345 -606144950
-1648756487 -1483831455 -1121873249 -1880847193 1611265172
1407339789 -802381892 1023420762 2036460895 565492795
1770265351 327890393 -1414817668 56956427 -769644707
1057880770 -1145423502 -1237541996 -1993670128 -202476373
-216172088 -763629886 -126249437 1776844229 2047440247
275396375 137948967 -2019887946 75836115 281184293
115983458 2084447470 -1300115084 206945178 2061984809
80648814 508485042 2033130764 -267136796 -593573193
-1794152979 137211152 1256853612 -1953649527 660621109
1772599292 2039126412 99146112 -1010120059 1748100355
-1152123721 -1904016184 -336510606 -1672312059 -75115849
-701605669 958997807 -1666564082 674596935 -549285129
-1174452573 1923250440 -1146628633 23004841 1335860456
-959171246 -1651945950 -2012135442 -1185626921 2042820333
904132633 12211913 2054923458 -303094583 1713954367
65447548 950122745 1441424704 -117169190 1478182894
-697401855 615601118 -555355507 -1820079096 67203596
1000054306 576322109 -1318771099 2037137137 1990171233
201767306 -1967480819 809710157 -1706476220 -2005902118
-1101491567 -1767012362 -1676094663 440301910 -321333413
-1416878804 -444223275 -860415390 -929580210 -39232159
-191014665 1072095228 1427514162 -813466270 -196243436
1416258377 1894668647 -1411647977 2049803553 1384333064
1567465291 140289103 -1551044564 -210556184 -2124436676
-1796450238 -75269432 1869220643 615550133 -2113468796
-1220215172 1134132691 445597561 1205952925 -1498661277
752448731 -189063912 -630020578 768968746 1406108422
-513770610 -479990329 824491235 -1317441986 -594295821
-1870236374 -1341971408 -1543317781 -420245363 -155656559
582247463 -1693129894 -1145194523 -2068390925 1251806540
-339388588 -743887442 -282338386 -747930548 345830256
1724719890 392171921 428368507 1792143867 679081088
1517753303 84420697 -996734167 513302774 1057946730
799534446 389705841 1598531864 85313020 1019371333
-1791162565 2040528596 -1604574877 377573350 -1265890837
568802637 124843363 -1498621540 1368211875 -385165152
-1737207974 -702888225 390525963 628628280 1862168584
181709126 342374031 -347051371 -1529043226 1689816546
-969747656 1442414314 273715777 -323945628 -465476102
-211402766 18448953 -2099132367 1973175695 -1463522441
-1143153762 638707338 -975431587 2087005161 1697743916
-189010389 1864864412 53404109 1068751521 -1966986940
-1655899983 1648869624 667294440 -239477816 2078615761
-2124144444 -1545010513 -223633890 -1640964696 -1622502204
1506971130 1748329220 -214476626 -609575488 1705088905
-207063976 627820718 701895644 -1170435317 1884546300
-506046583 1085849321 775318794 -808195113 -161245793
-492751888 -1847988617 1879662936 1401012961 -236097158
849615414 1568170898 331320994 -1811420181 989768655
-801988911 -1578934230 -710099308 -1192608678 -473054472
819664002 -1175307636 -335593502 1237939690 709135365
544180814 2128941160 746284087 -877740868 1761191359
-1836892225 -468474500 -79316846 749043742 834452558
-819673962 -1720411079 1065273899 1484962027 -1986986680
718507935 2078812523 111521857 -137500713 -48946171
-676518896 -1398897084 789618690 -59479196 -295891908
1011590529 -1897755355 2003433616 -612840202 1050855276
-1650438199 -444802841 578744220 -1657526915 1772572649
-1049386676 -408347540 824825223 483585838 550346941
-182375297
