10403 328 917313896 -1258756284 -1036054050
-189403896 1928975544 644339072 -1425483637 813347030
940195096 1360128058 -1950826413 -1239393168 -320634490
-1847347766 184467906 -1755290227 1111929166 1662428807
-1061806779 1865862278 -749818115 2063856836 1257853278
-1713914719 1815177093 2017759608 -152590596 -2055743176
-1097180982 -967081333 -1115690003 123994627 1753659135
-663859941 -889440428 1680760091 1528843396 1751448019
-584892004 1650269682 1799631897 -17872382 -2142050620
1228663266 166621460 899811725 -1987917037 2111702957
-489410040 1232214705 -412310443 1316454827 -986106637
1996261796 -1149101077 1948940819 -7860045 1967750532
727417812 1134596406 -1747587539 -1000572009 1567392007
939514577 28030660 -1946082214 1240019720 -148791279
588264756 -351861702 -839019843 1286011991 480521147
1009609605 1630263937 295927577 2143415551 -232980523
-765904936 119662061 -769366946 -363711459 -545573611
-475736112 1172738860 1300358284 1636628345 1474821968
-218836087 -541066445 1349904213 1392239413 -842196680
1036675686 511856981 -710444233 638539357 -904406576
-1589234186 -1899879740 1648952289 872003073 -1513690374
1257519973 -787295158 1774538657 1966566914 14008065
1922985792 1753755911 1609350295 -49832102 -2022664497
486775505 1788562796 1318595674 799471518 153257985
-195539531 202248002 -380675727 469570430 1727438630
440071026 -957322070 -2146619505 -551559722 835657150
326381184 1301205213 -1488157509 1224776941 389325808
851894081 1223522582 1994466256 -1976885700 1444483476
1016036226 1920912584 -1263179458 722666975 335298928
1760859146 1384283585 -50644996 -795926715 -469190171
472181475 1057327984 -1864051603 953814025 -953470629
-1800599178 -993783550 877399132 642327486 476578054
-2048452915 -366827121 492197150 -729280092 -1496544235
-495797083 2117906378 1589249291 946522689 735080976
206312556 737649065 -837015138 -1428228649 -663370963
1881789353 -1179731786 1790084341 1615639594 -1618532513
375534275 -1503861589 322746391 981369854 1853723894
1629605543 -210580891 -1655475047 -906168148 -715397553
-302179315 1619703907 1411490784 1816771442 1854281945
1991257654 538606485 1075847829 -814460536 366275623
-194358373 -835546711 -1325020476 1426692170 1005453133
-969092832 311215559 -61143787 598439168 -239128254
-710671731 574953485 -5877382 494088064 8688808
1739688728 55879131 -1870135893 -1821692600 219476150
1471014216 1329455420 623805905 -765410505 -1437020593
1675872024 1066623148 1343561702 201919884 1362464361
-1301188786 1903988272 412406662 -1752765221 605733337
-1737348960 1762323343 318530685 172592525 1978193805
-1500230289 -2111470558 242351845 706096171 -140232377
-490658816 -1595790022 -1793632809 1514016577 1690897130
1424352364 1810172838 1044954775 -1542947721 -362300427
-1775717861 -1994686823 695891070 -1333910040 -2048568684
1708142170 -577416373 235883441 337603621 1829431086
1728457143 -256507696 -1940020690 -841212782 -1446202082
-981664101 910952259 -1535724117 807720509 -1000915597
99309557 -1180992701 565094782 555710766 -58990688
1462510038 282257341 1355804893 -605447714 1420776176
-1223203937 1355873179 -236642464 -1001425584 -1621739620
1240404135 -324232822 -1160658972 -937504392 -931421464
-873963429 14669481 1027519074 -1271625633 -765825823
-482632969 -1376871154 726938754 1631430051 -1647393698
-384058085 -408833017 1609573050 593840032 1038215384
483623127 -1690911650 1996239706 -259671241 -1740085759
368735887 -1708516865 1506777082 1837522243 1420286620
-1270272863 1899723464 -1849973300 -15492297 1490464618
549416322 1599728569 -671522951 2100557096 200779417
-882139094 -904506334 1391219278 1916201024 -1111588878
1211172638 81475969 -106711750 -1003864775 -220666562
1995244620 1212710301 700877035 -202018026 -325407972
1081582634 -524728405 1312177459 100361578 158152613
-629583447 874821743 -1053305727 -25697162 1432591368
1597984854 -1981449599 -1748847213 -90600572 -880476111
-496939833 1801695078 -603891285 -1551744328 1451007994
-1886056 2123844074 1745232307 -1387514751 -354166415
1944387117 -2006581418 -1875273614 530007272 703903852
-842251675 -412884627 -1762321005 -445443267 -2010617933
219865788 696230718 -853023539 814203067 -1308847310
1117905332 -1754206701 -1616782040 2072325434 1219689014
-374577058 1097068787 -1269786893 -1331094122 1185645337
772300061 -1419367959 -18803345 745582821 -607305839
1005233871 -903843898 -1582632895 -1295873454 -2004109582
-1882022110 -58261976 934254762 -141969656 302618630
-952323442 -429672794 1584680251 827296396 -296189903
1039140655 720554157 -932162263 512605528 -851807511
-261048656 -1548836946 -1993698937 1778105656 -1681950454
-1400717953 -506820323 -1328623651 -1569004953 -1230629773
1648875063 470348549 1543576824 946948592 -1406603977
-1418399356 -308349429 -664624403 753010546 -22998965
-198475556 657106804 -1094689437 1749905195 -1173669644
579719154 1123298849 609405023 -1519742711 1398935610
-330656652 -1827269176 243885042 1061821011 -985599148
987129517 -827045958 -171348855 -2028757966 -266060884
-1704243594 -1738565473 -894888510 -953350975 -89529124
-2122866457 1530353877 -200192659 -1750091273 -777291025
-453638160 -1969585240 -807894176 -2145927996 -747301420
1499001059 -1203572379 -919331500 -998657620 1630382589
-1315588723 -1132497137 1839412344 681932715 -1224737300
-1955194047 1677414416 1459964956 1593664192 2102342641
-1584137558 213932138 -1561804547 1173540021 -1005283724
851771166 -1925556150 2012918730 -1440649359 -242877472
1769221041 -2119526105 -730842308 -752021990 -1469382209
1054282480 -1552767321 581998101 -233433585 -1880028270
-2102915685 1319950447 -565763072 602435503 315860884
203542567 -895587192 22196148 -1002240219 1787251139
-1148661904 249089302 -1882128955 -889325295 830994061
1475730934 738889586 -2044242322 1152293524 1360426159
-164268607 395584172 -343335833 215105574 -1697704303
741092232 -84617141 -104501237 502197222 552370524
143951165 1428701867 1367663435 1545167369 411500464
-1574900546 672000957 706996658 774965780 186974835
-637488331 1896843177 -1585859132 -817508338 -933086701
-1739552558 925188144 -89458642 -2136477227 1919435026
11553553 -1708164839 1115533942 1660789855 1852930300
1278267185 125642902 -282679256 1396401606 1811752080
-505504746 1782916545 1389977486 -1065191631 1199423536
1430408883 1149452564 -1832153218 1062044668 1350043725
430408395 507951308 -1622241638 945860271 -1731848148
1390043424 -217472168 1908469281 -1968576776 -607195494
-1002072334 1908820285 -470177790 -243013306 1760903049
-19823751 -1906178284 -1178684519 -628666166 -1035378447
-976172035 -1276448479 -785240487 975080206 -1509171996
1779721821 2016582708 -779150203 -1513606641 333676869
-898077756 -274662847 -1481052706 -1684050918 534652724
1769006223 -983418826 -1797139284 430834629 641460254
-1359210506 -935146110 571087604 660231368 1669136208
925252689
