10403 292 -192247313 696719555 168647159
-1562068001 144967747 -250655654 1540553082 1066210437
569953959 -1596981991 1554403095 -918168150 837542641
-675329958 1780986561 -227184615 -854483305 -735732787
-2083162829 -814599698 -1541089669 -1619312289 -161582433
818194891 -967522430 -449894872 -286675750 -727696795
-1717970076 1230606380 -1890702134 -7838539 -1874987700
-352546829 -1184167046 -1974560017 -69101599 -2128970619
-1354232598 498820230 -2032689500 459098633 -1722417028
-127137802 -712093940 -924191810 831241422 -1811801908
-1865236954 261145845 -1212658660 -637776534 -1435668569
-1864368710 -1837152820 769717428 -989128154 388473310
956365145 382369668 357995088 1111086093 1452693649
-1583335559 1563798182 -1072389791 -1654606316 -1073192954
1533831300 272344532 -50853614 1815605259 1234155791
-1084070648 1270052531 -1726328243 -1936538379 -377916115
1283440425 -335668978 -1849908331 1640560363 -665710941
1360087524 1039056552 -1520457213 1167515568 2101655028
128272418 -1500936945 -1976160331 1156697715 -587489115
-1819593959 548286257 -2020272720 -39208369 296368563
2143396552 1887372609 -129360408 1204249321 1638564086
-1967845963 2025076113 1616963048 114610322 1439797684
-770896444 721701073 1757462682 364961519 -2111911384
419946810 888953424 1838881468 -726015644 147508548
1844356720 -2031498884 -1046766711 1700470734 -185575880
-809622208 -1152269480 58395846 -964789028 -1904259407
-1762174224 -1596683966 864761590 -1949607508 712271324
-449872639 -670576309 620564998 1179686663 1679021054
213189088 1630129989 -1575316901 -462369992 2119916150
1000241090 64709069 -1006150346 -1111016846 1746219000
-1981223218 -1675649575 -991317953 -2101818485 -9192781
1332110539 116213631 -1410375537 2011535629 -1572452631
-1567322901 1487650236 829510629 157106381 -2064249165
-267017439 -1472682576 1383837452 -181680206 1315932818
-697902358 -166742707 -704067897 257310658 -269372412
1410897762 244324274 819853648 1649983892 990459579
2040078597 -569419848 815575463 1072271857 -532903466
817035696 483591227 1796681800 -2054040170 -1064241631
-184366827 48431839 -1572976280 -568369629 1318109764
-1387120252 -1971093471 -1706751751 400469948 -712827557
-1152189257 1383340412 2141766025 2076078123 -410121545
-2034701406 -1875242174 -987323261 -950919875 -203587128
3740070 565791017 -974713313 -1938860742 -2093599118
2143311307 1003774306 -812975683 234230878 241664290
1857135553 1007291346 456635761 -438777868 16910736
222308489 -677765172 -1549068175 1984080022 517081314
-681428792 97957921 -1277856080 -677624731 -885562132
-1849825350 168886846 222444326 -1760050335 -175205936
2093971513 -1250383393 -249877995 -2000679877 1446135974
1851867088 1905747183 1266932037 -342148827 549523119
2009716233 958019239 -381579529 -423596967 -467895942
1679325687 -637917935 1584162658 -1793722443 1305616889
-145292747 -343102269 217388735 2117874645 -1901485566
-1306510724 -840585043 -906067134 -1536761019 310135643
-1463026604 1486985356 693023905 986973662 1827958925
1870780140 -229978075 -1139402472 -174219356 1362863847
1916841303 -1963414083 -1566875628 -899544465 -216956640
1376096306 -1617901788 509398031 828782725 1172853808
-559353965 -1896123299 596149629 -114379829 -1969190671
433758818 -1932685783 1150673449 146525791 857093614
1908447433 -192416151 772109062 1794394581 -2122114495
1651519271 1084392763 -550270109 186968909 689369522
-87766459 1884498874 1866603254 1223052126 501933843
1012435227 2030271525 328085745 -355354278 -1436954175
-128802012 252410729 1644705097 -758853763 -1527633553
-383969091 462184264 633042355 371274964 405327606
-1162018523 -1715149679 443309375 775114637 1042240359
-1438200173 1421539403 -500471407 2086018590 2020323144
1248993152 -320151130 -586422795 144212090 1600448529
-1963620398 1759115973 -266974917 1789449455 874716474
-1386636261 348473377 -1552781805 460740461 -344301141
-763487696 1375980611 -1830038826 -335392769 -761679941
259101765 1710892124 -456699632 1985420161 2056674939
1722031479 1151876292 1885578028 -1161766478 -1237310756
226600979 270773942 719421612 -1873545314 -212994739
768814983 1518181212 -1502589919 -1284248770 579512054
-571815408 1975907823 -664044382 1516400977 574059914
1181600419 461049479 -525693297 1530736086 720844073
-1487650257 1931273189 162340626 -1684838018 -358345998
-308856686 -189448737 -1155301370 -2018954125 -65698378
1580230521 999545821 689839860 -115719510 1830242382
-1248506666 1770776320 511606907 1821973764 1348310719
-240421473 218760854 108812104 -1268392852 -1665604238
533967086 -675494896 1012302549 -1892434925 -774989635
558677720 1684702628 -931669010 1863445849 -1704736150
1567221524 -815943732 -884898911 -1560836816 -632307669
412641517 -1214833296 -1588273512 1628728975 885501348
-238806558 -988995170 -1173006791 -301323718 -683992999
1868856159 -2024074987 29407807 2145678143 665839421
-1242624727 -2134594970 1658686423 1568371686 -1250296215
-1876992766 1865541023 -1203557562 1144626954 -1770813631
-680733939 144177802 -173637123 1538290270 1096285705
283889253 -1293172688 -1563641147 183233638 -696116382
186300027 400135068 -987002901 -1279433427 -1623942962
1359364051 -47243237 -852218097 1620016227 157173572
-1526243846 -1817181193 -794149401 -2074992549 -1623358441
2111081433 1075488354 -1556967657 1505443779 1895742052
1619534104 -2003071975 1192961168 682084477 165519365
-1753070430 1948764368 -1022504851 371716028 -89196052
1375826675 -1496413120 168877518 -464987069 -658955808
-1296923082 -2143467512 852964964 -1480155765 -772476839
-1469334478 -208115042 1922613370 840975074 70423901
-1099692757 -1507333912 -1930354758 -1214024048 1333195596
-246499524 -670638173 1245251792 1415336680 1036000547
222372675 -439137649 1523683790 718363053 -1633221345
-257812074 -954043407 -691721104 1830368785 -888049488
1027223923 785208871 -1901436774 -208446680 1409031484
-1173719970 -1944733899 1279816265 1592023632 -1892209124
-2017910330 -1454423259 -1443593606 6240961 -1125784283
703791028 280288512 -448166346 911991166 -832679051
1542243555 1199182559 -1957778785 -1948384573 1024958749
-353774647 1684495389 -329023029 919866135 1370665812
-1140429208 -524344685 185737884 278352787 -1113501186
-260249831 597042292 -1627698076 774767930 1809011641
51231711 -1461238758 -614435866 1655415796 -899692554
2005102418 754167065 1092121414 -1117261478 472466973
829160092 687645207 -487187693 1721157424 -2118416515
-469429307 -1326924494 -16893172 -1713602832 40619569
1603974033 1439437481 1776273746 270345871 -208296568
18723091 -1235702405 -351946613 1294857013 -479339135
-1014187946 -317060673 -2085237288 1752716794 -924871129
-6739580 659273977 -1105260753 -131538538 2012371536
1305066850 -1326199586 -1377541101 -270724111 384331844
1831119634 863197539 -1382953099 1521852319 -184576286
944713828 -767718800 1606365074 1201531738 -965415950
618971227
