10403 300 -1613456988 -642130433 -1637792603
-261448072 1911975405 1939432647 4896441 -982648741
718602508 -1909862894 -260898176 48162320 -240854402
-2121026218 757313749 -366988597 -1115249417 1795306173
-1762401021 -408226091 -1359713428 1404407302 1923306805
-1087622022 -1236848192 -310466381 -839305637 -690204341
1353644276 -475080994 -1638031265 -459535783 -177223636
332891372 -1518744264 1563379502 187530049 843468738
1813438252 -2068262113 -2128196954 55107970 1213881155
1249219227 -1039310248 1106487429 59479768 148480363
-1650607978 1748764814 35153361 -1371927636 -628189638
818322602 -2077223912 -413171013 39932801 -874474015
-791061503 1786025636 658404032 279573532 -2067680431
-2034408897 1364051508 658255750 1658487963 916447154
-462619094 844766457 -1854477686 1882194613 -599373864
793590623 -1399441050 641737339 -1162145246 126553866
-867141979 406105375 10451309 -1216857262 1986266280
-332830698 941603967 1623483551 1126465258 -1715630125
2035535605 301664932 188216387 1543268801 -143762357
658127576 22007598 765347346 1765208435 -1321180512
-586042129 492454379 147943502 1041793375 -508480048
1593293966 2081270133 -664935642 1892174062 -712731420
-1459959858 796541887 -885778212 1104124915 1284228831
1043657715 -646196882 337047696 -859034812 -1083083969
1883422105 -102914290 -376723710 575490412 -607682518
-1427840489 -328965581 -1243870139 1804929761 341516884
327366535 1437379065 -583014588 -1813172491 2023054851
-1858663647 584169791 -1891877379 -1743239703 -1221867861
-1150844679 -890569601 725279672 718326580 786676817
382071783 837913067 -471656871 -892745625 -1501507614
-331979927 1021119251 818152399 -2001459951 1301547309
842279511 1592620233 -1982024176 -1015632602 524618955
45448804 -1219730222 -2042224233 -263099088 766448074
-164316418 879094329 383589139 -317680135 1158013100
1131649079 -44421255 1527187309 730755059 511247885
1172114797 2144510212 -202370269 -1187129681 939260646
29976941 1535595053 777199755 479321706 547619373
-1689906171 -2127284276 -1064307408 -1064386960 1240229640
9140968 639656457 1791858064 303227014 -897382069
1718667610 1387332857 2003215288 1909731158 2091696534
-782100237 66324000 799845135 -1484946859 336708318
-665495743 1255492782 -588725198 -1132397655 -1672876797
-1903105205 169246884 -597894246 452039657 -712620982
-535470051 1402809849 -780249178 -2131563905 196251734
-909875583 -2094589284 -1737674434 496560206 1169764040
-1160120096 -1723366212 408962558 -368331406 438420823
-1938064274 335682039 87327743 -242827000 606429042
-610493038 440350979 -1704293048 808982406 1529069097
1364461342 -309725274 -863566335 624873110 1054006272
931560263 -954939171 934689487 420024390 2094597686
-1588543567 -61933961 -58256308 593126536 77019728
-609773817 1480953068 -530344461 -1897278527 865540738
927651954 1240855855 -921365634 -1284505202 -199552296
729697601 -672379754 210206248 -187205666 -490272323
-428797292 292861874 -391164919 -2012330383 -108688565
-1442036650 1352042585 -660925988 1942084431 936598237
-1758432364 408873489 -1796072007 -570279553 831967174
1525640352 -2005881544 1687019663 377072672 -1460124323
989027846 -164724229 -605051575 -1559972563 824858939
104033225 1955400360 1068008940 15382400 1677315421
-1244028785 -1323237425 -1147095453 -679698234 -1260798633
-1694815381 404839593 1863866749 2031635929 -465908066
-557499952 -12850140 30216244 -1932689977 1444930036
1111726112 -2076797313 335536085 -1584581670 133653145
1996959014 -1795085041 2057675655 1266173139 -843745947
1992136656 1089484299 -149950509 -1834342828 1615836946
689352990 1141473318 174817092 676399328 -223914141
-1789564330 1864540660 1280530446 1609869810 -798892278
1849181568 830837896 938817330 2060160947 -1270757727
74300693 1213888803 -483081247 502505358 -1172147078
776543705 2090550495 570232493 1667408397 -209549713
-1491126929 906063581 2019504703 -1093530776 1825966981
-1095735931 -1968130048 575001713 1217279476 868309944
77171171 623681190 -1664818887 -1001396172 1653663323
-1410697641 131126863 -567554715 -936745652 1937673344
-761241729 234010603 -290863740 642569826 1518427388
-2036058822 861281184 -1920757160 -5287120 7482787
-1330028812 51876429 1401960355 232078971 2143884944
1012934283 1447318985 -594473109 -735445615 -1031106768
1720274473 -1509240579 -1858525583 1138495196 -726004503
1379614007 457222397 2134552758 -15501269 76529250
-1282600982 1789212558 1752634059 1553998056 532101978
-12186710 -458009069 760431280 -236438477 -1404674278
-788506040 189191757 532936519 1316723695 366909978
662339747 859801684 1585314574 -1602119194 1031513231
-1706811573 -641557493 1037344404 1430238819 -149681156
-700744267 1699254163 -274003448 -1231106549 364207641
1107461749 1581212008 -843282826 -370792265 1275081407
408865888 -134176583 -1712604935 1050914679 616278524
893041692 -2022442346 -1348782689 -1008658571 1739027023
-10728636 -1829214235 -1209004922 -1576769093 1248506223
505160274 -1880396280 1389747516 1486893210 1196759846
111781522 -648250220 295305674 -1275715432 1797037402
1980967963 301070852 -251358486 330523307 -1394505216
-188730399 -1888671693 119028118 -1410826870 2013457296
933693301 1835747238 866878090 1939548558 -2080136910
751781316 765855675 1529315189 -1798939015 -139823804
229844621 1941166869 -585502442 626997940 1019889397
-802100389 -536834848 14057716 -1903759982 923205340
-171390765 -821235425 -770999326 380569141 -791099674
613992733 -372434602 2104136786 -196831879 -1857141331
-1006422450 -94932632 1593835429 835616319 -1777634750
957735325 122297672 -997499506 540062190 -1680250404
-226740485 -137804966 -892174520 -1692832678 -1716227766
-1057516750 -258801970 -2072290948 335642812 -564841469
2095188633 1353183638 1519060018 -738770696 -1660938819
-1559011864 -1296277797 -1030571668 600363606 252102548
-1945627115 -739696016 -749747420 43069249 -1521607981
1211235238 292807279 866457324 -1183167385 -99448481
107252380 1984647306 -374983321 1577760532 1679982874
-1869463135 1165737858 1248782697 816463967 768097902
-1016439915 1049330724 -526343926 588625280 -753530871
-1760384683 -12963908 -72008925 302028639 -1675320562
-1734086103 401267812 1381140870 -177592891 81490866
1473603584 1900143722 -1415811156 -708124178 -864799533
1368026359 -558188232 1337976751 -486607355 728901715
-389321865 1927531850 -682826428 1406870449 1559227641
-2033336678 1187620806 -928370872 1232017289 -637491599
-123448302 -101255145 1525854558 1365397157 1142110084
-900092694 -2121341642 -384250476 -2120423144 524410153
-1147953281 -352697232 -378721214 -1330530271 684734592
-898513461 883918809 1315603205 -1287164374 -861507893
-1337839592 -1406664050 -1024049828 -97258127 -270729969
1021032452 -850001740 1712875197 -2064212411 -380206618
1140021384 156833297 624566051 1471463676 -1912774449
1278624270
