10403 384 -784806844 1146557908 -2059056076
1692445909 -218181994 1122300429 -2108266211 1606116670
782935967 -2007057898 823685610 1203996331 -1328950535
-201113242 -721090964 -581769506 1488489568 1557803021
-993113307 1682598520 -1957491505 -2131160132 1668719730
1445144509 -1640570933 897450071 -1435147738 -1280645141
1776599976 504214359 1426943127 -1739624671 1001824210
1883503022 1570705498 -146702260 1021987022 622108143
-465696068 -134478779 829472242 -721544094 1907380211
1087586073 -996742481 -175986712 538052418 681015088
53118412 1306793638 1383918621 896865749 -1054472534
-1580975203 1407178181 -205634573 999051415 -1583473993
147173483 1026251503 -1999151467 397205704 1772416877
258985817 -1973698414 991407275 749096317 -495043867
-653377350 994406659 -286519019 1283969255 1078973657
1911519142 1581493695 1978101075 823431082 1439882156
-547331238 -938656394 -1215775349 1633127976 1595277956
1623584572 531676923 640222127 -91858781 -255994102
-1689253298 -882686421 -1854435942 -726871998 -2143400475
1529274847 -1180191540 1423967642 -1263385041 -970305984
-98865890 -163751512 1222187200 -1742730820 500691027
-300355146 1935937805 729493527 -1655008075 1250136068
-40766663 -98907114 -1125564467 -437966387 -64721063
624437365 -799942009 1478456401 2113046417 -1302165374
2144564637 -1820030916 192120280 -983203452 207562360
684585466 2078997159 -160320975 1918098131 -1407221606
240075099 779801626 -420386766 -402741283 -1409718887
815934467 -721674146 -28961135 862281476 1315817623
86804533 -1992718587 -759718301 -232526668 -1701721703
1700584663 -2079982835 -433495921 -1027829641 -1417789744
-754350113 -883123096 26665156 852726899 1578432509
-1486744910 -1629967273 1089185786 1225024239 -446925239
-2125603723 1379742251 353211922 -1805120403 1094346883
-572627659 1232317147 326661758 291533876 -1878517732
-1622837087 1083595934 -2095985660 1094004937 562197821
979736276 -142537741 -1170149028 -576911126 -1174366243
-621227824 898324316 -2112374121 -1016086755 -1263990768
527381570 1600961782 -820353974 -1159416717 1988560910
2011664762 1586573493 -1789116438 -665360137 -1373022584
626269867 1632405076 1378002297 -1374242721 1235926858
-156321312 1264006650 -777571858 119764062 -771775612
722980504 1974044419 -1378266621 -308562909 847686861
1122055465 -591814726 -896679485 -73936774 716222590
978230816 -1670525981 1572883052 646788650 2017128208
-1337438551 1206003248 -1723474295 -1322016818 720836234
-1121591832 1666531178 1780344324 1566985067 -2113580395
578860715 -238460784 -1349421936 -2136629280 2102911423
-1415224665 926442638 -751970089 1695066110 -72104654
242976948 -8242464 472512427 -1770844642 2002806133
965049702 -559982340 866367463 14144810 540230167
176972622 -1793511156 967787683 258095931 950590924
1286034240 1031411041 24947671 -1759733804 -1119494336
-1516708536 -115081027 -1980039714 352668473 1929613937
1942601605 1602358709 1808775324 447515713 1676442781
-1775302421 1287408704 1385147138 -184755222 23339603
-579383592 328704177 -2091774097 1446328634 -468359176
760435750 2013239887 135222656 690061129 1161426416
-2080436903 -1506413135 -439959784 1404893449 904095328
-562534515 805145001 1077978687 1321315827 1839794560
1838824578 -364589580 -208211075 -1439581878 2094299826
1652905983 -1622564532 2099209593 -126116976 1294376290
-509802414 532248064 -527127080 -813912363 -75173729
-249633745 261634831 1050111797 2107304058 -2012027882
986569781 1976904474 -49929536 -923487695 1368251524
-533316935 371397969 193970377 1045141734 1944276110
-281469528 1358815350 -1610720936 1587684844 1252164
122708450 1868261532 530517666 1974123292 1060286600
-57283737 -1328097910 298871939 1996730089 672128771
374067564 101458169 -1032606897 1815431112 -2027589730
-1955548756 1985063702 -1283964686 1116101567 -1453157371
-1731334477 -553262245 2110767366 1848898658 1669778326
-1862370185 1660753261 1556307326 1345010233 137190742
-1936464367 -251055185 -1744590703 1417024442 352871160
-1269948427 808179417 -1270422370 -672245675 -1579151643
1661717745 -476457539 -559839553 1306445049 -1261232794
442831115 -790386809 1117155557 532254936 -1846070502
-925157534 1559146193 -379674442 -1412128719 995523639
585299030 -1297945766 1156599721 1882266024 -1563860652
1184599424 640189172 -1479765428 1991532540 -79853700
-1713811737 1659561922 -235806791 1568849788 -122117048
1705122700 -422698483 -438155857 75545261 943883376
803617776 318406058 -711497901 -909613799 -1738872558
-1387611532 515549237 1532193128 -1965445858 -1206005145
1768156155 -1676767881 -1277740298 -708790502 -1999954890
-288072595 871596459 273543658 1168541335 1458813727
731228774 716356554 1255325848 106214431 494746280
226769615 973943813 1530155191 -134618662 674217021
1725524585 1534743823 142742846 -2033075346 871225436
-678757322 -20050303 1780008746 -12889096 557019002
-381588938 -1510604210 -177076528 -1206670438 -358951940
-984134002 -254594541 -2146390303 -169082401 1068337237
-443206647 1378195122 -1487767562 1829958856 2010943668
-681051615 -436671098 1871593690 805416655 -649907833
347379635 -1986455069 -464761521 -904475767 -367829362
-1447464656 -243051382 783094932 781254545 -1139384146
-1220119249 -112438127 267088783 -517712141 1038654873
-744653738 -1910702140 -989046988 -1103059960 1393877916
-262677047 -176453968 1897409425 257111333 -192585665
1656460668 -604375113 398212816 621630026 -1817484684
1436751758 1382305133 1127413017 402319358 1963104389
-1328622683 -1388960073 -1249861273 1761689277 1484598018
-1178079571 -1534038829 977057323 -1763547879 -581392007
110844265 1752289680 343738448 299312815 -545021873
1954132702 255506631 -735718041 270971091 91914984
1957144040 -1710718768 -2031716322 1745466034 1791628388
-442084248 -1824596392 293896227 417782465 -1885982797
-1877066610 -1391741719 67992703 -2008022297 -1678737310
1437222481 -1645402370 -890161965 2115625150 -370621057
-765244264 849567565 32275185 -1448535189 -1636460508
-479136052 -1918158761 2130219808 1059488324 -166416461
267624365 -1722491238 1162801402 1651135892 -1362860500
195633612 686787877 -1193049859 -1782868692 -1285140147
-1099107023 -1120805838 -1702820166 832454121 -90050705
326658626 1700972565 1931566930 -899885090 -1639425710
-419746307 1727983475 -1040602476 -2009253715 -230199012
-1641566007 1614302572 207453966 -1978032011 1198617633
2097994134 364649832 1514499100 -1639278517 1640929616
1754718102 -1784274062 -570419313 394159844 -229911104
239418264 -1445020905 -1303042691 -318145107 1075330703
-1067247423 772439300 2042192158 1122132635 105167547
789914922 -443238334 -893727415 -1460649550 21737400
1111018822 48032508 -1433055867 -1141484269 2125016088
-1323648291 1472862147 -1247970384 -796221398 -60520139
1792498746 -97562316 1687302369 -1065674689 1549541100
-577748644 1785590260 493544826 -303963790 -2057183115
891214174
