10403 204 -1045345229 1526017568 -1334142654
-657057251 -1578016622 67594856 -672151735 -528228188
522677431 1801283582 1226421822 -1320324531 -1366135741
453717466 -1544091499 -1887709034 -1787566925 -1818134832
-1075104918 -1373480199 -1329887093 -720626145 911077665
1715114650 1440347524 -1597199756 -298233373 -1098406536
1256963655 1707976526 1813816749 -821281385 -1455987369
964626258 -747710558 -2118595723 105790898 -1022404923
-1454625772 -2142720607 -1042893494 -1274874946 1136087941
-1170774551 -342566094 667086242 -982876933 1939748645
-639404584 265581564 -1387175888 1474215634 -395816678
-1975460136 -598239355 1670138834 1081268335 -619084208
-736549870 368172027 184727224 1842724394 447268136
-897790304 -1053976852 -1638040232 602914864 180306511
-1047343248 1750712438 787526683 1940693746 226789045
1715855103 298759063 1973244788 -111263786 -781292919
330063741 -311721085 -1928592596 1193320408 -844292889
256933358 241534445 523318927 -1601837847 -1014396661
-1580072614 -1345379915 -851807564 -2022345162 1378184537
882989192 -165035535 236686725 399447030 -577158479
815506088 1108172382 1903267903 2073517772 2111321162
-50769639 1053235477 -1829718338 -1481278033 -1707241209
-1879294391 1156118683 -1317878721 1478030883 -1725585960
-351632714 77887874 83942491 -1850202888 1773861517
1196795925 1777081154 662290556 -1997307677 63288495
-1398223984 334749193 1577588838 252859177 632330290
971542239 -838834154 -1398896122 -38853575 -1744831021
-805330708 933417422 -1613063793 1193321282 -458005110
-1057352081 129261433 -328354964 23766405 1632766126
-506630796 1650784759 -372653875 1227620499 -15258093
899755018 -1085550339 -834620248 1620941639 995689234
-1021592251 -1788619232 -616125492 -1771796399 -1394705527
380836918 -838018214 1479297472 -891372092 1914607508
1029957011 -727181819 -347296509 1507391033 22749856
1674954787 1949659401 -1483018588 351063391 -1957069622
1309541333 752059796 2002491941 -1014403645 -1766135638
418205172 -270831832 1296517554 781797552 -1210126528
1073699703 -272522180 -63413126 -1585503528 486514049
-1735589169 -1598474488 -303418589 1779313217 1251892774
1794909463 1218136275 1330583373 758334901 761241094
1202670482 -2113555032 -1462915884 1093567620 -1863018063
24968293 -1657030309 -136419740 1389100796 -1947718227
430252124 -1709499726 1566185093 -902159984 -596099123
1058672620 181674512 1449898384 804953300 -290141550
-1283513294 -1842220558 -1778173606 1658372110 -1179439602
1036233378 256957243 1702394262 -2035004486 -662045804
575367480 -1137643391 1243471023 1794420897 138313272
979501649 1895129669 -2096424274 -928924441 -1017438122
-262164388 1889674222 -1761047792 19768553 -31765866
-989662674 1075997924 1274840085 -1673076852 -1698071875
-520184884 -1335812427 -315220866 -1176332127 1926251430
867982960 -365256889 1389669555 658443780 519352960
2026775789 2000187472 -1434975841 -437541835 724791153
1041579482 -2061400110 -811457955 -726730962 979401432
1982611648 -930825841 2066595368 1354233172 -62916985
1085239685 592012186 -915617457 837393452 -960007973
-960528941 1493637547 -1481371081 -1241497859 -519091518
-1324214915 -471135776 -1237410118 1515896885 -151155148
1535374063 1203772122 -1368152548 -1525659752 1654783402
-91710533 337648510 1115700096 -1736685863 -966407745
626781301 1479449844 -808207119 522834360 -1743241946
327570698 -1097434156 35585197 -207915025 443380632
1253818871 -1227684534 -1374023510 -615971278 -859521769
882399433 -1351728394 236560164 -2053321477 1310086203
-1520814 1526251455 -769645108 -1706912188 507788100
-1586800907 1869438418 1308776508 -553763379 1422147626
513570013 346955117 -975035079 538453740 -152554191
1020285360 -1494463590 1960939530 1032096260 -905689575
-449546190 349065586 -756008131 1927883788 1698369102
955004914 -1750510389 1168644768 -195940273 -1823614857
1273588747 -1168708048 -745326165 2034372621 1905766477
-1830265162 -145133020 1151617821 852121809 1151769786
-2011237494 553116121 -1640070736 1553767987 -1607793213
946538423 1236845964 1330953456 -338885858 211254437
89676334 693027991 -1375285504 1990108609 1445417248
-1550499590 761597957 -569371317 1649890299 -1999780362
1948404440 -2067643989 38858183 -1919049799 -1172940010
81022855 -485583587 1802603179 -363485631 1828355567
862451042 -247567310 1698130776 787834710 1698706258
-714911214 -417130296 -1394270066 -1059365346 1667697948
838662844 1115993141 393168636 1754685165 817026484
-1110830377 -848485121 589928048 -1495293141 1859719413
1571328995 1106016514 660119089 1105548539 1003018034
755955281 -1580267574 -674505629 523026083 -1781372805
1004103062 -1761368518 503446411 1162146902 -2147026643
-992038428 -332379849 -1885697410 1079906126 1088878352
-702394919 -1091299379 491018397 304578335 -1570496858
-1123273434 2127678468 1339302885 1011032648 659543787
-1716555222 1511039395 -768341850 399621738 120411753
-1752679653 1704271458 952294505 -75433489 -1608092832
726911722 -17326089 -1150412972 770744977 -1592002017
-1578211225 996539663 1640146721 -1004343977 120093588
-1076638671 1835726041 -1057214226 228692011 1522039298
1009950802 1616590399 578870392 -2122371514 -445413144
1147200829 -1711863002 -2062996404 697886222 -1101509445
426711009 -28085225 -2101198054 1509915284 1827960423
2127926265 67230106 -1092201094 -247111247 -1905847860
1455597068 896930958 1471190413 -795387529 -1162740534
-1551136768 -1555054640 -974853281 -1490301720 -1765777966
-768353525 1100817213 -97237081 -1337572225 -1767957713
-915797736 -1777865959 691664520 -294366310 -1777909705
-1185382496 244812558 1723647499 520068194 2145952805
1214177813 -835921726 2045678197 -360523222 690407030
2132145777 -1235953170 -525680222 -1416950044 -1279802972
-495181549 -62835817 117364716 -705998617 1769657723
-1904672416 -982097272 1192010047 -374532484 1841411790
1424212206 886309834 1441756441 720977987 1409870185
1474931477 -7898302 72135684 -1499118108 861463275
1758828472 2098101357 -2086905582 -1557316306 520743291
1217563130 1527226594 -386904488 -966619559 1713949833
2077091151 251191718 -959856910 -1839927292 36314197
-2056479275 1771125821 -943244056 1838824932 1555214446
-1274598721 -1747522550 -1801047232 -1848313884 -873380019
1043996239 -40431091 -1935029551 556843834 -501254858
-1631384013 1280811401 -2119844683 -199772973 -167670490
-703360827 -1708646456 340766197 190995145 1179142161
1986088043 2117138176 1473296702 -80052686 768179085
189696381 -1521591435 -1924529930 1292932756 -65254711
-1116272014 -1848127038 1084945172 -1530205545 -382415469
-1392770924 -918514250 1746661963 -782056400 1441143329
-1234997874 -1481181485 -23460483 1046543991 840079034
1582177761 956496747 -1076960512 1413165526 661444645
1665487430 -372625927 1226570122 -1394506105 -960411597
-924534182 646617017 -424131489 -500983747 1917411491
1255408023 876953128 -959547274 -694327456 780045945
2030782680
