10403 136 1720394468 -1014602695 -1099225245
-972797055 275188 1919917305 1560394352 -698664098
-472483835 258896932 1718650750 -1018151656 1867171538
-609273073 -1880520330 655234821 -680910360 -683183791
1712366678 2112765438 -1497511769 -648695421 695593728
-483869139 -1903855720 -294308886 -556828786 509220174
1171650729 -1179727596 -1305471041 -2098021796 1047538631
1958141444 -1859749248 -347096478 -612587184 316090646
1906122235 -879807766 864718774 570082708 390904343
1606649700 258389011 -452472852 1442876097 -244157495
-2039418802 -1929319839 -846929794 890645582 -1786510655
1017885276 -1165468102 1983491037 -1012796226 286608380
-2007158069 1066747586 321535615 -854710254 -148553386
971376749 -224609823 1848577966 1138139012 1205557997
-573566382 -872222758 -8949545 -1011142366 -745039388
-1598788505 854974499 -722644044 1319123071 1727683533
-1266294305 1012945838 253887283 -2106318006 1861407869
703843239 -1781272211 846538523 1420095335 -456992090
1217435166 -353225998 334673424 379435011 -1730209164
-140340227 1563051515 262193836 -786890594 -1241336659
1647446784 1759573564 -1059796180 -1630655160 -153868476
1804805443 -300369315 -902138593 -1329116471 -670089216
-41576608 -775186687 401213633 -1956280148 990120060
1170994734 928835712 92910842 1090022842 -824229434
-1768445899 -751421100 -136573141 1366130724 1923833697
1102174424 1976393220 -1477326515 890619580 1870928091
-1618603530 -2105496451 1540034186 -1957403591 1483021210
2020527853 -1972411375 -1975246645 333822660 2063995188
1526427579 1152775218 -566667651 1166444625 -407062620
-940727411 -92541307 437018152 392700978 1159168647
1238401303 -1281500593 -700187254 -1503870285 206834706
-1208313420 1045665690 -1683571175 -2042594927 45201487
-1932789178 90387094 321226495 953565136 373433906
1497096490 -689390077 -507858548 1858905062 -727039474
2068516280 -1105873777 246121431 -1445200350 749605149
2029002563 1577607242 -1633631938 -1365721898 -540749701
-939277972 366911449 2015890855 1160364913 -1789962028
-1861122175 1095570918 1393407281 -1418095374 2013801416
1631168688 -2083851022 801255471 1093588937 423539024
-1416820584 1532057100 1324926070 1511622277 -743892957
596000302 -1751277647 1904086506 1931044582 -1544068811
1078232663 -226068819 -307800325 -1306341807 -599877163
1890163492 1504166745 -328439287 -936399067 161527608
-835793663 -1701135970 1860410919 398923157 854567144
-954159161 -327925635 -1344325237 183874066 -2044183076
1888381996 166023468 -1465478474 -1817438659 1232675851
-289842367 -1340288535 -1951870405 -1890516227 2143043949
1260215159 1590542162 747640672 2108250949 -158611214
-628908834 -1422507867 -657779451 -1415046140 1605034155
-1531570077 780350241 103345261 -2111938810 -330562610
-1152423535 621161161 1996661424 -62380466 1090742948
-46897125 1978885197 -1453234461 1307136106 1910130099
2022887837 -1270841868 -1680457002 594915836 -2037994688
1815437184 767689096 1255581816 1463907158 1535682862
-1887039646 -1143554717 837015449 -1179721449 1793828775
1214378273 -314623162 1114615754 -1832891508 1997916336
730412719 842747853 -563038333 -1958589085 1696188952
-1116232620 -535746527 1679142434 -477968391 -804836863
892417111 71832275 -1044013328 469685741 1795138012
-1741629644 2099516983 1238992335 -762584741 702987674
-725432385 -1043642806 -716687412 2027729290 618410647
1039868311 -1252037038 1310484796 -217403565 1582000917
123868186 -1049459977 -1462662915 356766041 -1307818460
-1903946045 -1666502040 1594333387 1746587875 656943747
256576413 1274199753 -857413475 1318681167 -1177808327
-1051563207 78946799 1543370782 1438490729 1906076797
222064905 -2128378596 -812830070 56443127 -934489302
-643884210 870034202 -1815274017 -1895291398 -1289418942
528953461 312996712 -1352529094 1773792583 247047536
-507309006 84014885 -1165693884 -1436206206 -1780665096
690572403 -1591555985 2085390215 939736479 -1440866709
-1650112983 -312554510 1363853584 647518984 -1670335073
-671490199 -1555457661 1242630891 869342380 -1627356048
500034302 -255603626 -1607808230 2022688499 -917833928
-1960787534 1278539262 -352065235 -478723384 1507269492
366626263 257067067 -346880995 -1164837571 1745622216
-1183219329 -88553559 229387581 -431691374 -2029399596
1515219755 -1546675615 317701598 1692967460 -1605128630
-1387887449 410452041 1541768094 1545269168 1303808901
-19374347 1937204608 1083128900 1838725703 -1257394118
2026477045 -375777057 -2056868223 -2101500707 1845578615
-1311035409 326519773 -1491591720 560676092 -1717149227
-1477416368 -1392465248 -1351516608 1699450540 -932687084
-794382424 -1605326508 1306743605 776430571 1662140484
872655357 -1667085458 -1673661993 918148522 -1895302679
33793625 1236901989 1371639218 -1164818137 -1450913233
828343587 -1967503800 -330715682 167487036 1875689207
-1387254971 115771133 -1501143174 1307844166 1953656936
-673238394 121631881 1616897166 1850956508 -1242317902
-1911371871 526046194 -680609558 -549225637 34797747
-2063401318 1488971900 -1499566159 90799822 -895117441
1780341131 1573887958 -563003372 1043214683 645054527
-1561390563 1928048421 131411582 -1074641187 -1389074926
2063154968 -2122719956 551311972 1160026782 2126995186
-1539126189 -1188642735 23529756 -166546315 -1915790910
311474546 -227506828 597917269 -459668278 -1062239780
-1077517739 -1041949976 -368423063 -1748825460 948640005
275000128 1684550214 -749225412 1189007000 1858927494
-188123852 2063883823 -543788595 -1095279574 -259463664
248473372 -277051754 -1456043259 -822876594 940201638
1854063653 181102835 -1726517026 1787781330 -472861931
-284450940 498110856 -674435424 1638808619 1723319864
-1080615890 2127051289 -1731902270 -184313964 -2028485483
1712876532 2074593828 -1940879192 -368269268 1063528537
1244501817 -853158947 1499732637 1588776951 -115366460
-454584387 750923479 -1931812191 781755928 511338989
1601365843 -1703081118 -1319851848 -971234583 1794513087
39339765 -374551613 -1802876294 443156315 -1864895292
1076103009 1956329902 859408750 -601954539 1736310884
-1790175686 473634433 127716224 1856967983 687805572
-177125094 389699529 -626517739 -1796670242 -41615111
-1286275405 -1514525081 664490411 214430392 -1646796144
1370508076 1943081685 -487888515 635038287 1901186517
336293898 -1670017559 905915943 -1758057549 821040541
1730314789 -1307962783 1013559805 2094679364 -291914898
1227478600 1624674182 -1254279780 -1260332581 1155456898
1666974979 -1394133200 1298555112 -324460575 65481205
-1182469647 1041536819 -1748594359 2079610236 2124232775
1937163774 1686804240 1869081864 -1097711692 830075130
-1009574742 -1039821132 143916688 896618033 1199586626
1566160231 -382140773 926601180 -862912247 1231535016
750018974 -1271254879 -638154315 -1784788459 -829668309
1932839286 915187404 752202604 -519250018 -1841287669
-1446291938 1337923743 1338062955 19281509 1671470423
1220196226 1674213647 -635948213 551896198 -454592817
517810997
