10403 408 -1339305272 382753059 -588599943
-1028806012 49339906 -2040495126 543557652 -752440910
1737395503 -1577198381 1927417423 -1276532889 862367303
120994261 -1968374942 2047035650 1646691174 282318142
793572550 -1200023538 -744873605 1974455529 2136077323
-1061667142 -1510820159 699092566 262431810 -281304114
-1356195926 900474872 -1670300746 -1213980692 1205163969
-1177406956 1344346126 836236049 -132088376 -1744764495
634314448 -1356335601 2117830782 -1454048569 268451308
-1572261214 -1301122974 -322826613 874060663 -545159839
-1947905044 -1599114490 -626683857 -433968374 1765695809
-1831273861 1856014134 74812111 1785528846 42859002
-141864542 2015801511 -683331828 -1989491603 -1176957593
-357199672 2078941561 1837692703 1528252912 -820251441
456723870 -128949783 1761036853 485841165 220515761
1301289551 -617670143 325582382 697249791 -1623569796
-1167260720 -770749016 -937679256 -534509175 -1558411679
758151193 -1378025544 848215218 1420595450 -1739976607
-1179056749 -82291630 -2087780129 -216464584 -828968607
1606813659 1304634178 -280225440 -9774705 1152437604
-1523686751 1823691510 1113004201 1717299523 599848907
375492698 -1205161387 589051810 -1143589471 -1539593153
1666990157 1010673247 1461358930 -1418277631 445951181
-953590393 1162593961 307690355 1952895928 -1612962606
-1186621010 -253731194 -1853361088 1001350857 -1234010692
317071195 1228875623 860255055 967233131 -1456406963
1767946589 -1183555455 23139070 1254081816 297553945
-359435897 -1324115617 -529176611 -416708052 1707774719
-176704137 -1902276167 360091686 512309078 -17873100
2018891221 -1529866172 2076685597 234802029 2085382736
1295816360 308411250 598850915 -800366345 1421545157
696465854 -1714523582 -1292894301 715027694 -95450393
-1083457504 -1883422942 496858604 -1133886226 514368280
-342160396 -1358617056 -1026923965 983991267 1183992548
1021418182 -1119102544 902281442 286476927 -645258302
-1008510072 1284698534 1637467786 1596295141 1662461317
1209423884 -510843585 -729352113 952403526 348959392
-859734384 120168247 -1043878806 -1191310606 959407893
-1368441971 -1359824261 -623182337 -1227412974 836842925
-959402112 309792958 725119549 -1843974495 1566667256
1417685395 -1163796463 -789713945 -51177042 -1691468974
-1912260822 -1535017511 -369902292 1789174490 -697771974
-1209208183 558667186 -45232670 2052586862 -1399202772
2020046716 1475624439 1502200873 -140678252 1774480262
1181729624 -34605179 273270303 -715264045 -1752607030
-1799130836 1857683803 -1971816558 619821517 -1103862955
-931473045 64621633 -29610877 1189246460 1496925620
-859600587 762890403 567779175 1648222520 -811317107
419722479 903902869 -1353005831 -1308447944 -1148240927
1650036184 1156947073 1086167332 -615881930 199911125
-753123540 1849341049 935794116 -1276415844 2074810115
-672998848 282757030 1403253826 -1319737008 -15262813
-476043558 -827329084 997312970 -366619213 818391943
-1802293969 -1022123721 1472446554 -1600783134 -1709442306
-1912516126 970738946 893326813 -1556504467 1970668658
1251656357 1367806279 -273444265 172420536 1604770779
1700267464 980200906 1368985492 1709244546 1807454271
1098912620 -1693972585 1775044440 1846619530 1147607216
-1991968220 -163118199 -1684351636 -1668516529 2063903246
1177673937 -1060572639 -470694956 -1697193469 1796829537
160836903 592683294 146060050 -1003677951 64704375
-1429839 246483650 -265207654 -680166024 -1850244072
-2093047528 -311663761 325919454 27375548 -1808977104
-1201405901 1401035907 333263958 -612339304 1041154436
1240658297 1705315434 -1029657718 -357763334 1295231522
1551568561 -1729622891 1028119776 731247948 2071924977
741324321 -1315883271 1116769968 1383839974 1542670716
2079805481 722143696 -1298309435 -617993863 104971126
1899030460 1263252544 1698705568 1785388873 838261702
1462239044 -488566483 917163580 -734195555 -1446722974
-392457633 756084855 -100230595 -320470574 1973014218
-86067089 -1717822112 1459212805 284135854 -389570114
1273806723 -496214977 1335051633 -338609889 545725755
250581178 -690946156 -1653867856 -742885985 -58822634
-1566657977 -1650090017 -164894712 -2032764048 -870132074
-1750603668 1938253264 -787805851 873150054 -591802719
-53468952 -1774894774 -771980188 463303510 1854792937
817452893 -1207413881 708362206 -1048776176 1032511336
1251991475 -1873299050 -1838987996 2069115819 1880070341
-2031838383 370512267 -105851005 -935568970 645399869
-1458531177 -732545320 -1188750280 -1222451342 138624677
1216589701 1913464449 356162861 -1367253713 1236805345
909703892 -355985960 597652420 1942180314 478142032
-1520728776 -1392245367 1815816521 -1274630611 1665063675
-795019831 -137217225 -1080402029 -1783377498 772042870
965364897 -1509217495 -950680282 1973356013 2097957506
-407494040 -108236392 480638635 -348098332 -97924340
616121290 1561576100 1373623790 -1570964762 -1737697313
456725892 -1749154856 -66751702 1468059023 295820260
-1745557638 -75620945 399525399 -1749583924 153741984
1127236441 372731670 1624915744 -32919224 1287279058
426290924 -45355620 1264721397 -99811727 -1120557361
1765186180 -1317374506 -1682243247 -612904520 504713159
245892224 -1213651593 2082409358 -1918920781 -311792520
-577584357 -1078518102 -313475937 -416834791 -710726524
2057642558 859750547 1790025693 -1065800045 199288329
-6291510 -2106489473 1914470144 2113563826 1236892656
-25847767 -53462880 -742201085 -1516649773 541382004
1618352779 -977109147 -1106306135 -943981511 1456106321
-203386236 -2138452754 -1209337384 1477763949 1816391363
-776609181 -580747078 1031012676 -1108914469 576817155
1967423978 -1286103691 1063740273 -1798526756 -373531775
1702795979 -947657766 -2023852326 391440771 -2122737074
-420123777 -1013162103 2094564852 850526617 162378431
1145497071 -690351012 1170111685 2101139676 -81026012
641306883 -424569809 240054621 -2073272190 -281964677
1718581719 1113598275 -1175316382 -517962518 626029675
554788100 -99382387 -102670128 654919424 888712557
593760683 1167480634 -1300854672 1966512455 1571360120
698769999 470183954 807336952 -37322660 -1269886091
1001498622 1770369845 908418459 1697355299 -1093977060
533018145 66030030 -1582638778 -899712065 709866975
1295899098 358021876 496700355 1211363355 1705611338
-2130769345 1535325003 -1202526699 1724260949 -1795763771
154055916 -2098628365 -1838011885 2025264876 619334578
-1416629223 1773415090 -1883092681 -1117014894 -1656796763
1328033347 -1388617392 -550071928 615393875 -940981348
-398384082 934684863 -265312338 -1048496465 426399216
-12908167 317432109 1885722015 1839695906 -1747221935
-1506789591 -1788860836 95599139 -2127856708 -1327142785
1157565429 -1759621259 1579745249 -1368458772 2056716938
1188491005 517669427 -1798711651 -24229497 -931163402
-471326665 -974933225 -1531268888 836452195 1037650906
-1333917575 1350504660 -479892993 625225888 -1899882089
1974968600 1592267756 2010530297 683690480 1963824077
-802574126
