10403 308 -1552988373 37049228 -487808716
2043736009 1777465397 1895903361 -405492462 -818250550
2004800826 -599959349 480450158 1462697430 2073527705
-1585303880 518061544 -2007234812 485174327 -983821106
224570313 2099192285 747683541 193393610 -501948967
857193525 1480820626 683204246 -1352600440 1967395924
1486917897 1878924608 -1643485013 797481167 -1852164213
-26855803 -1426222551 -1819719077 -1804156607 1320161728
921594925 1986945556 1521179005 677301101 1355417759
-1206063086 -2053356415 1545846951 278931810 -586702527
144962283 547178323 507752890 901563253 420865469
436488536 1466862018 1241313466 1631821297 -2042030072
-917536338 1022277177 -35331741 1742300659 -1748621898
-1757629121 -667982685 1714750446 -1643063372 129742712
-1657206659 -1719347792 1157572112 -1619348276 2021180291
-643546501 -1765541275 -1896992496 -311847699 418462766
2020479362 1926202341 -1909375266 1086723555 -1803673444
2129620042 -1554262738 458434544 196770547 -241929006
-1660620772 -1148286591 -1989648162 -1782992365 256946446
-113141924 -687420018 103389685 88962466 2012527332
-1341591081 53871389 -1053669913 -1653513722 -1080984110
635626660 2067832872 587539251 -1679906873 11707270
1052803120 -136046131 -485231461 -1590336550 478931544
-1145966454 1102298286 368409721 471120967 849245173
-663604367 1306653849 2113593170 -1099688395 -641849303
228472547 -1497172039 343854458 414227625 285583841
905514308 198114856 1185556151 -527672473 1757793530
2112266020 1044458847 -1514014275 276673729 -911092164
1052323669 1004830589 -1015308793 117310079 2125853076
-289415539 1858032967 331446478 183198515 1553193432
-1287776072 1989549261 1453643420 -1744536071 -1094739307
-1251575031 -1278111390 1637962201 2010341261 1838851314
2074029142 -874754761 2059040043 758032667 -513172849
-217593274 -1001446058 338416815 -158786726 275653208
557908308 -435219261 347942587 -1183026430 1748241701
-817423932 1942399332 835431109 -51441424 -565639262
-630017827 -496004961 34288930 -262850811 2754056
1686109466 1294902252 -1390505179 283562030 -1697425594
-1461637587 1337606713 -45688411 -720683669 583989370
1194872933 1031900849 -1722103555 1222842622 -124008602
1063417149 -1619900373 154993176 -621075999 -249264677
619754689 -1473683035 1550550605 18686993 1545965051
-858232311 1990763255 -1365662081 783731654 -976937334
-1742292520 1671787555 -1673924693 -1127788086 1516517836
1018884227 -664825855 -354163396 -1801784914 -401034987
2014426366 -1673211962 -878453287 521440966 1962243902
-1204773006 -1693788920 1024920629 1497253731 -2090792228
587192639 -371134462 78215077 -91061716 -906487890
41025907 -1410410688 -815123469 -314645124 -1073197802
1359759368 -1171140735 -2020298452 -1998730978 -1058814902
-1835894893 -2097620470 1069933323 1486301699 1137748301
722790025 1633870875 -1815569207 -1822502721 1154721187
686194020 2001784571 -976287679 -319175304 -1335108363
-409925377 526302800 1250669 968449628 1225596074
-12884957 1682934953 -724142611 1287874288 1608819458
-1320536786 1906277714 1012720900 826039465 -865698887
1189340517 -291978745 1258307707 -1545286862 129620859
-931065574 -1446479774 67504302 1211614682 228281384
-1338294237 -1965963751 554763557 -1709883913 -482098787
1000927033 -297789903 1649031455 -1963253086 -524978950
-1673534276 1592293038 -168639010 237672163 2143344921
-1517690701 135655774 2072949837 1976796067 1934311459
-1498256844 882175506 1226325197 -1723491438 -1895988214
-227659728 -1099914219 1313083743 219375019 -1903370741
-1955546090 1621368260 -1382360902 -1429276186 631701602
508596674 -1214450947 369222613 519283326 129594688
-1642427138 -1066527129 -1570399471 -146929960 1129957235
-926541245 2009513493 -195017515 -27217540 1515052150
-1967574054 -1683324165 -147747071 -1250378941 -52743238
351713332 1091035610 -1694041342 -668665344 2013857074
-2029051611 -1557710882 -1382235505 -239794551 282494960
-1576709929 -888907181 352399894 -446280394 916706487
-433649066 468303917 1588697378 -51333379 904043141
582430762 118441190 -1289208900 619016041 555326857
-589436252 1541284268 728197569 1644708403 -1841591050
983924954 -1513049372 1764309379 1588762020 1225148036
-1891289103 984867412 -117249055 2035870003 800415696
257854754 -228334560 -582986853 -1158415499 1861178865
-433790866 1597249828 -942710312 -1937861149 -2019026541
1541622899 -1926350481 -747550952 1550317516 1519045566
2066116634 1489473300 1807408929 -844524669 2037498739
899337511 -1484819425 -1665649110 1895488399 560387888
-723149629 7354143 -176446994 701655339 1318191808
-2115270073 -532427448 -2105685602 783937056 1150084249
-84324936 1002614894 436323490 -1034997564 -133029711
-1334854392 -202508147 1464501633 334966120 -603391844
1420812909 320662866 980387581 -508321920 221941904
1212698709 723405876 -2069188941 1377440596 1653593285
1885082820 1016791071 255042568 393207018 -1521945060
-1166988197 1609767462 -1808938888 -593049462 -1477401697
-1384404344 -1483067623 -1283285271 -1669235859 425621298
206536366 2041961230 -257375337 279185748 817123266
1124827958 1882297283 -1108456836 1010849482 2140664390
1543641873 146968534 -1616922823 -2001296758 1815557634
434260045 116914852 1311589618 -600674260 458362413
-1781933165 -224336057 2057755084 1319701010 57503725
1008480264 -628357945 2088104407 -80051286 371087822
-1028591548 182637787 510149217 -599731301 -1663286078
-679684879 2005828690 -774302459 -1455051382 -1564138773
2120330995 1506616305 2025653777 -546896695 -1529569893
-1578904934 -354562727 439320255 -1703038370 -1813565894
1435713176 132932384 254964908 -2104369421 1780425251
-55150988 329064660 1162895831 -1551347016 346884977
-1865001192 -1487496916 582650250 -1011300843 -816604403
117957 -1997451201 2081194841 -1353064796 1342419160
-1219181189 -904762338 -2015658121 1936101370 1557041223
-781800007 1346727791 1703933215 -848721096 795688113
-81531069 -1222779192 1698550927 -1567432736 1054771899
-1413272048 1967774889 -717420753 1905190830 610461237
-2052774954 -141145946 2080869108 -508359473 -2019610157
693043886 1931562427 1059581472 950556252 -1045207092
-890365184 -330468125 -1942962156 638485061 -1369841671
1195480981 488344083 965718600 -338680048 2064664291
1847149158 -1312920849 -1467363258 -987720395 742681323
-204389059 -458900392 -208191802 1521713157 755443014
-17646377 -166150585 -1026848894 1960162359 1745118884
554854425 -1388252292 -1064001683 444856085 1452164398
931385110 1858187735 1853023226 -2006955949 -1056130817
-729718656 -2027993217 -1141176844 697036965 767965521
-1350460602 -282374560 -1249078179 -8778332 -1667966836
1818830873 2124772674 1989807661 -2031443362 931150284
-458512240 -1911460066 806722437 922296174 499760613
954793790 126986523 -1191049254 1452435418 -1437424026
-1199561870 1736097587 -984280712 975800495 -1108187792
-1439194554 -149513861 -681174678 -175408150 2103321150
-723983226
