10403 404 -559581065 -310587016 -836612617
408240587 -1076358647 -1811454514 -176798920 -107109753
876964421 137993108 -1972115296 1238448699 -336015183
1092583391 901093687 -586220727 -718345381 635321995
-2090073112 -1242293646 1767433674 -1724383965 -1893572766
533737247 651280503 -980230560 -1581645019 -299067798
1388642999 1706003199 293498348 -917357601 -254767401
-1404942806 1974376266 -2033140815 1818829616 151650715
-790182048 -1067150123 1214473402 1998036824 -1049188084
791286601 1747535004 -2012368940 -1689357427 -117833855
-1961565669 1501937348 1257438144 -1620236832 141382837
-1947020871 -1435050164 -1942831068 759650198 -153720621
701019261 -1493565495 1312624206 -1808566296 1770284556
-852316890 1304781831 1883074559 737665974 -1281594406
-426212007 672858607 -1175959720 676047516 341150924
835688320 -2083127699 1015360983 -1039801193 2094479872
-1675458606 -1956594839 -548477178 -755670897 -1299015329
-457497491 -745368853 1846633349 139597020 -1990173832
-1721453181 1561983602 1511078945 1517285961 -1985754247
-689965008 -874496892 642694078 1471908859 610671803
1173138160 -1700442660 -1919274529 842214420 781000153
-1995430151 869362115 1156770607 992585761 226294501
-814332052 578192029 -1238970330 1077790274 947156291
-476934663 1830263520 2037329327 -1934177289 502392815
740846570 -1696695491 -1827426062 591534367 -622272047
522404753 -141016643 149040406 -254553817 -577682439
534587083 475867165 -1242947427 1457262131 564145787
-544929990 783976593 -1465726494 429693882 84925471
-1890777511 -512508801 -1995971880 -1007457804 1117492506
-533114054 -1027184283 -545128585 235899397 1491699589
-1468345705 -578337018 242541476 147114934 46143968
1497682884 1459873668 1813125029 2131315677 1499974613
1914795605 1745052097 -1552376194 -321462919 1852961226
442418800 350197498 -1944211737 -1405686070 -397945028
714096340 1363308638 -610650430 -876113560 -1990235084
2033986310 1891503571 755933927 1660612678 -612967281
-336870051 -1956353474 265137755 -68367730 -1474847064
-120309074 -177405007 -2069190787 -1940288005 -592304493
-582207716 1255662085 -762955899 276504786 -1095678708
-1459250990 -1570681318 -364915367 382557958 521179910
697083255 1861202996 -467583895 -1016100162 1192980588
-1634471127 -238127329 -766933933 1262026290 1111307021
1173365243 710207844 2099220529 756679356 1132526300
-753994871 -1899667943 1481124402 -970533859 1387317183
-743725754 -1639478301 -262384567 -1582630537 -2054442919
-1571577823 333559848 1027166195 1924415347 -1327471526
1180637576 -140887417 557227116 -1186231777 1021641349
-1862195165 -1571761548 -1300849112 -2126916842 1146300104
-215653214 1769497477 1374277786 -442765431 -95272718
-1906564530 1391749847 -1509884141 -1436434506 -190307482
-1137953281 1443083384 -681901599 -1312724420 1138120557
452638014 -943176760 -2082207452 1674522092 -998438736
-1470588379 -653039908 642708198 1219976769 748944233
1000095469 -42454857 -1344838108 -1898831295 1435085009
1481862215 -553365595 1651313704 -1620831907 -1878473075
-1893136395 1201640218 -770488425 1030449840 1787805646
-1337494999 -1167465032 -1412289359 1292842870 757646647
734836947 -1084717476 -1413452851 -1638853244 764930096
-957127230 1700542192 782396483 -28238583 -757106882
419262111 -974353059 1452973774 318684309 1798264381
-1675152562 2022538148 -565369081 -2047652167 -1587916102
1963597632 1074576424 1089359627 -1734475535 -1201252359
815226039 -824621833 -2142032716 1557203437 -966454750
-578658599 -1331194176 -1583914688 1217821660 -1375231834
1638977827 -173503989 1235268973 1216636503 -969795877
661187215 686953276 -694126747 1795354573 -753092744
-2054292128 -1160769259 55052388 720643881 1361948959
-1627964417 1213720350 -170004621 1010081132 -884211250
2024722367 -2112592132 -1549957278 1285761249 -2121156802
-2001513566 2142998923 -1522246966 723205335 390038283
760635879 737123741 327887037 -592741115 1540927825
1400842912 1075199208 635804628 -1894771016 39369467
851216297 230032224 1705020404 -1230159293 -998683607
1649475072 593904432 1931728563 58408102 1295129747
709457365 -1474635435 644978280 -1490928387 1834954097
-1201557906 1463064130 1672222538 -95704076 2002715947
-1694389756 1071264319 -312977065 -210667606 1110586374
404692510 -482601459 -498136890 1203681518 -807371394
-577208776 -796229045 -961014162 -1826061928 -982761127
532670718 -430840300 568436596 -1859863055 1243690712
-382436080 1145144017 -1511424425 210074637 1847694833
625093306 -1140586232 -919439036 1842964412 -128518322
-2019795187 -948365949 1670504184 1854682939 -2077045627
-1831447773 1885993277 814220549 2143055753 1598502277
-842035522 -1190238461 888237168 -715368121 400723255
-1376460074 -818898099 411114554 -1890701806 -2019620172
-262588106 2059378115 1604598127 -924056090 -1684732295
-4288204 318367330 1904123049 -1037871961 -307823721
-2111625410 -364432301 -1520636161 178452365 -1611842488
-1315406786 -1298657494 -285962578 863369062 -776042327
1331074322 -1597776134 1544251722 -239324471 -2083109973
-1264350622 449956000 -1470921073 -1450162002 1165723277
273419089 645576475 2022511398 2026704059 1689947
1760881859 1596261360 1920045736 382860580 1830794963
271676642 826210266 1024209999 1106739181 1554090977
244817723 82905945 -342835600 -1781331273 -1305291605
-2079095229 -246939277 -2070069255 1855417969 -1030623645
793365006 1196313085 -2092153089 -355921331 2022483084
-1324892880 2021528403 -90034955 -1679078881 1084535756
-1749713261 1227232709 -307503047 -2000834387 1364061436
1824134315 1956990194 -1695995496 84727906 -968063188
271485091 1914041287 -986737720 -1216809028 -1292879775
-1021101535 -982726934 922274708 1835790941 542564785
1772162524 -1107126488 873849935 2013844162 1631863363
-597841881 722555174 -1947268585 374166777 1397886311
-47211693 -938799532 1862199342 -475395340 -2126291203
120459466 -703557731 -1689680484 1836947941 -404003979
505932714 86964510 -1874466082 5066691 -1674914733
-631040943 1920931191 -1557678504 -918990007 -1122325177
-1195659990 2107444043 2109560696 652204248 -858611471
1311070832 279190734 -77658455 2022441389 -172038140
-1865365205 -1886302862 1311233323 -1552654197 1823662579
-514571682 1535265205 1244992809 1976874521 -410753890
1584716491 927615022 -2058474813 -1915370735 1841571266
-252655209 1894420282 -292734613 -596530965 -581434561
-1347070824 606179131 464611745 1876333614 291491122
1416576666 -1550270285 1875778198 209850805 6578897
466069887 -419328078 1617313587 1770306043 -1501434267
-1989978518 444799290 -1929706378 -1882300955 1016908263
-2111285606 -744287091 -2120788314 1688940178 -1303969521
384036293 -1896423699 -456774732 755158657 -2091027706
1867243481 292157821 861112505 -1201792976 -1888446403
718903712 -473656249 1352792582 -880594793 133830659
10279462 834240401 53732915 1043143065 599032171
873577460 1377936883 831090261 -1182022580 1378352882
662614293
