10403 512 231092985 -1090734437 328240576
-983255045 579000958 1082234447 -1695108544 -74070272
-525391926 307461955 -1207009447 -799733447 434079736
-393889029 -1346095631 -472038432 571320287 -749143169
1930710474 -1542375577 -1766840230 1622760573 876520615
-612414949 1099123807 -530562514 1294904574 -228856594
1293347128 2055402023 -386035967 -143712225 -1327421110
-455438178 2086435597 41085535 -465846322 -1491027745
-2092841457 338778525 1687098018 1165090642 685651771
-18608552 1557183786 1207651853 799231642 1549970389
149323013 -1182725276 1486483092 382226213 116011346
-1143324500 -411231233 -344625888 580353141 -1058425236
-2118392971 -1363960133 16110646 -646073674 -1223681076
-1483488687 -924466934 -1931531824 -1071897935 -1349397499
1188900233 -1550347734 521848419 -846659423 1886668477
-1055569454 -597418577 1939338530 -1192942517 1899676996
2106808194 2047063436 -1047162759 1370994868 1276399588
2045445888 1475422686 -1949180311 570770963 2128201
-433151163 254252432 -58026152 -123275250 -1713527026
671867887 -1184416388 -670800289 -859402859 -1637514474
-1656295397 -291929128 2003648514 367581063 -435533171
924032303 -1768232318 582723246 -2096349308 1668438584
639735295 -1286371180 1661272686 -501934064 1546502414
-2090127230 -137933335 -1486097848 1098369815 -1444630815
-439643134 149561190 1473439819 -361723818 -302170191
1669510559 -733832306 -1550498150 1244474127 587277868
1418855488 1132274013 -2099713234 859859614 1061346507
762030703 439779923 587515357 1071337071 1574554817
-1227837341 -1401021254 1796997171 1945787571 -1905960777
-687026445 -1860646911 1825182333 785344422 -1579424043
-2024106376 93252586 -489044734 -1285861613 214375187
-2055089448 3347213 665685230 1795461707 -1545612476
1697302752 -1671593704 -2118320776 1519474741 1598874176
1352107683 1426371209 104307750 1046368525 -506459339
-1275247425 1231772295 605940364 -1468188044 393915679
325943768 1938433499 -1177164539 -1077735766 81227568
1725614767 301756375 -12415259 1778100585 2103919663
767617563 1546089894 375120780 -981408747 243811179
-1776030928 -1256325708 -956112004 2146016598 1900811100
47138318 -1712431729 -2055371929 1930371172 -1815705181
-1705672297 1305364676 2114752049 -710232798 269618543
-1754184619 592059051 -1988203425 -610034261 -865141453
1814943942 983617486 865280870 937726698 -2003603309
1637412771 259366994 11211806 -1329823126 -181928029
-1594644342 -809428353 651838558 1269737836 462245657
-555050019 884346333 876203278 -479655441 -1550700666
2147118768 -817081342 465864282 -1001108969 -66614485
-1248825879 -304231248 1198734007 689347386 -716197578
482777524 -323830363 -1118718727 1494873467 1754201870
-331051376 1229208982 1914397257 -768133504 1377774669
-1422722618 264238591 -446998212 553842957 1207092988
-1361072633 2145644352 736248077 -613982175 1304188688
-313581851 -49674207 -1251981216 2132749997 1952990623
-220545270 -2108953373 -1461616732 972360970 1665930515
-2121125572 -383292376 2067516940 -1330782682 -87882174
423416633 1029012528 25581763 -1039405252 -732576484
-1763878884 -1327834548 1735644866 -1779302669 -171000054
-879273798 -1293721219 695349334 1605942116 -1016725822
1112607488 -1745693516 1935939704 -40234524 -2134425014
663132533 309700157 -158306821 -144388889 -1401744029
-1385389180 449863003 -1116008169 1459795003 -194849482
-1572170910 372568538 -585191180 -1943097127 -1037788556
-402241264 -2123089083 -1438490765 1324813004 1436247511
1817239335 -156563981 1261140971 -2051330034 1646764617
1146558389 648504223 -699404777 1015645375 564519708
395603389 -1281655015 781226224 1331627321 -386152359
360256777 -2117282872 -273314421 -1296268521 1316236041
-622728695 -207854584 1638237954 -356447435 -1244779893
-347676252 1268565139 1858041598 -258236591 -1752532911
-1694531494 -1264133949 -1325856317 1107592474 -1706099027
1676238014 181652653 -427058289 1480926308 1951356241
1015172854 1269057188 1205742020 -733099187 1881977925
-68413824 -1019025055 881009721 364298347 1843540130
129673284 231516492 1402987461 -1998887130 780951786
367011404 585899262 -1497927785 -34388549 -13664183
-1334930588 226153476 1125832761 1904796046 1735243106
1460640792 -753287854 -1230789103 1136131047 -745731676
-471076956 -358085205 1465817586 -1938532803 1310134260
-1885181746 1925063567 2124083579 -354990188 -1605172349
1206248397 -1047030505 473540931 1408074394 -1049522007
95979204 -859747712 -885267607 -1652412225 942719533
1869650843 391864796 913265873 -2077757470 -1397048371
1065090105 719321871 1600466253 2014534700 2114499672
-1784106817 -244229586 403237402 -2070618730 1141606237
1907931361 -1504027800 1502850267 124064164 1567940756
-824491895 -1155117190 504632795 -2147184372 -1079247745
-789080570 1714871168 -745760949 -1918569201 115263778
30961162 -550645106 181917669 10090490 410827301
-311175055 -1195605292 1454457549 361528715 -559233263
-15602797 -560946218 1448781304 398513913 609958675
670129490 -1848981474 -1671551814 -1997769027 -666922732
-846281212 -1934979188 -1176123710 1165853890 -1816412277
606678362 -1237996 862060120 -1152909383 974103867
699037100 -2061394940 1045746939 -741272868 913859087
-1669192308 675117952 1313170549 262377847 995311344
-351308742 -1698290760 -1719665757 1877488913 598792393
1106277497 -1409330793 -448910527 -1162947811 600855725
-380405502 1679264270 -1910474327 -898861598 -1895501062
-1684688539 -1028928090 -1384050401 -99639317 -276378582
239816257 -1361059762 -420756965 -1256044677 -713941823
750836352 -163004883 1820025680 -1783261851 1979946753
-1932285960 -5000628 2130900694 -2088683184 2025347285
1939690272 -106160789 -1323920528 1751135208 1518208428
1651203702 -984761706 928472854 1363701831 -814062789
1107314901 1971191771 -1848160687 788165855 501946106
940403539 857134316 -98504568 -1931093646 197841505
1513894282 -1396145814 1481388745 -95990438 1161438033
569402855 -2006859959 1010563682 -1994407641 1398336540
1958385179 1275568480 -615048078 -2062285375 1099788534
1387137937 1642710921 -368562691 853076445 -319337830
-300146812 -1778819255 1574966226 1414614970 -298688650
-2071289131 574541907 320531541 -1893260672 -2022856675
308066978 -435605656 285585393 1379676733 1805664007
2113109278 1983450439 2044019874 -1964212606 -1004107981
1888888510 1354109040 -1533893896 -2081815180 -730995993
1919927001 -2133826461 -1601077108 1757193068 1311582673
1312210940 318530853 -1814138407 -1822465407 -1038818845
307179531 -490255298 -2045363138 1694811549 221791942
670272483 1515308582 418625438 1433424177 1920363920
-371610500 1791336354 -1773129333 19661407 286459387
1348962857 -1531779161 254714687 1774782928 1430317302
-224573183 -1835122329 -2067265075 760688536 -818298198
1492232321 -974663662 -747798421 981510769 62599933
1923312301 -251714786 372884259 -630792709 1523034810
1111149516 341289721 395788686 1793892015 -899707898
-872010951
