10403 376 879502561 161205770 -589525151
-388253650 -1260981902 1306776461 1257888522 -624456499
-1695657869 -1773246092 -378463381 269914900 669569752
-336306525 1234104872 1674088639 -750454603 -1538876162
769338357 -1190058046 1683835086 1302017193 -321515498
962478321 979882143 1411508384 616028855 -198349696
-1688820548 -1315412185 1512678636 448895355 537819545
-2099059246 -1002149191 1011474918 622907322 -1871638283
-136679950 -1861168203 -1413987669 322967308 -322836301
2060584060 -533378560 -444112709 -1054672992 829867623
706031773 708636054 -1550498723 143488042 1780414022
-185763871 -1131068402 1251495433 -1146301305 1622410702
1093072351 -263006011 -1971898159 817274247 -516169394
-7495996 -336648282 1074027640 1154804493 -869548569
1675363531 -259329367 -192596420 -1167798562 723772888
-2058075062 -804027597 -1607444799 1494745141 1994100531
-2101911734 236525856 -2022490886 1414962500 -1112168687
1699937139 -517947617 -2071465227 -1183985128 -1544423238
1755831916 466831494 881482599 -1418151331 -1300781511
-1401794897 -365158090 -723672180 1033416846 1644720880
1392194245 -1549327201 904109171 -290319455 1431341652
1144903158 -1682332752 1214197218 -853997157 -1538266503
-416923427 961904155 -62449902 1899300488 22236194
798396764 1178392969 117477771 -1979353817 -1487852531
194395248 1522899186 -1172733916 1303277502 -122216721
-1714470027 549313441 -1796283177 1723440318 800748212
2068718998 -1407097368 264752797 -430387625 1739470939
-2029793959 1124715308 492114094 926984552 -1171505030
-374957949 429015601 2139096229 -372425053 -193736422
-1606851824 1365316842 -2118761068 -1479202399 621146179
2128291055 1492678213 844345448 295120906 882035196
307458614 2132291831 -131600371 -132826679 -907255937
-484762458 -462297028 1275931454 -1730388704 -1610295467
-688489329 -1522007741 -1989886575 -865574652 634057606
-219087232 1560539986 1385563051 1270133161 -1195474419
-55246325 -124293982 -48443464 2143011794 1329270700
2033974169 -1573012325 861484087 -662220195 -75169536
880014210 -1185687756 -680191890 -953192065 -2108745563
1465141681 779178087 -2022635602 1245566884 38323334
1323803224 630143981 2105175559 104457707 362105161
-1782326180 377951230 1147330168 -1889557846 -1714544173
494579617 -1147377707 1567141267 -720303254 395376832
-1941342374 1395756964 -1418327823 842303635 1860109567
-1974724523 2006946296 478684442 -2097002036 1251912358
-110132409 -126243843 1160414233 1013132367 588532694
1928397548 1827998062 -1201969712 -2069457947 665028287
712564627 -374870975 -69418380 -1253834922 792730960
1128486402 -318897477 -2123243303 -1285331715 -493848133
1713904242 2133630952 -1190685374 1723530172 913248361
-1896412629 -484344505 658026861 -828331952 1429164626
75681732 -1809466402 478933391 39423317 852437633
1772768311 -498649954 -197096940 -484319882 1406902600
1496246013 495949559 -2067134853 -142437895 907434444
1878419022 -296774264 -615214246 -124661725 -1162483951
428197573 -725232253 434738106 -1245267536 -703662774
-1196350860 435597313 1021860963 1860723279 -1434963291
94110408 2107381482 -1788269220 -766647594 395190231
-1094154067 1823601199 1018950095 -297383781 -224188935
253716086 -1840019846 -713791006 -373576744 504619905
1763680653 -1803536291 549970127 -34654604 -1181376300
-298688728 1207683090 -1374670429 -935828349 -367834521
11987109 2079115506 -413161410 1204825430 -807336988
83719421 -494117847 356138337 -1103363965 -985750856
-1079121552 -503024924 34284326 1238248903 1668535047
-946128701 -1630909839 -1398017602 -2088981454 -1817724662
940716480 1117264377 1214554629 -1805601387 2047951719
-2112412868 1234216892 118923968 -365386198 954881195
-222661845 -1208037153 -1151424211 1634769354 -1610436410
1608646990 397121916 165508325 1063172593 581250985
-885081205 -1054112752 420455880 597816044 -1078966866
1267065183 -1005160289 -144832309 2086928585 -697693818
132834986 518730290 741283912 -196026511 412343677
-1104437939 1207604671 -126367996 755955940 2118952024
443880258 -1768186573 -1949690605 1553187543 1174335829
-1208396350 -1503327730 -10550202 995233716 -573549203
-923806407 318845969 2129555891 393437672 1513795232
888026804 344412534 1446067351 978903415 -1319303725
-1298823071 -766552594 -1835456510 -934261190 1561537808
-377321655 -1161454251 -2117243099 -2092243529 -1314230164
-2113543060 1889067280 -2146352902 427745947 612402587
911899951 -164939907 -1528280902 -945027082 -1975002978
2062146156 453406773 1475078817 -1792814023 1921345499
-338778016 -2004358120 332440796 -2117810018 -601743537
-718475601 -1751136517 1431277913 1581643990 -196209574
343714370 1684431864 1419543457 1501102509 343567997
449476015 2136400340 -1704090124 582407112 1267036210
-1836101629 -63260509 764656071 -668382843 1767146322
-1936921314 548023990 -876059836 439757213 -1611917623
1348301185 450949091 -2075750056 2029591440 76125700
-225691258 1544256743 -1519515993 -1453272221 1045304145
84749918 1502540754 1322989738 406080352 -1172316775
-1900783898 2070391453 -1393671178 49480433 -779664792
-200717475 -240893538 -1270885073 -914361414 -491912991
65761070 567926113 651119372 2067097213 1780727602
-2047312617 1349830038 -1232010787 849441798 -14107087
-1953504472 899328277 -579524794 666419535 632059306
1710370913 -908258954 -105313719 -189326660 -242238099
737068746 -1985826849 28393462 2131371725 432379686
768140673 29414504 1628961597 127603550 531053119
-1565724278 -747073855 -1344017058 608207873 2119356220
-1704573955 1710641298 16072071 584976758 1542500573
-2093287834 1715648817 125827704 794199157 1516410502
1465645903 1628968970 -87357871 -845783520 -1905135943
-287772767 -364282376 -1514994718 130116757 -871280207
-1768473718 -616529932 -1987750483 -551325679 1058692628
1565855114 667033033 -1322614983 1606570394 335420960
653770217 -1122136247 455445344 -169376878 1894985093
922746105 -753283102 -623994932 1171477893 1763887337
-1207234156 527027722 2120100721 -1365546127 814935746
-1461620384 -985159447 -1437636111 -254526792 294209106
228285429 -763547471 1954837898 -259366284 -1976030451
-1612225119 1849733444 1125186330 -1095114295 1526266201
-39801942 -765654144 817836761 -2135818615 -1420461968
-1509180126 658748133 1750671625 1489968594 -1101220644
-1921356875 168137801 -301800508 561880698 -464354463
1480942657 -1058375006 -339940288 757237977 -1359962271
2145567864 851544482 -1842131115 278507857 15105098
361868404 -305303059 -503484623 994939860 253395306
-1800151895 792417081 2006740634 558222848 169606505
28502281 71964320 1241413906 404231557 -1921587879
432965666 677648652 1710822917 243925833 967380948
-525532214 -366649007 33616497 1325988258 -1735124032
-1604462935 -612896431 -1764493576 1619710194 740533301
-707086447 98431370 526316468 1814963661 -161083359
-489302876 801133018 287780521 475821273 144176692
-633323468
