10403 524 222453035 556880504 693704415
-963727807 813868497 215221669 -1489310537 -410416039
-763206173 -1702174908 822064030 -191730073 685178879
264745327 -820022745 1652034353 496296376 -2116647676
-50639406 1247310188 1144172299 -916721487 2097786653
-1081094351 1631120281 1772482626 609392485 -1672070876
-18698053 -1256782705 -784066825 -708939429 -649439822
-458977607 1857667030 -1854189187 -692270466 1889702188
-611434296 592099340 -251751668 1750608449 1935479896
1391922827 -1446820887 -1466652072 -1099192513 -100759628
6557751 -161916406 374419946 -1569069958 -1896207488
1769095147 306732773 1727155117 550054295 855076183
572832748 -103840184 201134402 1454913765 1599257956
-670479344 70585083 -2115389680 1520130668 -1980281578
-1767681711 1809961996 -927062395 689629373 1835479828
-1446323163 -271264359 -1296221648 784439000 1967144279
-1590631138 1836234561 1419732259 -430470252 -1692649208
2030241767 -2112366994 -1598299895 -1587950964 -908927549
-1198708780 3151644 -1544046968 2071674377 491123366
1718170758 233894272 -1649624996 -895481275 -2006367718
1599848841 1101971121 1687436556 1670234114 -67560090
1317194783 322918760 -356254474 2093077074 -1229851415
-1781053033 929723415 -508596461 336688556 1656425658
-1636543353 192899423 -1462824157 -1035608048 896379362
1373360780 -730148416 -1320853854 -1188584062 -348684889
2121907380 1229802097 -1160775916 -725601185 -1224595155
892037085 1298967859 -732854793 431878169 1674023462
642864645 -1218496936 -1037510209 1202008718 593488334
1406641144 762956499 -1620227356 -355546959 -380160485
1852709400 -1520491523 -1110130665 1734400547 1918662054
-821097440 939038982 1687310978 -774725606 197977529
2078600777 307765646 1044308179 1439605649 -372175173
-530745108 2009351969 286488279 -590003088 -1803063387
-873068550 1402757649 233107486 -531495699 -1805534716
1565606502 -126933608 -761710747 1164599475 -248502165
1289065974 1669085455 507885246 1953008006 -846166373
-1415513715 329416362 1474198304 -2054258633 1193464457
-236163934 1711535225 -135379682 1316605090 -2134247970
-1494703631 -1235398219 228516153 -1741516838 -1937860264
-1135591356 1632070155 -1760729738 140730869 516666824
385326768 609656665 -238853796 -662459384 1678052251
-1447762379 821898252 353105920 -698792962 -2027068931
910382728 939558448 -448010356 -948578825 1542507724
1813641227 1545756274 -324877501 644818655 589983680
-1344066204 1069759901 1668547228 197372545 -1943879174
2033542429 -590484389 477947289 -959902894 -1422403549
-1379408539 -835876865 900855542 -1977078430 -2139183776
-2028313325 422752110 -1067327581 1837946652 -1703098819
-1613784321 342608834 -1917045334 -1011985080 -1352071702
2070580343 328454554 2138278991 1289238353 -5024971
624858049 329835423 -507661827 825926856 -1958564957
1211402536 1455557730 1281803714 -356439658 -1613639314
-148054572 -1120129542 -1631763418 264634305 999866758
-1518637131 663610213 -930745556 -1938268471 -1050892712
1814580541 -1488583398 -784367123 1577616833 -555514271
308487060 -564433126 1159937486 -338557444 2128476333
2070062670 1286235561 669265745 382308564 -767454326
-1511334642 -691192616 -2105857196 -1001838912 676873720
-483609126 -974062122 499396410 -963142752 -140419526
-829407951 1268171538 -126708453 -92219103 -998487075
-1076482463 -18380529 195572736 1331654563 336671233
-616334399 88305910 -402440195 -901103616 1646212942
-598373817 -2124198664 829976491 -125975212 2138853337
788197312 -1374150320 281229306 -948473830 -107349431
553786644 -1340261702 390142920 1166991282 -1631048119
434452543 -1535516834 -389532792 504208291 1451114362
2122679506 -1301424367 924956102 -251536242 -1878096806
146969142 -1849001588 -1241522487 2084653025 -813928130
649949662 -1179382508 495917158 -2105498920 -1306045649
-1757780085 874049618 226475328 638721111 955412645
-1212237911 -1369688283 1853162104 17779737 -889371671
1507192967 674181664 1325367935 -320681605 -1758319889
1125508537 225206830 -1048620925 -44639987 -1206466052
-717384167 1875421520 2107743346 790413028 -359533915
1112216466 -1453045848 -1332029117 385385164 -490353979
-1233932149 629661617 683243670 -191388484 1759374323
-1369238611 -869951514 266910616 -1993303860 230396933
-1436241276 1779254571 988587702 -1949206296 667814736
699591022 -73014124 -2020662186 1002814576 776327546
2071392193 1633070100 241180947 1711085592 -498354178
-1997429148 1471624522 524790618 -772106624 1234427379
-825745619 -2050870594 -280683668 -441051054 -426404500
-1878373725 866442172 -1805814423 -1397645815 224268092
1966011481 1058703528 1202700021 1511300694 -509477058
-2074711026 877446492 -1376147497 432717369 1642715271
-253574043 27336019 777006518 -794204193 1064900259
1037303882 -1424962983 1428833880 1622623901 249730723
-377340915 -485281540 -1577791015 -851327569 737572565
108496430 1130695702 -1247563206 1670717545 -1260615255
-5259800 -1549669537 423352202 -445340117 1378517019
1794662497 -1490475052 238528239 799570561 847289216
924452184 357544327 1126094276 -2017364991 -772279046
-59059947 -1199324535 2039483035 -622307467 1888001830
-2073771272 -1310424046 -945822056 -1469935983 -331027580
1215952371 -2105382067 -2011120511 1302790966 1232916075
652690036 -471119250 -705969608 -1712424984 -1791136174
-385607020 2000804692 -2099480246 1632018415 224041783
-1449565907 -1170703658 -1081204772 -1812284221 -300633351
52009378 2040484813 -1615339704 1950299622 -585036728
-524352525 -18343447 -145952318 -2017225146 -360250731
-1646385148 -128751235 -645453438 423101447 1643929156
184017223 -763355123 -468224471 -1260298787 -314902015
431452534 1742139008 455477796 -1521565340 -841704442
392036922 27791976 -290169262 485549426 490781415
1237687092 1548380360 331215179 -1955162806 671143967
-334249661 -2060128634 -1506311385 -418583672 -813844157
333096972 -1188197644 2094347707 -2102298594 971372963
1556918845 -1907085654 -137853631 -1103018750 -435856621
-1192658080 -377372899 -1972799053 389031435 -1720884979
1799962060 269356948 1799629176 -298012165 -75969584
-108087343 1558731007 1795493772 -1967971295 -2145978410
1870154527 1448661034 926961374 -1163082663 -1547369046
392456752 916879706 1762619527 -1730229155 -728362915
-1554517973 1730573148 1659070498 -147580577 -1332970514
1365417556 1790426716 937570035 -871113206 1597097990
1261181335 1580707227 2129030614 -1529065461 -1929161662
-220921395 757257981 558001124 -264928624 -625312243
1158369231 1564209253 367332733 387346689 -1632048792
-1388521618 -1690194560 400174229 1380125369 1419523433
1572217439 -1429715061 -776790314 -581224600 -72774540
1116233652 -782495139 -391299707 1917795113 -797305762
-1486165426 1577611991 -631907482 1958859242 -218175360
404256433 -1519711690 -1172772730 1899565300 -710993162
396435918 -878032541 1929211044 -1238385773 -1183852671
-32442868 168339549 5479766 -1921442215 -628913260
-1168865710
