10403 344 266662620 1559965915 617592065
1758483763 -160484330 -1866715511 -669463908 1783400591
1931802327 1634417900 1788969597 -1387990779 -942377210
567291215 -1264105766 1968376192 -1192595325 1951151093
-1620069956 -206774885 1964721696 1662876630 419979254
1883790655 1528827265 324768832 1820943217 -371109178
-1254683866 1232624232 -1780275286 -667449399 225753734
410135606 370553546 -1752307489 1338148683 782921970
-35092070 -1675726277 1175976028 -1596993371 -1234536234
414016859 -691220347 -959868726 2009331333 -1049618649
-2026449658 -1866030238 -1288591300 1564300073 -1316565057
-1649919366 151102728 -1916731218 547593527 1408864098
-923368407 -534986780 -1968442995 1054093762 -1926356536
949342200 1292003602 718995096 684880110 1556690197
-777280508 1203884447 -2064703170 -1084899262 -930420464
1016791690 517231263 480268506 585052916 -199648944
-54049443 -368965715 506852413 426460654 1169474109
952372504 506590645 1590246017 -270049153 3735998
-462254198 -2092928429 -1930026017 279262559 1862888679
554981660 1522882258 303383258 -1733128610 -301636733
-2091932374 -1053533005 1637611396 1423012651 1582858706
-452919503 1376956724 765742144 -1659566682 2078647098
-174024469 -1038669403 659669033 1616820209 -1871095702
469733580 1214302279 -251007578 -427388642 -918557275
1478229355 -529201404 -223443183 -450236381 -1142747325
2131044046 -586071032 1242740011 -1658335602 1344739704
-1545774655 -1919621492 95837542 1279147224 -500830692
722910581 -134433232 1502986275 998915562 -279174670
67432369 1273557752 1597419088 524234689 161622574
-1312050342 -2077552141 2018416713 1285022295 -1416871235
-176931073 -1869250641 -1777264473 -1232187511 -455615917
2142798479 705109839 435112216 1311831732 -1921152089
156475131 -1427560889 -1198612398 -950856192 1333604924
-1722879350 -1622364111 -1939195589 1920709784 -454583784
-250256894 1443364849 -1066719234 -1341240074 1670770485
1101810372 411824921 -949121272 232283353 1009869799
-1183187510 63188696 807572388 191406097 101055632
-1296091279 54945947 1226921583 1357647492 -1694880453
2020832950 -534385618 -1332191519 76030253 -846518502
1509651825 916426338 1237158585 1091238020 608825163
1737995311 1889577121 2067366682 731193643 904767605
1725911008 -444678585 1729273052 309312595 -308578824
-729729897 814321790 -696411086 1971479633 -1976970577
1415551883 -1035257521 960942443 1464497334 -2010681679
266168324 1799400888 970339202 -1745041407 -1583282952
1842920806 755370713 -866601665 -550747003 772112366
2072652547 -34783978 -75990698 -379081100 -1899488902
1201427910 61221624 -1021021293 -255255550 1510143439
-1664519356 -513209972 1874381239 423194356 1099017681
1693655580 -1174343378 33984125 903888329 1888642382
581149968 1791042634 -999314038 141980824 1734971858
2078422686 -541040142 -470860209 -1999646154 2052618151
-1201355353 1502408402 1782101379 -1862248654 -1633159441
-561521585 -96444562 485578876 648428783 -1726379240
533007135 -549396702 -1871620441 1790429304 651158092
-1270920406 -250446829 -744942607 548904172 -427325576
2140128489 -1578318707 -1182584947 1029864813 1186268517
1817140510 2045430532 -982890817 -1505570813 -935097366
1039277841 -924966402 -1108458146 -1689220695 -1168889507
-1300741036 679279449 -1403392638 -1947287508 1198489889
-994887023 -1487082378 -1383710405 684629821 872043081
1197694053 1927230649 101703890 -1661934725 -1234013919
839980242 -64964077 488952809 -1342952565 2030504616
593822602 1807279806 -1318004187 -454209434 2048900576
-1675732967 1705065799 366669203 324338357 1557913796
-558943951 -297885912 808541675 1834202089 813929589
199312023 676252716 272971228 -1124367154 -261909295
-655749149 1549972896 -925987022 300636674 -36793557
-1750903150 2099935950 2089426041 1594792624 -307575662
-1628172676 1861568545 131464943 532160866 -2130414837
434662808 -1895328534 713800541 435631620 -665186799
163835171 -739093099 -769689879 -368612044 84156239
-1499043452 -2089809113 1538249625 891374932 -1593921855
1684080653 2116419250 1100376452 1664885873 -872771137
-819963877 1991094803 396174737 -958848337 516774294
1019924786 1136259773 -619837411 -1251489759 2132270512
-222188564 982664068 -557421588 -634264563 1987671656
-2096450648 648945445 -1328840821 -724329314 2104953492
2078971192 375781739 775484819 -1680773265 1915432998
356605238 -1717138801 116684314 1156395393 -818584162
677930273 -514204660 1354492262 1208389202 -1695016666
1963201652 -1353876880 1481155598 -512582493 138908490
660078622 -785987414 284438411 363667345 1748936190
-167917849 -396872416 781824960 304017807 1793469045
-122599313 1659322884 1913576955 -309367338 721572133
1552330750 -1284989908 2085981533 -778684565 465677913
1715023031 1753864498 888722532 -457314296 -701639912
-385460735 573954349 -2082731440 -240111362 654792614
-2085812202 1367050663 723034484 -2143660847 -1002444179
-146062617 515456445 848866894 1450860850 -1083598658
844972735 -1141628950 346368565 -538533517 -476083619
1010627587 -1626162511 1277399947 580670020 -641065982
-714871166 -833778115 682714507 -1576323465 -1276333395
1637014844 1496123456 -631609225 895831968 -376101507
-2052030324 -1030257942 1179762900 -556489316 -1805359672
1262144644 -9059524 -948462369 -578787289 866568943
-1600585066 1256916488 -820586687 -507546516 730767537
1490124190 -207696347 -1834966744 1396698149 126838512
-1141680771 -1675669551 -869150323 1537896499 2026065808
179413993 121820729 1369249345 -857244242 1165406340
-803682208 -629443863 1018874149 -702161916 -1326526123
371591574 -989782352 -1807581667 702858652 -1467456491
-1106504225 -1119134593 1902768110 725570252 -1392460541
1169472711 -2049551434 -1636476973 -918421883 104794407
1171337236 1044388870 1444473486 -1242572287 1101512691
-1504003007 1119855805 -547458446 876562336 2087740976
1897675716 1995360660 -623060582 -1525109320 1981268209
1576045123 306492131 1888069649 1739052960 -744287019
-243418791 -1365480181 -439253885 -1939097340 -579535026
-1693432510 43959305 1574447390 160999525 -1612971035
-1876595826 -1188838812 -1777877260 1966679904 1657549231
-769011888 516610191 706616853 -1115092854 446341125
2024735470 -714559326 -1914906487 -42328849 -602245916
-744995834 1115492786 -1686713836 -1153133859 878913193
1089306938 -2122777164 -254679189 660425705 1742135955
824256242 883065406 -1200812417 885933753 -1393157479
36153344 -847055429 463660555 1665227848 -1526484614
-964299954 -1377579843 1589304503 1499763328 1050184344
-313847388 -881777694 -743612713 -95128255 907324752
504081208 1763244990 548300029 -561423683 941859126
1792522676 -585075066 577248590 588963909 551518330
-1044055022 1559363569 1573040013 2000442661 -181453049
-1278544548 1347985848 241943288 1718150388 -1421308435
-1287123720 151296708 -300591256 -2016696964 1447479880
730035383 279639746 1243586246 -407892841 600115642
52381935
