10403 176 -1936336172 -1335851889 -1730422444
-882850253 844806001 63216314 279397073 -566687490
-265437758 -184597475 -1128650502 743170717 -1932825501
-1053042908 677339643 101950916 1960201192 -718445549
917350616 -500110865 -1634480891 -97957618 -1356300187
509958930 -789476706 -107330375 1127847174 -396417823
-429536657 -1820092048 1220084871 602197936 1381950060
-2038468713 1553916892 -474608469 1406681225 -2054193502
1724585609 1719366486 -88565398 -227763611 1027701058
-896717723 -1638819973 -273680420 486301027 22136972
1381462960 -1928847285 -1189737680 1511810807 -1011221491
-970981370 203318317 538119130 -943212234 -950385619
-1229959664 -355037422 -982644476 658751774 -1771091377
203162645 411192641 347478135 -1999386914 -1682116268
2042546358 373802632 -589692099 719109815 -1948251205
1389047353 1751392012 750387086 2022148040 1640984474
-2061734557 -622440495 1888536069 1340032835 1997188602
-628657168 365015946 -1959441356 -239783103 202143907
528117903 -1519195291 -422707960 -1088028374 -1755429348
1020596118 1199293207 -1172602899 2123298409 -1867206817
-1759675130 1409649244 1662327262 -2019354048 631091637
-994157201 -1601583965 -1802500239 -743802268 -35638490
-211537568 1503514290 1210287499 -1227976503 984197869
-1868063125 -135256126 465722840 -798107086 70361804
-403417287 -1837848709 -1321957865 384849533 477295776
-832153310 -882600428 1909305038 367234271 909136325
165396433 74301575 1110499406 -122359868 -1763913050
884505464 252551181 -839856409 315262411 -426759767
1801336124 510663646 -909119784 2052095306 1579320371
590383041 -10117835 822082611 154860618 541835296
1012477434 1546301508 1473281041 967766643 522976287
980767221 1485177624 1244364730 478258028 -731605626
-729180569 -119868579 -1945920199 2145352111 -1347548618
-1063497076 1060011406 1604310000 -1364672571 83204511
-814568589 1253728417 -1111607468 -1699690762 -295290704
-427601694 1526491803 -92183687 -975901219 555362075
142687250 1133501320 1577263394 -507844004 -183330679
2002832011 1092472871 1143706381 -677744784 -1370051086
-446233820 779898558 1848622575 1588689013 1544710305
1150840279 -82596930 1380281268 -1824292202 2057532136
-13253731 1379971927 1582207323 1831869017 1788664876
-197183058 -296147864 1043586938 1770639235 722902833
-2016580699 2039305635 -1902298598 -651765232 -809640982
-645903212 -306496351 -2022810813 686870511 -2136099003
1919088488 785955594 1484119292 496378678 -132328457
-590936307 172884681 -1841195393 1198135206 -208780996
-931649474 -2113919968 -829096875 150336399 1404209731
1714991761 -1938782716 -634347386 -1591345280 -1135756206
1715836587 -1629024599 -1691375347 1281802507 866547106
1659141816 -776596270 1758593708 -2103659367 -1217659493
-1885419721 -1259225251 1722472448 -773864830 -999969228
1806097774 -1188717953 -1275435611 -707155279 977701735
1901918382 503368356 -627348090 1991566168 -486668563
1547124999 -1853382933 1835318857 637461852 -1691604226
-2076865160 1683192234 -1722374957 -417914719 -539835179
571262099 192381546 60727744 -5391270 -1514498908
1832371697 -798166637 -772010497 843279701 1987042040
-2128444902 -2075915344 -17771544 -66844596 -652718194
1722554751 -1343182721 87305387 940102313 657591526
-1676187254 -1372000110 1140210408 129979665 -1576023523
2111359213 -1642092129 1627881188 1199048708 870706168
1126942562 1172987923 -1171150925 -1558324553 904054069
1328044194 912683118 -316319450 94740244 -1773756531
-1445531687 280022833 576874003 -1320272376 -1805771072
-646260652 -2011020842 833070007 995323287 -6535693
2088901825 -1351386354 -262760798 640019930 784796848
-93304855 349499637 -56370875 -2004382377 -121510900
-372079924 -1806063952 -966613286 435035003 387549883
-2106011889 183307101 -1032269414 -470841322 887287742
-2097083188 1037341461 -197840959 -1744945255 -1695889733
1071277248 1077863544 -1271148804 -1968552386 386129711
1164321487 1140109211 87125753 1102582646 1194153850
-22261022 -1627532584 400563329 1579281037 -1539561123
371862991 -1748234380 390830036 789939752 -772204270
507907235 29372291 1097892199 -82304091 146595314
468221246 1056924246 1010164964 1351215613 1005336873
181043809 885123971 1501371320 1607310960 1903012836
1112385574 -1831537977 -523071481 -1222818877 -891014799
1837863102 -528065230 -1639746038 943988928 563792121
-1665671931 1258752661 -1856715673 1985477180 -1603238724
-1758668864 -1571995862 -1579993685 486444587 -2108403745
-437456339 1227928778 947981254 1476956750 81902204
-418170907 -559459087 1340854953 1939834507 1621942544
-1665064248 -2016060436 -1057719634 2091056735 1296096671
1540148171 53525449 1723168390 -394093142 2001666866
-1162301624 781073521 -360949635 1331601997 1127410879
1812101124 1067965412 -857430184 -314846142 1348081715
118154771 270874071 -1561442731 1970475202 -1231872242
-361100986 -93270348 -1351487379 -39905223 -2037197551
246123187 -1907831064 757452192 784473012 536573558
877493143 -447803785 -950887725 266105697 -1736443154
1852030396 -979440611 56655818 1861731887 -887873690
1178108093 -1325369258 -298006255 -189062872 -2004550211
1497216030 1137490415 474836314 -576163967 1139386990
-889069695 786063276 297447197 1684620690 -543898441
-764961194 -520995907 1796491494 1653188177 763515752
-1923320139 1515893094 -1345299057 -707052214 -1539988959
837946806 -1602920535 167584828 269597773 210012746
-1360535617 -704802378 419622957 213406022 -1928231967
1226124872 -1331266627 1761076222 -48203649 -813234454
-342249279 1495621278 -88428159 91876444 593629693
411986002 1397408807 1382562966 -2048730723 1859751142
-461409423 976683640 -1282339403 2009767802 1973907617
-708969087 -1545663710 -1982885952 1627448601 607117537
1087634488 -1847741918 1537213397 -2003497839 748477898
-1625969036 791572397 966988785 -159368556 -17693910
-2041093591 308907513 623259738 -64491840 1739008105
-569432887 773311904 -483189806 -2118831163 -940483623
1256190946 174030796 435488645 694849353 1670146132
432932234 232947025 -2063767183 -876658206 -1665094848
-1082462999 -1502247215 166119096 1015215026 1142794037
1503261649 419135370 222414772 -441688179 -208648735
-318050524 131750362 819510441 -213543399 -1627291126
-957994016 -1874334151 -1661530487 1436437008 570586434
979861221 464420809 -1903387278 -2080832452 403753813
-1998023127 -921260252 -1143395814 -595322143 -117682143
-1364004926 -830199776 -101099847 55602081 1597203448
-1238480414 -1310311275 -5403215 -198610550 -1709410828
-811024979 -300515823 1918325780 1089774474 -1828900919
431075129 -1455032934 -1025460192 -1300940311 309914441
-1351057568 -1951229038 -463012475 690993401 1786976226
-227678772 -1188926075 436589801 1851464084 -1755093494
-1322931343 1196796273 1627845826 2104193376 627483881
-787720719 -718655816 -766453166 1717945333 -19733327
1472442762 -270555020 1289733901 585248161 -1353681637
1880954710
