10403 72 -457636742 -93708148 -783350778
2050462429 2055280073 -1041356793 2113734075 199522076
-2015598756 -25606925 -355235897 -28708586 1891963607
2065984580 -757474393 1717448495 -521940814 -23262334
-289008714 -1492006916 19573280 1274721756 -196763464
1790233394 374773264 -1366962633 1377717574 -1109838768
1921520134 184441577 -788544262 -1511710404 873843955
1173848754 1109963677 863488223 294207296 -1787336964
-1920558132 1003655681 1419208148 -2001669985 1620058672
-861912744 -1847188544 -1781602902 -289922952 502196156
-1645878424 -2016861119 -701092158 413737380 1728832124
-1801495548 1202904604 -1323654967 873134828 -1390947552
1383718820 509561022 1244163408 1543274959 -1023134075
1295191044 20155497 -1890810674 728125033 1526486914
1397991752 -493592710 -24574258 -940176503 413573836
1805339456 1647299023 -1475831849 -282821980 1490091922
1026204304 -1228880325 727038855 448397990 -1353015203
1815983372 746402997 1380879590 -555077843 1728173926
-1093527577 -1717034477 -552751142 955528802 391337695
159749880 -19875893 1252088864 577998873 -1226694793
1383517106 1713353876 -1013656816 -717510814 45981688
-1342427892 167440567 697768106 904609772 -852186178
1680247166 -615750406 519024460 -1739322715 610095696
-1999491524 -243256470 1536372101 965674544 1308514333
411913207 309342030 1309767675 -603888973 -1052976900
342261448 -1723239723 561893004 -1189757202 -2063486413
-956749275 -895086442 1725733109 1354893101 1277661111
-1390444852 950881638 -589391620 1954068009 -748517846
-933000076 -1004119757 -39939314 -433200796 -1512753187
-942573257 -872917405 1334992242 -1547251293 1694770765
-793682228 -300481792 929430983 -360934775 657214240
-1594939513 1425795929 -1917720083 -2050578661 -87718743
-337835201 711911224 923483885 -101494473 -1950966607
-598539919 1629055053 1599367438 396294979 671355411
-1941515540 890872381 1336670279 143531445 928074504
-1686745425 -50208467 544547568 578484847 84079443
105966434 -1820244572 148405062 1974816916 1504088755
-139684491 1828462588 1224692597 522858556 50772581
1687719570 -1191471619 -465314398 -557920874 1704453334
-717218307 -699061051 2013560275 -135021136 2141718026
407214966 -1915495382 1996812452 65561450 -936081994
-1502408662 857816832 -1564150843 1833916332 4704392
844428681 557040900 91317438 46704068 593827525
311130798 767941319 3707665 -1518132546 -843042043
836297219 -1394631078 -875625975 1946327566 1026838020
-2064451781 -1233807257 1222729287 -1717144508 1645967324
-1010875536 -1394758706 713785461 464382875 101447662
-1267344923 -403585405 154376844 -207152926 2092243735
1245040884 442039794 584647336 -1906544857 -1229054551
-1882000304 -480449000 -255872143 -2037406714 1482528363
-860278717 -1958847125 -171857642 222527799 -218901277
-1527272397 -53837025 -785323973 -1422263169 742708806
1750081224 1011063618 -1129363968 -967185815 2137288323
-1656976365 1374935206 116670000 388418935 803901275
-291516516 870343778 -355873559 1638835111 -1720180429
-243405035 -1334657254 -895985700 -1418080509 27030315
-431625132 2091700993 -306502053 1101606784 129202617
-834505552 -1631312295 1102172782 1091042661 -1743494127
-1217561035 804919315 10873891 -1210402058 1972469859
617456964 -427462812 -2048702778 -1198905482 -1229423401
1059599083 -1085567281 861552873 -1951680246 1794491310
733341680 -1499542129 1467955185 -160033473 -766635152
-1550822650 -1948350687 -616819027 -1930052852 291807173
-5246285 640352498 1261359940 597157679 -2140984756
9924909 1193233987 1073368973 997716729 1487549157
566072062 -1299059908 -141092091 1627820515 -2087041097
-470882432 -1924438694 1038560046 45038754 -1173168872
1440653956 713750471 1149528142 -526117448 -791892336
412598172 -1573806631 1227752958 2038113252 -1473841783
-1002095891 -678585834 549714389 589863741 1739851116
-1780127064 367193691 740003465 1464443815 -1844608466
1279069038 1053408709 -1799800977 1466683625 1659645630
-1509893871 -635952943 -1479011500 -2028333147 -1205275569
1366459820 1654071901 908618258 -409933488 2116607557
-148422525 -1357189682 43146852 716897685 -1547732887
-399294831 727126363 1126879580 1018955004 -1248075678
1712788814 -1267209637 -146560843 -994185448 -663897565
1503967231 1183342665 727878281 1428987253 -2009345834
1337752619 1364659260 1563299231 47447970 -389219041
-282117812 1264670801 1088757367 954385111 198279490
-332465117 1995566548 1018639631 2103530864 -74302454
975316398 -2090547516 -699847664 1452636101 -468892528
2126834094 531176453 -1421953964 -820703613 744990072
77531959 -409820209 1697879679 992221983 725770089
513389096 -1148314181 -351069270 1883757716 225065611
-1023753818 -809395382 244822466 -1264115816 1975681811
432845097 1480466901 175837647 -481769782 -351344636
-814159349 -2090398665 388012111 -1079315419 -864684979
-1330425097 1264493669 225776074 -955530470 -1642289619
-1708239903 -1580311825 -1499077162 1065380806 -1172407560
-2047822496 -34005301 -1593783747 -1173100629 927124156
2089864258 -2082399934 2113995926 1288009755 -1180569783
1052516948 -796490690 695036781 -679366891 1027315320
-1454368066 -1331431035 913940287 1906345404 337705797
-143404370 934280574 -1502666313 1011718964 2079075712
523924243 -588270246 63347083 -1804008495 -1837932559
-2104736293 -1108001913 -72673255 -155430368 -2094090969
97176317 -291276538 1552512690 1163554453 18092925
-1974474385 -238461563 -1800289036 -657159628 -539518035
50606880 905482173 1278502486 -1809853554 -1840810670
-1132962320 -286750671 1876712951 442931662 -1909986268
-596660933 -707059861 1825411742 -71743066 2013716460
-1852780266 -1265652320 1006312453 -409897261 -1364621477
1020502271 -694615481 1231476448 764536551 349840134
-223167192 2101591191 -910765803 -502395826 -2098500117
-201257106 273647171 -2113471201 1114062588 -165357509
1851575996 -624274472 349392041 1110898492 -168299546
11279327 -567299170 -2103017699 1670635090 -1963142895
917774354 -1058179365 -1013479490 -196577290 -1524783408
-2123316157 -580375869 -1887143660 -2041784829 -1828939321
-937758704 -1202782116 702353800 967671747 659084862
-2107449603 2105346631 -1537635418 -647259881 -1505248401
2112530372 -684255258 -4343177 -1001270641 -530894446
-1739605067 -1907145312 -466059393 1294597235 -1799077302
1874165118 -223397470 -1572652186 734753047 -467930250
1124153577 1110063220 -1856019631 1224014660 99043712
-1970310170 726275177 795608540 1689051862 1345060476
2125311096 -877943103 -628138804 1663233401 77507366
1962342017 1769336256 -775180429 -268984560 827568034
432342917 448639579 -421959306 -880944337 -1937191146
-828384925 -1955745261 -130674025 -388736041 1375412216
-2085275630 -626030771 -888757096 1570492705 633009056
356691692 1729351349 967174834 -1061406492 44224772
2044552817 -1917202456 808267392 -1812787159 -1628360027
-810948077 2043410105 1161811234 615690018 2037949307
180240618
