10403 336 621562559 -60931577 985022027
1882020852 -1174502182 -1236460431 -550869163 718332677
1675109498 1251406539 -614527134 564496602 -1274684674
289708025 247440204 1899863256 -1221751398 1793706923
-946986870 561248107 910309460 1382118348 -724969751
-372177300 -980149119 1028885087 1236261097 1270471015
118225455 1031735264 -1466829093 -1134857449 1631964830
-602446932 1030306940 1999003306 -1347454530 -2074811841
-1270323478 8735737 -375624354 -2077630127 -1785100709
520880639 -952522399 801159852 562608603 1256967634
-1506898842 291204797 367564687 685495618 666665939
1719126722 -1008425827 -336335642 917958502 -1696402888
-1669875735 -490686540 1753079123 1896073368 970413277
-1379767375 -136697017 454479920 -1006020692 598514888
-273842399 1131499456 -2120339495 -306367718 -559541154
1589095366 548000619 27485756 -407875593 -784129002
576808569 -1881537948 -245348258 -1408829486 -867993424
-1963546993 532243393 -257737200 -417907190 2098528876
1814935814 1563078184 -594325993 -1337805584 -1918734474
-1255863550 1173108169 -820445709 289991511 2023251558
610870005 2119662844 -1550751682 643235863 783691270
-1576637116 -206726738 -761135723 -291224918 -1043364249
-968309945 531544290 704757841 1252964507 794876487
788716233 -2089388285 2005031615 -1315258591 -383800931
330501546 -449898192 -2075501773 -1356564697 -462864530
-1211475818 214985802 1535959659 -691670194 1563127173
-1845143940 90143599 1569849429 1397717258 919532048
-111871067 -1112258813 1927850762 -2096641608 1083596225
350885576 -1006211897 -96833192 760817561 -682599456
-875103955 -116999675 -199119332 1226129176 1828417672
388523061 -2043527646 1323577321 1206520132 1004183636
-486789572 34861586 1403943101 141685625 1297751297
718710864 2128555962 -1061738665 526666450 380535615
-795561839 -1796603983 -1367181151 1262133295 -1814865035
991080809 1115193388 -1194082923 -43217751 2021942548
1019610227 1874546667 -664600943 -1293394524 -1335455541
586562827 89780744 1732881111 -1782849135 -1122816641
-494905298 1287504163 494357771 -825976021 1237270723
520872694 -1728320403 -1816401419 -296376360 -1003666058
-1789916814 -2095593254 -525142729 -1737473598 -307487312
775977579 1950222758 -871315742 -2025723184 260658188
-451284487 -1350934269 -591376370 523208319 433168380
586507624 2105995783 1330155884 1374563963 1336515073
2029261382 -1930515890 -964359551 1381287563 1638433836
1685063374 -1879102295 -610453641 -180671030 1482035930
-1361913611 -1788198817 419419988 -478379620 -2068788170
259433070 324086198 2085294937 856971427 -288984226
14140183 1722821032 -1793484160 -470885325 -1777458468
-302708601 -183590896 -2092143500 -1543617666 -1002747832
-2047091507 2142798645 805466502 552018819 1179431843
1494392279 -485324382 26520796 1169145516 -484191036
166465808 1833319433 -1633180483 1163226462 -1582538197
-385230013 -1616518986 1655512382 -1300455252 -1837237199
-1574804199 911183447 398725922 -1715972815 -2092984833
1163981688 532147979 -1784974695 1865750328 -737268600
1821954686 241490823 2102238848 -1016754590 -1221533167
-427264233 -590301276 425294693 326994224 1504578846
-13452020 -333745147 -1038073574 887755151 1833525588
1008325643 396221173 498672688 1539601941 -936169857
921687586 703456201 1396708878 876226892 -1086764466
-53554933 1710982233 -2112889850 -407162595 2027783431
897436769 -1744175548 737346937 549681446 -1247325632
-1840123076 487628514 -992412474 1786230999 1952311076
-1582703541 729437063 1890545740 -1235095446 673335142
1508237803 530862988 -1922315258 1563809917 1877430973
-462182893 2026121373 -142586036 -149761798 267525601
-995564353 -1640604709 -1806593653 -2092803462 -534205167
160999885 -1022179277 -1320162403 -644044345 156508885
1958870305 -85275909 1773765994 -1922660872 296684861
218137191 2102734637 -738533816 -743704592 -1043825902
-1352790141 -93523624 1239872448 690183728 -1208506208
-2103801794 1683401089 284250679 -49751562 -1659652209
1386253356 -1994687820 -404800959 -1015154483 -846678879
959347999 675388349 -1974830478 1770613065 -1668134149
-73326738 111936596 -1480384079 1113087839 -1775300844
-1211739844 521471867 -652183274 633943137 -570436957
2122080175 -2002545078 824519623 -307362845 1237810687
598735951 -1153360843 -960794295 697675115 708186360
-650067670 -1896286580 -1260168019 -596774821 -883807287
1425055729 1502259354 -145625893 1624422952 1635082024
-321341292 -1303846220 -1681543438 -1372757077 1404668578
1666088582 -2137545166 1200575050 2049952555 -1770014995
-1373536886 382706474 1926226135 -673978561 -532373493
-1145808235 2039775434 1642519895 639439848 1925457983
-173570463 -1371454216 416149511 -1816114316 -262399661
1217874275 -2025378137 -1785714970 -656890798 -488966915
-450682679 1990443803 -1931688234 -1388438400 -2078260961
-65403318 -281065619 260051056 1350221890 1444585467
-1557641327 810043023 1217434079 -430101437 1001524085
451986365 -1892430233 1369754018 -1249453532 -972398464
-1066441944 -1752035355 542553544 -167901449 -422219472
442123533 589381617 263673216 -1054444405 -1198346217
1812036225 904722615 -1483093136 406356100 973933999
960587419 -1354271631 1564770324 1171041204 -2144770772
-1041589375 -838786400 -1857888641 1078529875 -1087946482
448741538 -1881950998 -1228065448 467692920 643722646
1191909003 -902323225 -796381728 478001578 1809153203
174030825 -1203069063 -1826916780 1444964395 -89548920
-2033099066 1004130972 -24832759 760733134 -1222203981
-1477095514 -329765574 576991448 1175608344 -1869124667
1994737080 -2016076107 -2140746549 266316641 -2046987988
1025009563 -1670944623 1746767629 -1926800867 -2098761182
1083415944 202371386 -2121936503 216944447 -873269579
89061369 1743666706 -870860326 1671859065 -1433603231
516879503 2113039994 1316419576 666774108 -1943228737
781838426 742456828 -1680610187 1707524657 633058146
-1988499188 -33827710 -103080793 914210713 -703802234
-1935247809 765976046 -1066736774 101971453 1112181961
1472429754 -1803040062 781394085 -1713980619 -1551555805
1699891974 -2105826319 -2046172570 -458245644 443818201
-223239769 604750694 926478691 -326221517 -460608389
1513030940 -1162744789 1385344785 402613214 1116539235
-107556778 1535363261 1261742208 -748151486 1794935932
-925577428 -1674457904 -1967563017 999697625 18309763
1343519790 -966341993 -525814961 -438982028 -1684328424
210553147 681221928 -1920450472 -1474617409 -680877836
619759049 -171612139 -1866043063 -2093070743 1074216856
-471204363 -932027272 -1857139751 -1864319341 224521552
1234311751 -1755977908 -975541446 680215371 2072832545
1695029050 -249216094 531032968 1716237715 -669226504
1475634911 1929687391 -557250192 754059431 815981754
677921503 -1501656541 1395409739 106750891 -1311031760
451196379 1293153738 722606999 1791456988 -1478725650
-389206533 95200372 1696987446 -679559622 1369383307
-1444983694 160128553 1916195485 -1657319861 -1150125364
-1420021848
