10403 312 -967651596 680204142 -1973530802
-2026181473 1812159820 -1524364841 -1355890725 -1317293041
-70476816 1468026010 -961711488 -1272737547 -949659639
1972384113 -280155821 -70097210 1472728991 1515425935
-1470654915 1027346370 1542754777 1187765706 -626407474
-485536104 1415659140 1300448760 -196930289 499802991
-1959811818 1436086240 637533609 -1786656890 1487434445
-764913432 -1767033899 -1812464192 658032522 -1256492008
-691403437 1689581293 -1928929396 1894528099 -423168337
-234555984 -1312984811 -1300306105 1065690452 -1675327404
-2147365341 645538108 -764966367 1253675550 -1532368252
-1733535911 -2146963324 -1114765693 388709393 -200125222
2128023130 739257085 -2146216869 -371040208 -1174045264
1165782540 1437853852 403285625 1754736895 26835774
1023158260 -603255673 -151520095 -1363570258 -1587873981
404653845 1083751501 368563754 1914622633 1206630153
-1323289494 1666206039 1885148799 556444371 373571711
106704095 606873250 408871862 1960181471 -1906555910
-1114758848 -513703937 -1568092688 -1073714819 1632327453
91995954 -1814883352 1720344775 -1682349931 1734610079
491753126 1473964039 1521769233 1639862971 -1764349929
-105906148 -7871116 -223391623 -990440329 1716238829
667603836 19860202 1052286640 -836026252 -2105135999
422992599 -299380033 1245125114 -389442584 775403719
-25152190 -1198844353 1679194157 1828350776 639058481
136233437 -1821316170 -1488038120 -653988281 625104578
1081401629 -771263804 203165671 -1843490812 1482234255
1040814073 1326049820 -678481830 1978001408 668128906
2069980614 2064567633 -1913737254 2087408458 1751385739
-887566984 -473535429 -955269969 1395651394 283582772
-2062484105 450174687 964764795 -279121523 360043640
1982924906 1548864946 2042357016 -443892925 -1344620541
1845311692 -1364442966 222243850 1808343318 -356442070
-1740052601 488739277 -1771475788 1479922249 1487938747
-1417339167 -1091091764 -425094136 743853732 1091401841
1316856933 1357669859 -1024516406 -843632255 -521588366
-1893418660 45578763 1153425635 -479075415 -2071641086
1871716615 344805427 -26361134 507440459 -940075773
70978864 1077279414 2051751612 730118396 -570563595
-2075029673 -1042642673 934595264 333322722 1057869384
632942427 1078187746 -1682137968 271633625 -662636164
276597038 1116872864 -432171174 612404513 -1224460137
-186152297 569944861 2398674 -1539782652 1902771433
761614000 -1869790397 1476312180 -669421587 932488979
-70066243 599299422 721598318 -973847265 -2014674292
-1584709011 -783768095 -1966327294 -385594957 -2115395645
555975605 762541629 129527825 1533043939 2085050499
-1669944561 -1141409457 322127158 478633460 694109724
-828063491 -2034012621 611258574 -1924100745 539441279
-1323499814 1112713292 556578595 -2028804404 -294293523
2000853275 -1704750688 -1042771506 1710281958 158682480
1541979092 -1953431058 -377154631 -599364054 -931946281
-632080419 704576594 -883554114 1184595218 1542356883
-451432322 -1090945655 1126080276 -1138520883 -273242576
-432049351 1963196220 -2053210580 -1682282671 -1003319688
-1581254584 -1568520428 -1582102254 -454369045 942342517
617728460 1896736745 -1861053503 -1395591669 -2112399355
-131189044 -1795001257 -1112885694 448043607 118951553
2065972629 -1260785752 -241768999 -391983236 1132350824
-446076476 674852921 652292946 -1013470816 295183611
1162666845 -1604511424 -221532348 -1510027759 -1774092091
2115644811 -1961196182 -1589540615 2038685815 964030433
1872946594 875052572 -361807765 503502128 -1853702836
-1201641533 -1240728612 -1497441931 -1250927540 393383386
-808304453 1744744734 -219552813 1026034281 -843381999
2127807492 1554262841 1724311259 -1993648600 -504850031
-1213345911 1173770253 -1206833887 379257635 795587648
2088157361 -1478165252 -770951360 -594695329 -1647259393
1784059350 -161812940 528816171 1073276158 -708843498
1332458657 130734051 -1755984198 -663802954 -1431187661
298587028 1122253777 479162053 -2004140058 -436006137
841419352 -1271771386 2129694182 92674524 1699498481
-1768739490 -1296157584 -960511168 -1329266541 303087114
-120744703 586673075 -1767022147 -330344205 -264363923
1060983136 -494066036 859591176 -388895823 -1662217167
-2052210656 1014439359 1325193112 -1390262447 -541607053
-351454552 -722472636 -638666428 -1581595758 -245060640
1629652358 1435480184 -1606459738 -1145616170 564087967
750082640 699940515 1870049141 -511691530 1696174995
1961920004 -99589623 -605273099 -1907495592 -792344510
1970421758 217034504 -2140953233 959488178 -213376631
-839064936 -2094098345 725347350 -1870655070 330260006
-1474940356 619316406 -579771833 -39341847 985620295
1660202286 1846299511 389383364 -530620810 -644854445
2091129472 143895337 -1917736211 553399673 -889725266
-1988805010 1975901499 1238744434 -1473897405 1881521195
-227959413 -554788329 1189316462 -1718963984 -1741646721
-904421816 -255577937 -589632842 -1812114369 -2001204539
1695832988 -869727015 -2025625522 1415378470 -1014076043
1183332353 1598473154 -518933841 1086170398 1261766394
389411378 -675162008 41742793 -1574822535 1592371291
1637639828 -2043529981 -1732769489 -399335703 -391086706
-660690841 1871428923 -798299315 1073303367 -1768208732
-1842587885 1207764502 -331180761 -2032673627 -577573423
-363848665 -242292833 1211156908 1572931787 1819481970
-2131018567 -1256983231 984788903 -1991465109 2069211732
-639388214 1630624640 366372609 661852008 1973558418
1500221769 -2114053123 676049687 346699670 -2009159715
460821596 -39565880 -1279500647 1013096335 283392199
-904947120 -1098596772 -986292939 -465503743 -18031376
22567124 487151810 2136513831 -1602420862 1714915840
1943135356 -718440916 -1152723939 813588216 -245670651
-1428746602 467468318 659661196 703840210 1711635809
692290910 555537004 -1811953418 949429959 670641985
-698615743 1682257556 -155812630 -1222142023 1907214207
-709372066 -2055642594 -1364774246 -1300184847 -159949886
-620551088 1940176457 -1137950056 -1608716503 2115633977
793775744 423665244 -1247563901 -1945778009 -1047593162
339816529 1606655425 763595398 2126633618 -736625418
759512427 1417051369 -1115317183 -1278471763 1387889631
1865280474 1328532351 -778283966 -1209446949 198272085
226169058 296320710 -1135444378 -38247325 -2066070262
-497920094 183623680 1438830096 -761611582 -161066794
-1835709129 1099222875 -1365953691 1876553642 932128316
-2050805398 1021509998 1031889307 1241993199 1209735928
-870161374 -1401557217 -590795628 693201835 -671105794
727792435 929602428 -357525069 -734932790 -703806525
1639918560 -1260135230 1206633160 -200359208 2071887548
-1150291147 1895664535 897614971 -2043072900 -1540789728
-723650270 -1074965079 -1794098314 -830270864 -1043410504
1213924289 -1282928503 1255961772 606498786 -1010809304
655733407 791226889 1898707874 -872255908 227824502
-2026686089 2112165620 1413562088 1180796815 1297184900
-111076628 319664132 118097229 -662757703 2073626956
1011690301 -989181438 -480013826 -1482072209 -1908255711
-312178142
