10403 128 -1681643880 1178531497 -1311200134
-1783239519 959262603 -2094381641 1595208655 666235792
2013144448 1974585885 106610393 -1394559732 83882300
43492973 1312069993 -1462196800 122133773 1241506128
-1162267398 255741419 -413765363 -1631062585 -62267734
509338722 -1807357841 -1171006600 -1805032333 -1012707246
232968257 -2053349346 1858905770 -1681344714 -1437772536
1108243052 1752711741 -1661547974 -672444233 -1444532828
-1790957646 -2051447341 867972937 -1943926257 -1506782915
1011558646 1911409151 -1512293214 1182820246 -957718181
1676951625 1804405534 -1926583777 -1791593164 2069537054
-790954995 1218049697 2065657355 -94915634 208521179
-1412919794 -173273882 855089404 358655431 1504795975
1580005083 2124258113 566180107 1260922840 1604016820
-1089381812 -430883478 2095336179 -1498807363 -2132881500
849955949 -51132176 1964590768 -1101765950 431433806
1099998254 336551714 1415764293 -392501810 -823286675
1585939588 -1500781966 -1513722154 1527726013 2136160917
1826680896 2121522415 -635955960 562653489 1397891692
639774954 2093494232 -1995237375 -164272217 1659070475
152271476 345272183 1055302796 -747872270 -474195554
-266843990 1194237216 -744899081 -25852821 1904869319
568064463 -684831905 1253135071 -2074736090 15282866
723272500 -1528662342 -598268319 -1386913813 -1148006307
1022277320 1011102420 1654043434 418772564 979361486
-77134507 1212971980 1434455548 -1514184476 -1579025609
-574249146 -1440250667 -502828511 925958003 -1966709331
-1749243642 1614797898 2070079612 1451893788 487701497
-1053247000 -1771395166 1088277052 1346025128 445714698
-1926769432 630366349 1246579485 1317175207 665503604
-1721359167 574403101 -1284681256 7299604 82739672
-1137372313 1205665030 633899565 1050589269 -80437078
-104919597 575036945 1090780752 -580324945 1433097474
436829567 1069486067 22457353 1951214146 304364712
-1523057737 -2037905099 1825424895 2137704974 1279547187
-1620890868 66674325 356011427 -108530985 -138745273
292611825 742648027 -851753626 -444094782 1213987776
-566269957 -52091806 1454928996 -791384551 1321528849
1314618084 -1352210516 609211403 -1831608836 1101733201
-440017260 1519238686 -1841087647 -1544046183 -1334079797
645592696 1992079318 1178608606 -305766017 1230591797
-1108453715 -1548843841 -285545539 703090507 -1615871237
930558932 -1983702939 -1559733426 961632168 -1643612757
-867980026 -2018392524 -240982324 -421492856 1853886950
-884785271 1299153566 -646588296 -708090507 2104308435
-2089882209 1874805721 1240566689 -258212201 -82478252
-833308786 -1565732419 -457741513 -89575270 -846130721
-1583215025 345797625 -1224892632 339610751 1092948108
2047651593 1323279509 -97568399 -1679512653 887619871
1621330179 -880315959 -1779345690 631233739 -130925705
1720162036 -1043252179 -204720656 -735479155 516436740
-810487759 -591979517 -468111581 1049271691 -1054398561
1712122661 178817706 -1500542356 -559470287 -152750156
-642670390 1655727716 -1542715420 -521559081 -1679038054
-1242661656 118137827 1860028920 822215554 -102508661
870900682 -1027508509 -878810269 1996359336 -758039220
-1793331561 570325364 1730314259 -1648399328 -706063771
-319127394 -1643798462 -1421013377 1089558211 1311481507
595469881 -1989164169 -1572386480 983045110 -40023944
-776024764 261638907 6541462 -1041688732 689204183
-1912742544 -414254877 -1755989830 1534153031 -1448736567
476028736 -2104124177 1931506564 -1970424465 -1628455716
1649344482 2068347053 639492979 -311283724 2103852687
323178252 552226859 1041757917 203742241 1607925664
1641288230 -528524755 -1361941761 -2069978385 1478350761
392512116 -1070005960 -1908331478 -1136566418 -308812355
222736103 -691882473 1977994907 -322611960 -1647622706
1077660118 554755032 -1206976335 1951779508 1965703804
-1420667763 -594656600 -1840714824 2131705674 -320255427
660113813 1394551007 2130593974 -992789280 340418834
-798991832 -1443631359 395434298 189762753 8717396
-1546564046 -907894490 -837720946 -1524730513 -1637045950
399465096 -1370253775 -1329127898 770775792 -1599945528
-1447326815 -905090724 -1671315683 1665019901 -1684019203
-531128609 -569735749 1159947595 -1130783611 631962399
-1972351166 1922428648 -1556585087 1398222312 -410629653
1534973282 1286554688 -151083621 -184143753 -1944592814
-243608748 -1842821987 1266689141 -931818272 1426320646
757522476 2004329560 -1098988246 1498827785 840775778
1298603327 598684234 -117341552 1866021648 991135013
681450262 1301225880 -2144820443 1614301647 -574944390
1318425279 1444737661 -1838483586 -2033049084 436288372
-26216546 1236555914 1931184323 660447199 -1433761812
-1021986595 -513736967 -904133279 1413357754 -108496936
-920882222 -1780045667 417545217 -1583589995 -116375711
42430158 -657517068 -1416745407 -1483472030 -1080700571
194555666 993377821 -411665397 57891348 -1468377634
964016285 1961950759 72820271 1500841352 2018634927
228207220 349705554 1232891528 173937336 -840536231
462498699 1446731756 1684106755 1449690473 -2132494455
322407836 -1069283542 -1716194984 -170298479 1973702675
1597086928 -1278620224 856764859 -1631288809 2143571068
1835597119 825684867 1652028288 -923028901 1305623304
1942549636 1285796594 1951066148 1318177435 -330039669
-1324036976 335565618 1371257408 -698070980 108926082
-1456928444 633203052 476543560 1685118417 -1408216820
-619051497 -406583569 -607410911 -1741688116 -1882323364
1246079015 -140148602 -359008470 -2105228025 216188876
-60806559 1825956110 738480582 605345921 -1303394909
1646413026 -216561677 1200102431 -1376182380 -1865090165
473685562 2083748321 -708711412 252058125 1872876201
1886557494 1509432138 87758177 -1530330301 -186271115
-1968349042 -1516195931 -205078085 964417170 -1875982744
-938498657 -1433943035 770754015 1619222036 1833115750
112682200 2139797569 270689441 -927703969 645391046
1697085524 -1209150154 1418598968 -1413337127 -1682495071
-607161943 -1442607384 -1050905905 -1442009417 462561873
1230464571 -1040374974 -512507790 -480436390 -1085066925
-609996186 -1150362979 1172352755 -1287535935 842873328
-2098577079 -987353639 -1756262991 -343365379 -287053956
916086196 1623924190 -1287866501 596151032 -587198190
1674530852 -1012478985 2146615007 1246831023 -1687599866
-1336965564 1702320321 -1677419702 -260996275 -1862257277
198786102 603011221 923275827 -1162406750 642678248
1250669373 -796927148 1949858327 -2020506426 1439119447
397883072 -692473098 -38858926 531109569 1066522840
-2018060933 1589429694 -1540870923 -389868541 1158119292
-1676726367 1001303418 -1447348057 -178337473 449040956
567164371 261474828 -1576111128 684302120 -1825685040
780568793 1376752407 275103435 -520278343 -680050981
-1105361480 1847393153 -472032772 333421961 -1490729539
1075278145 329748871 -263666816 -89813541 -1008002785
1186667868 2029169483 -999304397 -1588741461 1798490159
-1733034025 -1743073932 1681304949 -1210665629 -529923143
-1126426914 -728688625 -572165886 1195434795 -1512958570
584788060
