10403 416 46546565 1940587681 375548692
2144711832 -2121550731 -500356806 1713093820 576666005
-1948615384 -752374130 -1858430717 122922807 -368694984
1206664498 2083577965 240764214 61855471 -602958099
932133891 -1544940078 -1815366119 -733928476 1076885951
1805816952 -1095781689 1242398973 -971721936 760807180
-1646874681 1722790482 1360161806 657532567 -289051772
344107856 -737125756 1829696533 -1448685206 1070589448
-1269584860 2110897937 -222383932 -2031689402 -286462857
-193731743 2072780070 -48457981 -1378596836 -1611360301
1803155508 69203215 990707833 -843275324 1271421827
1190135797 -1298706035 -129856795 1102825136 -906830073
1065001340 -595339148 20423632 -1620079906 91475474
896223814 476912421 1267216609 1442575886 -1150795941
727001385 1391413198 -388868640 -1843849229 435502989
830561577 -1241004920 -2088531338 -2142906808 1415719142
-1493136126 -860270916 619136699 -1591733191 -2114650348
-447874413 -939991309 -1832472780 150997367 -336207294
1287614576 -422855546 581654673 799808783 -1659024953
-584964270 401162785 555166767 931615529 331894064
-1092038828 1168998820 209367570 1720674549 -1563385726
942002669 -1439242736 -1211591950 -208927385 -1322605634
-386409303 906178135 669263951 814962595 855039344
1439160262 143989348 -1702177279 -724548761 294852834
-894751873 -1928461717 1769904541 -595851187 1786733716
763661210 46362764 -2087734906 705105991 1783121955
-287711293 -831213148 -21631156 1136523625 1930868789
-234225598 1463097583 1750916570 -1297760107 457278990
-1398466173 1112889783 208267279 -572995568 -339401986
-1927171313 -1256036575 -1114738700 -1468401248 1326655397
-20826116 -218151188 -1156056595 -1931255156 -574463161
221703627 -193294493 -1265533695 167716139 -1029167554
-464570045 -572065221 1050626946 644669486 325111686
1042296833 -226157119 1924039855 1209662767 295622300
1513021458 -1866943937 1686354327 -953568228 -762059954
-1612063506 713839663 640301552 612136734 -394666886
1474030233 -616357061 -968576810 -466649071 669828766
-1899971745 700595637 -989707405 144142857 -1932521465
2038537191 -776759174 -1695954340 2091080402 33136150
-1507694099 656367028 -130210751 1158573318 -1822704067
1733104877 1582858088 1504171844 140540302 -1798169581
71903806 1714822931 -687190401 1171528851 -884464511
-1370043084 -698068196 -987033486 -2012857194 -1478784467
30385813 -1228849207 207222430 1981602000 -1254209211
-1432039884 2065607770 -1601191693 -1089870420 -1232010591
151394776 271679571 -1577787313 1242493058 -272988142
-432294400 -402649061 1736485178 369426191 -526112489
-1897187861 2033609800 -1476430432 -1361012916 -2130575547
2134766628 -435708541 1767373323 1345943352 -727895677
1871815526 -187987710 811974296 -390356174 1926152882
941739121 1989891800 1173968043 1352299400 -1613545806
-69686500 2042548903 829504696 -488605823 -2017012475
-536793199 1600136779 -1528595440 689609071 1470250574
713501664 -1717767729 1690771263 886059100 -1172264671
-1074422912 -1707363771 241256338 1505997038 246358944
940084593 -331559445 -660780527 1717460431 -1413579118
1699834796 1079235054 46832177 1066740236 926264637
-820455765 -507889668 -495648022 -1833742755 -1510892808
624573785 1532725574 -1772133354 -1742804880 -451326029
1153850992 -1701340945 -1567146513 -685192267 707817312
755894435 -1869538632 -1010875362 1273780288 200183086
-1306917871 801416934 -1780359887 -109252426 62404290
-1469843780 -1443373788 -1473955401 -78786339 -407355912
-802353034 -586524597 -542037866 -1285165406 249086364
1371148725 -1199818182 699235467 75096685 697211447
1231844953 426255843 -263799263 1926927904 -2114121021
-661224807 -729188137 1046834229 -233868591 970007262
926144409 1588359661 1630966267 1383601944 1860064234
370012725 888997378 169128228 398330539 -1030974636
1230852091 -1180459499 -1826589693 2027268814 1480152682
162152336 -1295516391 -609594368 1995728747 2082664425
-1618075077 497652897 1491444628 -514323167 -206212082
-2117678133 -1874838718 1077269389 1751482623 -1937941717
1768383868 1652073286 -985784915 -1493681282 1208642714
-168396683 -1129666362 -1253980393 637612024 38086381
-1962047870 1356666462 1639876768 1991005206 -1930725396
2139103435 -2112839901 -378542492 1074242941 -524070142
-1235064515 -191695731 631922443 690351028 191322462
-1177158864 -411573653 1416457353 -995663484 2104181541
1570774099 -867046530 -248750333 1180389118 -2002077237
-1981318642 -780639402 -1391690994 -222319084 -930698023
1503641329 -1689753013 -1710368696 1920351252 -99934882
501437014 163573988 1529049707 1650101618 314174036
25371755 731971206 210415159 324233833 -1777271481
1185347718 1909681412 1527260442 1903014460 709736179
456954619 1713202698 323499281 926052995 -112712955
-657041906 -1500254383 -1278292975 -1723948901 -1502387697
-79791958 -505052184 1177091737 1196168697 1046413241
-29857309 -1275187835 159572922 -1527975230 -2131438007
-853534598 1585295052 1718838650 -882415277 815142829
-1271581687 132552083 -1373691880 1633915306 -655605815
-1754576656 -351068173 -717834275 621294152 -951877851
2034484825 -714512851 963256209 -1810743327 152705728
1390925271 445492268 1886301500 -2112258264 2006177240
-192406830 664760035 -248444942 292357174 1895366906
-573730955 -618490419 404731579 923553903 1692259704
-686426447 -1088216771 537946507 321926503 520662164
-160986995 2051107165 -1170606857 -379445987 -1734678693
404606464 -929407030 -1339201372 1162886248 -35918588
1153228914 -301583329 -1531628776 598681433 -211464273
-1515554399 942790694 1224386232 1832504411 246037979
1970183988 1020523861 1996604842 -124522403 -1638874628
1620161874 -1259031849 -1770414863 1991670111 -649537479
-1909674971 2127761929 -1688043363 -911584254 1913385938
-540296835 634125048 -161502458 -1028996054 -834798929
1165862850 1974688563 -836350107 1926847068 301124820
-67714606 1669152566 -2100996932 -631498420 854749863
-377303666 1095661543 -332889514 1139296097 881226960
26465151 -1783237077 -1569543556 -1942648335 -1385975568
1115422101 -731389925 -1258216045 1473992565 -2004156736
-67088270 -2069460121 1835535501 780969364 826473464
967152987 -1924272826 781923929 -1044154511 1520031501
1770263168 -728742297 1601025963 -2038050774 -29047276
204888931 1151722315 1710827433 492862991 2071874794
-1562492679 -560626708 -504861063 -1809754581 -1482294274
-1786259127 423875439 730590407 1945682170 -1581365616
1086247604 501530070 672989607 1290302906 -1449310131
1326243995 1937770106 860564908 -869028157 2116855175
-1359138288 1892071370 -1839726641 -846142645 1649856981
-2020370226 -639578512 -1249735245 -918322311 -1569114306
-41949440 1689205024 445958176 378040234 -1331475312
-1413496661 1889039017 -782405678 -76684375 -1770757549
-57690664 -565012377 -1042230950 662301983 -1057858811
-48267876 646971482 -233329848 1476869290 -2022079990
-1494623443 1494022627 1496591800 731392488 -1105469172
-567221917
