10403 104 -1246089400 -661711587 -127543019
-1616334266 -982332974 -821702403 -172038978 -733968799
654465672 -972679305 -1870277915 1066500798 -1313580274
935341073 -295508931 670872213 1852227257 -589716458
-1185068220 -995031455 -63380974 324819525 1959136545
-1694447799 -995690568 25754437 -91464202 -303502388
1175265461 1039949866 1208539386 -1712941904 1611233606
-1472220774 -1555442466 -629196387 -1801282041 -921038532
688863657 2030194874 1151835279 1167175700 -1953503854
-160697183 -1302158301 -1227012266 266723322 -845260768
1601470002 217452039 7945473 149910760 1994663627
845201080 -1489268760 -178800350 -2123808949 -758076214
1778040263 792384735 -2099183846 -1270566529 1391116895
272760971 -597215229 264611423 1479768531 -1440329080
-758879576 -1809428781 1852888620 -180089449 1056601834
-861230083 1109399503 1556985100 1487550292 14710319
608338627 -960410869 -297249173 1909719424 -1327636222
-72574085 1487182392 373725031 -1400153845 1631084563
1376398818 1722596259 -1618099788 33252162 2072785675
-486615744 -186797980 -1116504714 1944855028 1039916080
185582248 561713531 184074217 971751342 -1265346141
834167508 -1334241067 -1123467154 -1471258144 1762799291
-282037763 1929482440 -2141280548 363855098 759692864
-624582003 1923632283 1824216358 2137364589 -1673496538
-1525446874 -1086775768 1735289313 2088326284 -1872169471
1722933385 158248476 1366092625 1551920365 -216095483
918782949 1106832617 -1631029535 -712748774 -191195890
-1034840983 457306114 -1988170931 1843058748 -1848791981
-290504887 -205988206 1153604258 1601767277 -813497111
1464276593 -1179540715 -87474238 -1090532040 122799053
2026094926 1602343689 -1985437467 1773637333 1066663708
1072485553 363806866 -381733064 -1865704495 2014244638
1246673414 19523628 1322335434 -1766166778 645962170
1350212857 1086354163 -400178896 -1912666411 262429150
1043690315 1558705080 1124768718 1545301861 72263479
-1587658526 -90114546 530071244 -1359825730 -218193029
1327341629 727455252 637444735 -790080044 -1873185724
-979228154 806421455 237814262 -1530775413 1412294355
-1794105106 -705195957 993389171 599970111 -295688537
-1388957805 572091655 -1237354860 -589531604 -2081748553
-839973144 1765387179 -254701626 -510411775 2100691211
-1468044584 374189712 1459781747 -1067138777 1340000991
1977764623 -358013996 -343581634 1738942943 485455372
210584867 2106686471 -1261388073 2051679182 1728206455
-1843257064 882008550 -1565307457 165477500 -698801048
1086107394 -334305309 -1822988433 1627578511 832506577
-1084950142 463463200 2137565604 -520438972 -901960947
-1995374295 -1807733000 -1669669102 -1639152149 1838868412
692036784 -350686430 1066472190 211266693 1804676022
895786074 1385919938 -1138499764 -1263004729 1777984449
-1086698 -2003963977 985677744 -2034224045 -244404445
-620658483 1675460126 -1546660707 -1564443395 221057895
366416496 -1921794092 -1770880948 1892874878 1139241612
-1513832686 -2075988145 10980745 1852497968 -853130222
19383217 389089992 -1163732192 -2069000414 -787103854
-1462216401 -267923534 717601164 -1070927678 280084268
90955351 -433450329 -1196239920 -1436983659 177203980
1703092338 -546390003 838042634 -154767726 -1365060631
-234525018 566364494 536793057 1876021453 670415643
98761804 -397598884 -1575911189 -786941648 -1806915176
-1063583005 1650364362 1582765448 -1726018886 1029572677
-1106257923 -626724386 -1931458403 692257072 -297474720
-1902633422 1571799333 2062632746 -47432555 -758515178
-571823011 -953314728 -1755164228 283760635 -867461848
-120997370 454070439 -1835947316 -295400880 -1920166455
-1027465681 1217855311 346618560 648845986 1740078991
1348917960 906426634 998833525 -1569820756 2018852700
848585400 1587291007 274156519 -399016288 1096915257
-1044886026 1642023248 1654646524 -348937405 -916290524
-2058168019 1776838114 -844276243 20860420 -2035416650
1521961397 -342597402 -1794838742 642496097 757216474
250241758 -903848343 -2076442035 2083292187 -619733524
-588323212 -378778773 -1140260616 -1874620092 -804636357
1787566126 1952612192 1066450602 -1266405811 -1878721615
-315623386 839952229 -970374912 -1175688840 2132267630
1968063945 -1851670982 -935181079 -1769815438 -794567571
-1623931088 -1066828788 1730400079 1671839352 565550934
-687250941 1743117012 697177900 228657809 -61867437
-1641043313 1846138968 2047784062 930340439 -236504728
1002799874 1088637465 1635286604 -2081401324 -1304902358
74266660 714844461 -1464198166 489755674 -986268054
1246765169 -21155639 -1259081017 -716622307 1947853861
-2008252014 -1025031604 1549002210 742432673 -649854498
-259760472 -555299615 1254276975 535379516 134616489
1814606293 -1813744144 1935415122 1780877284 -584003403
1882726675 1716096448 214050245 687252329 1418255021
-1335890529 -705543444 -761867462 591554519 1703235152
66727806 -1840155528 -8015231 -1878291273 6576201
-433626585 1212497145 1068275530 298723124 1851390150
987698935 -517760312 -712792366 -348702299 876854705
-1755511154 -1922965137 92991813 -542854559 1129911389
774390859 771609853 2091377784 -1179466798 -362026324
-925392733 2060715351 -1941935224 1970232242 -1778718747
-587976833 1205696982 -154737390 121043850 -1126906981
436631245 -1182919330 -250976087 1763614306 -752914272
-1154872439 -698517777 -1733196618 340798721 426801617
1670667471 1054359996 220760224 723813822 -190740191
-1094989764 -1297636384 890018409 -119959561 490360101
-883224797 -1193042501 -1387587430 1840138382 1362889921
-128974575 -793211338 1993365684 1510861481 537696259
959120007 685033498 -693940494 1889044819 -315989886
-1863487771 1825323751 1413329194 1754939512 -1457585577
-327428436 1556505446 378950410 -233034597 -1309313939
-85096195 877298924 910968817 -1262116309 -1799014756
1388374086 -1201609370 339472736 -1053748850 -911687503
1057301141 438544270 1531532316 -1995700137 -199586655
-1367906060 -2136278180 -639946832 -1331540263 -66057609
1657272196 2040400123 -721713732 -846671994 -1127152473
1411445369 -1610242076 -922196433 -711417797 -499800679
1527348454 1795826098 -1063580692 -610866133 1162549386
431670242 175814371 -202606743 -1650849853 2084185097
2000941733 58883136 -1972801628 -822511145 -2021756221
172990040 -1876997186 2143819143 -1898989547 2126816261
-1020659248 2139250172 -1546765991 -1452401469 -527159365
918985072 2146489795 -1544509780 232109089 1837684877
-707619783 -1945656962 -487441612 1477337845 -344486807
1983609609 -984568240 374451979 -1830310260 -385664555
1399349810 -348603415 -438618191 69378403 1357007169
-650515171 -975143463 -1622801287 33712216 348597358
1869812902 1041265883 -370665982 -1721637847 1001715618
1450958286 -664272090 -161780515 98280186 -1248508951
-848977598 2104909918 935693792 -797200195 -1667364291
-604454326 1592301580 -167724378 -963600365 611080526
1166316835 -1804825006 -1407375909 2116585060 1118084250
-2087619786 1909734776 -644177770 -866409668 1013861200
-651345488
