10403 280 -863665362 1161870307 -1123984033
-528307072 1866757716 -1176433401 -392332708 -1880495258
-1499722522 1913493809 1819146230 1991387568 782895222
-1871931468 935469506 -1508245253 -171764329 868801309
1917927298 1430533883 -172950601 1720535651 887228210
-1580967367 -1853967564 -1304606456 1497867203 -648199949
-1988068267 1546101316 1376775161 1933181542 1718720567
-180901587 -992684854 10508718 1787861456 1710623094
-1799218673 -458392944 1665355316 648932788 237787096
1472761822 1899258103 92031954 42078086 -413659017
223321810 -31341550 -1269229244 -623351589 -1417393401
1634853852 1026411016 721974171 -1934948694 38643343
-728662763 2094142285 1644827468 1550485026 684456922
-891128711 609691359 -179584286 866194274 149125420
835331910 -1446084773 2042896967 1231800004 -2042331177
1718030818 542730136 1613346621 -757031853 -1062497911
-1907561297 1610828280 -555551525 -1002422134 72793347
612160339 1333644570 -1521105343 844189495 1265098983
225199489 -191106847 -389201642 -419784650 695047881
-1961446451 1566568330 1120126784 -1777171293 -1273092943
1388247608 -264191242 1373937105 407368966 -963016129
31889221 823620364 1514065734 -1536206845 1085603903
1078848881 61148019 -753012556 -1469776533 -1362959158
1838431979 223523506 1272934609 379158613 1809449270
-995447246 -801709812 249741416 -189328424 1921667253
-1751003389 1517629350 57334657 -1978662137 -537548617
-153529388 -21037515 1280259999 -573258431 -159601266
1667783124 1766263742 417741311 -932122184 1441285421
-1308648712 378480737 1637595007 775855877 -838283704
-1568233713 418542737 -1705458032 330748371 147263151
807760616 -1849777058 -937687052 1327145955 -1290737653
918096543 1788209785 1294969913 1872925896 -1680585494
-1882397003 -65311198 1818652039 -81669634 -1427775685
1425008724 -1861640774 -922260895 1741004111 -1908289790
-752225901 1071184319 -2119882528 654060159 542806594
-175959335 -1721098272 1624350779 -365042172 245191681
472886630 814759878 -625094392 -113420006 -1016001430
-41912166 1069434852 -1255198255 1600760846 421130856
-334355190 -49634809 1113407094 -560083128 1386846728
718117342 -886565327 575377247 2120877307 -87390051
-1468403511 1368519331 -289436278 507865051 -316446691
105351128 -1091090748 2105760325 891836622 1419154030
-479192716 1811583818 945759257 74959750 35055040
-1306432685 -486441274 827023326 -2029187242 -803885728
-149124873 1320814041 -1666240916 1015225007 -83974492
-722718433 -1002433773 -467835605 2076551667 -1332491845
-1496368619 -1586474138 2050551202 1580485769 -18482131
182148375 666358174 1638276801 -12916038 -1268846109
1279664690 575914145 826448348 -1032398872 -880107300
2007614131 -983167686 -2036363874 2064928180 -220421488
1998318153 1216920970 557595187 -620705388 1630995915
-1235851714 -1361334055 607941913 -384780990 -420316345
-829942857 -512373714 386026395 1190374026 -1748523057
2092691158 -410969281 -1092012272 595229134 -1261938842
-2123567231 -1356498253 -1872456456 -1818900845 -793335002
-1165125019 -231447525 -1542860542 735318414 845371727
1846330518 1201372603 1881150735 -77849078 -1786360667
1625450726 437661876 826858297 -675338925 -645825920
-295176015 1685403736 740022712 605782524 -198499108
-1020995470 -2111785118 -1695122787 -1716113470 1949176241
1183877639 -872588043 -1342828846 -1830018458 -939952633
1973087696 1555332750 -1034714290 348022773 118370367
470299312 994909426 -338700653 -284869976 -1751561987
-2001557917 -71930978 -732615305 -1904634451 -1766698407
1730188932 1308509448 1951915192 -375329633 1474307858
-833760563 -244629801 -1525494514 -1021027559 -416669282
1806004245 -2038198733 2037742626 1171280216 447060661
1475271462 -8748475 -1471987640 -1483069101 1482304554
1307127877 2027054772 486952629 -1630661434 368827454
1935564232 -1173417845 -916703818 -189654496 634791448
633540691 115328841 2142376857 -1847728721 -1099605601
-720119442 796158234 1773034064 1859545899 -242924685
-2129924099 -2053036729 -1181305475 398862614 1158604324
173328660 1954602860 588084885 -1330572699 -387734576
-1811663213 1404233452 -2132825489 -983790368 2003475596
-423958608 1404139493 -2057893846 688081634 -2126423992
1842200755 -1430497147 26133139 -1570762624 1242252617
50215770 -769279658 -807112009 -516419410 -976346580
-1945908252 1146450623 -1249303464 -1689824565 1501660957
-188975108 -1020407043 579689259 2030236429 824099940
-593638033 45542047 1911024060 122006286 -630518390
-316415117 376109424 641022338 161662973 -652389529
-1658191861 -351310704 1877343910 2043514347 701043428
-1239167518 1930584062 876626385 1603276877 -559809229
1938979419 837714289 75339594 -966304925 -1700199092
412394257 532335114 872346507 1329169978 -852855524
2146242738 -662770906 -1417376204 -381511185 -1638425331
-2051047997 -1391223707 -462362098 -30052243 -868591047
1497460416 -1705883227 -1055732724 1548261729 1396470711
1505774929 289657495 -1239952939 1672767056 940015821
-1510868695 -761949641 -1738983834 -775431898 -951591776
-778434663 -2018444348 984721660 -1428211073 -1605679089
937003700 -1487160834 -1679166306 -1826892217 750538885
1864311608 1934482751 555912829 1122974546 744764327
598527826 -1283255564 1297358952 964860236 1530807769
1381886057 2032149619 763977248 245423832 -726596627
1912648396 -734612037 2058625620 -414682475 1298246827
-7770287 2116715223 268612501 -320505313 386556337
1457352804 -1675000002 713502935 -2072631151 -2071747684
-1714739720 675088849 236751673 -265678711 -582436586
608443380 -1288624671 -857304164 575407589 -2110183201
1793321466 -235994629 846065398 1344775163 -577429371
1297621513 -597805344 -2002733264 1019877255 733766820
455768661 975881417 -567083292 694559468 1082929881
-170698937 -1411215974 -1019978996 296396601 -1522933036
-1662125611 -424132351 -1173691364 1698384653 216527448
478815044 103728383 562625655 -1636167576 1195054240
-1051260613 2134705106 -418327375 -340328123 -1624535740
847363785 2080988737 1591607627 -565078011 -374790585
79919933 128156569 -1656593943 80413092 170706021
1561631291 706864638 408563768 -1930563400 1322455210
-2093468370 267685333 -946531176 -360027218 -1388860987
-283187967 -206682331 -861205236 -1152647187 -583185436
1122195344 79201603 -2114493935 703389877 965462078
1020851288 -1825332929 795612719 775408774 1208775248
1985319431 -1132188312 -1152162322 2145631620 2030456499
-957101013 1977501422 -78521128 1299876847 20596821
-128685965 1033690559 -1151061554 -225740139 546122583
1640273732 852778549 -860134964 -339406933 -369613230
1578246076 -1406659487 1466370268 -1584419034 210596191
1074078446 723765570 -806131700 -313640369 2018037478
-844327746 -97436435 862207435 -1027723428 604108834
923420378 704158460 434798252 -780342416 -372615704
1352281551 756521136 381139360 1557817939 1833956920
2138599717 -195884348 -1212569355 -1493760747 1516262119
524300954
