10403 624 -1947255796 1890300317 -1558236230
1767300595 -1580723560 -926901319 635312166 -1304869777
-456888348 -1696584299 -1788210862 438503595 -1104568336
73679665 -555463874 1608541863 -1836077380 1470789773
1412346346 2052545123 -1041405880 -1045419607 903344470
109289439 -2040244076 258896517 1774679426 1261613851
2110573472 -285855967 178874990 -1904226281 1778503020
-934544515 1008385050 957346515 1944922616 168047513
1872041606 51238735 -44864188 -2053180555 102426034
652605835 -849353904 933500689 -89959010 1438815623
602970140 -1753269651 21385802 -372791485 -6137944
1260108169 1193838518 -1844516161 -1566790156 -633294747
-1087938078 1952701435 572385024 -1112737023 -1488646962
-2134919433 -1933111604 -437045923 -1294699398 1921349555
-207097512 -1776960647 90522854 -1149380049 1644894884
769829205 -361764334 1418943083 -1878927696 1074780913
-171864066 810431591 -609209988 269937741 -123198806
-888118237 -715589880 1406220649 -136425962 353478047
1781117780 -724312507 238517826 -1306823461 2043064928
1301001953 -401875154 1258622423 1654063148 -1642504387
1130650842 1827630227 -791648072 887960409 -1595497658
843140367 -599558140 1193496373 293674610 -1318900917
1088911888 882872017 -858326434 -314883257 1042709212
870944301 -60022006 -1016491773 1760118376 566798665
-409910154 339988607 2086889652 278920229 1812974242
546405819 -174117440 -209034559 1872093582 -653798217
97100172 -2127136483 -1243450054 -1685728909 658411544
713202489 1202794918 -1710215185 1632929124 -1059527403
1449558738 -410162133 115920240 676016817 1216058558
-431898073 2074833980 829366285 1521111914 -1811206685
1277904328 1996097833 31025878 -262313121 -1532899820
-618853883 -104315134 2013132443 -226535136 10550945
-1401220114 1920994199 1018622700 -608009475 1583791514
-1920948653 2127193976 919466777 1264381958 27427535
311837380 -964990219 -1606936782 1028267275 -186789680
705349265 -45654242 -786845433 1888951708 -216030739
-310725686 439171779 2096559400 -1856153335 2119090486
-434735553 -633543820 -1111291931 -461835422 211345275
-1187040128 -1043887487 -648841650 -1155157385 2042033228
-1238008611 487142906 -300422349 -884216104 -1782105351
1233247846 1404061103 1029746724 -1081941803 -502408302
-1798226453 161383472 1154894449 1272076670 -1082454041
-1522436356 527635405 452281386 1325905827 1696879752
720017641 -527874154 237433119 1082960084 2114581957
1698287554 -828753829 2125905888 2146829921 -55113554
-1297036969 -618551892 -720935235 1575083610 -2071748589
1822107192 -10063143 733478086 1458665615 1527500164
1332168373 452972530 1817890507 805496720 2141568593
1622442974 522051271 1308786780 417428909 -718142326
1204987011 -628399128 2040121545 -132055562 1564924927
652811828 493474725 -1054680030 1245315387 1673395008
-2145095103 -381826290 -1260826569 726599436 -1196408675
420001466 872137971 781192600 -1482450247 664226598
-1373758609 284138212 1436589205 1445327954 -568406101
1055062768 -579788239 881188414 -1178985049 1261582780
-35469427 -1706494742 902168931 520364872 795011241
-525474730 -1540475169 145376148 -648371835 1229723778
-1481623013 1965876896 55234081 1031781742 2035762967
-526968724 -1649931651 -761938150 -71804461 1224910072
1047966361 -1095251578 -672256433 811866180 -307830155
-1432860494 -1605025653 -115950000 1563457041 -1948358498
-1257780089 690529052 -1460729491 1951536458 1712967235
-530148696 2050881673 29883062 -1886060097 -1926752012
726949733 1523418338 -1422597381 -1411677696 1180768769
1679089614 333622775 491903436 2087109725 -1700726918
-151953741 1607134296 -271074695 -1095665690 790212911
-1228847708 1861359701 997117202 87433579 225849776
-103040527 -145349890 -1832981657 540916860 -1333904563
-110795350 1107692323 948613640 69400681 252133654
-1473037153 -2017812908 -925954747 1589584194 -1258292261
-324940448 -2107681311 -1818938834 -197950249 -1344845012
157576765 222453722 1558107027 -2101288008 1673441881
1092376134 -363289585 -849403132 1828339253 935428466
-84315573 383341840 -1435832879 -746255010 815233607
348751324 1728601389 1268442634 1321383939 -1387757208
-217454519 134461302 1388373887 -138816588 -1555911899
-902238814 -1052146501 139970752 -331513407 -828853106
-436089929 310340748 -1256650723 1385297978 -2135377805
767331096 -1104963015 -1416600410 476251887 -912936860
-1221110763 -626498094 198652715 -1676138384 1641419185
1224943550 -934708953 -1759248580 -620400883 420124266
763876579 813170888 -387266519 945118678 -805961121
142457108 -400082683 508750338 1749646747 -1143639008
-1259102815 -474519826 285573783 1805794796 -1409510915
514310298 -776532653 1217782392 -1627491815 -1348099322
-1276061233 750579140 1495357941 1799060018 1577542667
269134800 253044113 1281913374 -275978233 -475715428
-689082131 -1681099062 -1685233213 535900200 62756873
932459574 1015713087 291393140 16037605 -400222622
-566761861 -1343041664 158968193 1837713742 -118052489
-1919434932 -695792675 -1315194630 -619589069 656730584
575093241 1257509222 2075794607 -1540564188 -1708109867
1016250002 -1279130389 -779559120 -1658836623 -1639125890
-1743141145 -492502532 -516398387 -1711765718 1913347747
1166806920 -579184663 -380093802 -1858697185 -1783393324
-1826413371 -1060670782 -213074085 2038946528 315073889
-760849490 2106409047 -155717460 -651135555 -679091878
1140918035 -1992187592 -537529895 -955011130 443993999
155023492 -35899979 -1379519758 1799296459 728416912
-219210415 -884435234 262673863 679185244 1012810925
1705428874 -1506161789 -685728024 -1944516663 2100916470
-1565396225 1154844980 -2144697691 1297219362 331352123
-1720936896 -170553023 1168547342 -629061833 -782577140
342937501 -394380870 -809718797 -1698428776 -335373895
-1180926426 316600943 1632028132 1134365589 703453010
2125895339 1418221040 -210108111 737374526 -1059673
-176110404 -422111603 -588302358 1230022755 1988550216
-1584289879 1859114838 565497311 -98816364 -444411771
1054653314 1204404507 2088305056 -744788703 -987623314
-1484079593 -203922580 -1530914435 -929250790 1568456915
-209444872 -698011239 69631110 -1012234929 -576666812
1726665077 673295282 -2074048629 1874434384 2109265169
-454722658 1856570247 906800668 -1692739475 1776932938
-2004355773 831966632 735852425 -2051838538 -1695082305
-1126202380 480513637 1384097762 866249211 2072321280
-921618175 464564942 -664689417 -527915828 1654018909
-403080582 -394705485 -1755715752 -1424639623 -733369626
1737590831 -610045788 -1623357611 729395218 -1368070037
-1948873552 1822660849 -424233474 -1114922393 -2106112132
-811496883 45000874 -1390955997 -2111279864 -1259292823
-713280490 1999688607 -1065907884 -1157219259 1364378690
394298075 -613881760 -282135327 -538278610 -1128399913
-977037780 -496272067 1118593754 -2014692717 -165847368
-234081959 -1549924026 357301007 -458830332 1611476277
-1022499726 -886326965 -1548275696 -1758311215 -302047138
-1437617849
