10403 584 -104849071 1396413402 -1969161145
-426628691 -277864054 962998443 -1044774358 -587763621
-250702987 975143988 949965881 -293810195 -1567435132
-1683645536 468745717 -1501484723 565641874 446810421
424422324 2122475654 -1549344707 1373180463 2029352556
-101211305 -760635536 1551488038 285542212 509429126
-105453635 -964743 -278183731 348839860 -14380986
-1617893572 -1968607596 2058613586 -75934706 1307250995
-723584265 78622530 -1912633004 -1381266268 760646335
-1483850637 -367362626 -2122417422 1915516826 931857982
150368691 52407522 -959531327 2070153018 -1464855155
-404593200 -261636476 2047907851 1045225831 1053476193
-670678035 -463140943 -1266717424 -1105029094 -589386981
658335496 476902718 -1052527101 1757415920 1803540182
945720669 -620420899 -433196853 1126594666 -669988139
-1965795966 1022367082 683470043 -1810512108 -937091202
1020629889 2075874983 166839900 14006838 1229634207
-331305227 2023060820 270395416 -50609972 -1556057615
427526724 -2028585473 -1352015527 974993790 -1690669791
-1732353326 879868955 1614748909 2077766172 -1295077199
-1558911905 -1241535515 310963229 995157060 1934733306
934509615 -456429843 -1405492365 337926703 -588372669
467499739 -1162978586 -945477872 -1840130787 -553523330
-1209160662 -1021385929 -2105335450 163498400 233281642
-2033964381 961335854 -1319472047 710877849 -1253130419
321709334 -1189899820 1012037475 1579244059 1010332068
-197590340 -51911733 -653478346 518192436 852665681
77143978 1338744434 -1364920500 -1695946753 32800440
-1532035682 1458956438 -175076400 -793709101 -1439469300
-1607168174 -1526458895 -218510761 1677499299 -1244686871
610301262 2009142285 -413139103 1266971757 -471540088
1574837552 698739952 1985553859 1539392811 678991442
-992458897 85062519 1680230970 616963412 -1733748855
-1726124047 -574352804 -469162021 -970465154 -1394372572
-252639982 -525614911 -152710780 -1631916514 -1253403401
-1772393091 -995778231 -1032671780 543699679 194660664
1469697469 -172149460 667546916 614821055 993753133
-1174603575 1540695596 -1819291229 -1575108941 -1943898701
1693960200 -936947130 812102644 983808581 775276233
-855076800 818628969 808909997 -1789460308 542581826
950347610 -1600340493 -629959051 2035270941 1173684587
731565409 -927645854 -1241272805 -2093517872 -328007776
-156624985 -1327781100 1531967756 984186692 949866877
-182987850 958202063 42533559 1833619592 -494295720
877393625 1490339142 -374414398 279890265 -461179208
1162000247 -213149959 -236241942 -1409745012 793175573
1906233309 127066360 -1196942676 383165937 1562154791
1782190777 -1680872710 -1007515143 -307930893 -739254840
-1772000389 -1551285656 302220878 -555892135 -5077254
334687757 835253891 909483464 1735745691 392455313
1962242820 -1033734362 367042127 1640647423 -417079617
382555 -300839650 -151747167 743870737 1239796018
830715475 -840719730 1617402955 1837224464 -1781305727
1677326518 1540627676 2107145555 1592007881 305295171
1534680773 -1255381227 153099161 -157624511 1296166250
1540522838 -2052816312 2008810458 412189906 -911626588
1963188265 1497341677 -1833328486 -639587968 -754941296
363989162 -2043100602 -975552020 -717442786 -1737891886
-2087429235 184035642 -87224354 1123858874 -403355276
-116990226 45765213 -1887656846 -1164977000 -1252291345
-1355806997 -461156315 -401404180 122214044 266306969
1594233498 486176556 -695577977 853860376 2101480337
-477723427 259804141 322110942 1634155184 -372167745
1318601054 -1902636215 -445368416 1739110939 1538885985
152217872 384941619 -572050081 -370156321 -2099600845
603816139 1734334012 985426246 -178604622 -1522730216
-462594328 1089769123 -555639966 -1235485844 -40978821
-191907715 1063801547 1333960662 -506311879 -911189835
-627515088 -1728149725 276929153 1187704723 -572893623
-231730569 156265432 2056762596 1247997627 449938192
-2036779084 -255278359 -25009209 633672398 401074965
-532384240 759229992 1870250317 1145351860 -194006834
686313302 -1853477374 1767337901 71862425 -870677905
-995745658 -1076610257 1897110727 174821568 326726651
-1208146156 2086785493 -1000220163 556105977 -2018783799
182615375 -2053177540 235821428 -1383317392 -32815588
1143179374 -1311359631 -1151664377 -1763176188 -842824955
848597041 1292582000 619809083 680368742 -1667952906
1606512160 2028447733 -1447877461 -1150015087 1954723991
-1293653563 479159571 -200431729 -562498417 -1104329288
1861866029 -1571485646 -166339304 1794228892 722231771
1266820049 -1802230659 705973222 -1289557908 -1661997564
-1708158710 -1369214990 1619012106 -476974687 -390535349
1302878020 1913682320 1062315501 1198031345 1219963290
2102826827 1626096314 789570702 -1505787572 1676606901
-1227376443 1193714428 1680613864 1258694843 -1141321392
-1961316220 206986700 1011180461 -1579326803 -528871869
-1431235935 263813788 -1576349579 -471348741 1644856768
-1720023145 1741968920 -251308353 18894015 -1225300117
-593784884 2089639585 -2066138958 443316382 -2007506089
-815378637 -736376912 -804617517 1943920348 -539689252
1406865667 1996453044 1817667570 -1432046457 -1718092579
947030465 1959529805 870136338 -659279399 -489770860
2041638843 -716847381 -45141761 -495940109 -1047182713
587662934 327444885 -646569910 -1731183970 -1715646572
-1735232929 -492468720 -281878748 -1334472647 1149417617
1788169349 1512008854 -598766871 967992734 850163429
-318709109 -1283843472 1552015396 -1016224120 -1124068084
-577332524 -1694773104 953296937 32461159 -995511588
1076772026 -1917121180 2044908034 -1760493168 1325720805
705538674 -632329322 -1554943974 -999009510 1368028801
-1798202676 -1890585304 822879384 1879858873 -2095486660
-61028871 1986011390 -605075819 -70077426 955136194
234968797 -335256369 2048639562 -1102082812 576874441
1774681744 -1356135681 -228532767 462616872 1306280494
-1571046417 -1139398713 -1214079384 -515315115 -642024004
-1146029187 -332373360 -244102307 356518278 -876860161
-892744451 898893954 1071689939 -1523715071 60896031
2138150901 1958939609 -1812392877 578990839 -266086275
1161643941 -629101590 1408431367 -73156712 -348374041
-1539876344 -647599086 -1958349959 -932300502 432040144
107732885 -408356538 300017536 -694980117 -753484776
-684435745 1712280546 686630880 -1062594594 1918987222
-895587180 1692573229 -1177871290 250843333 1685936846
-740566408 172458135 -1448415286 295821921 1153970616
858263460 -158116855 -1028816046 -681454830 950123587
-2082872581 -2105286264 -1602050548 1863682873 706701731
778505585 -1640364719 2130237718 28455541 -333051854
-829779763 -2031617771 -2035623983 1086755801 -1452807241
-1838867561 -1113853020 1612393610 -1401107480 -872468412
541948594 -819313836 1609150486 2025242226 155417441
-2145001284 -1641414084 -279293643 1179145302 -753326020
1141403203 1285308464 1675435812 -84527652 -1919966280
511029108 1342823814 242985925 -1034047923 1528278575
1667381098 -536049898 -186986740 -133801634 1680984776
999314680
