10403 576 1660371946 250842778 1784510126
-1357777853 988097441 -559108653 -455765661 991624809
-1075769357 -2057464426 -991663168 -1262121339 -1484723684
823806661 -1581987587 -1141336978 -1262264095 -1749361182
1592018490 2061672467 -605704895 -424972918 -176089822
-374044764 -1623466004 -1211823824 1418146392 -39190845
-752916994 872203153 -270711524 -2142423710 -1351661281
-2142760009 -2003039133 -1560845004 -1547692355 -1872976498
-1565848295 -12882487 778707519 1306256235 1027889641
279503096 -2096090636 -1742229385 1694513049 1708712293
1761922468 361897267 -607094554 1360402838 881233503
-2048063144 -1871927457 677986520 -314640170 1937674127
543818460 -1369294475 2140894361 965050146 -2041655543
-1952118419 1687398825 -380912814 1972725319 -914143835
148508578 -1775134018 -173442521 -730807613 -190831547
388591848 -2120356414 -2025368882 450634097 -1107986101
1428240681 -2118039161 726884777 -629414932 1500426834
880934123 -588200486 1906709618 549578918 -272901680
-341409000 1841201152 -524776150 -542632488 354045555
1785717304 -440011283 -100250009 -438960138 1385790342
-759915476 -1826950733 -1666713589 774073179 -331669251
-350808569 1000231983 -1583449120 99563487 186419554
619801793 1235046866 1252146203 -272330277 1307765139
1725845140 1355086211 329083228 1892934313 -830938930
-414523675 1056274207 659179623 -1747487135 316152085
-1393729398 -1621058495 318356209 -336551955 -469117897
-216010371 -2007507693 -1901840647 -232725188 1655689341
-1989100489 1598610928 393187922 -353076613 -52723196
1336814880 -1641571919 -51474710 594348650 -2109830286
1612392038 1370024806 -1177004140 -2112182915 -2100438203
2072144053 -1944904800 -2085994312 -1207406221 -122044182
1481211077 -43439270 -1326991840 1873165763 1236592592
145610072 -802167517 -1254901704 -1341426160 -1645615945
-165104970 647254218 -1465690741 -1595336794 -1283247773
-439908933 689445563 1043646725 -804016077 -1740041776
695748709 -1808796657 -1671623250 -1040323175 -1896294751
-157796180 -536395777 386386298 267790287 1640570140
201105203 -280758871 -2031718291 1088808760 -1461034841
197395685 -1493240086 -400404169 -329968727 125939059
1115926351 -1091968427 22255884 1071431698 967835216
-687361933 -1559232728 -1950404332 -940721955 598347469
1766468825 -213215063 142924452 1400861335 1143029973
-1553951251 1977873476 -1633235530 -6694364 -835763720
17402111 -1030686554 -1213099748 -1449015772 -364217866
1111414252 -1848969389 218915988 2139816092 -1861081010
-1126837888 -252725981 1942345306 -139676532 2108554069
601633636 -611804357 127981800 -484021003 1253423941
284721952 676134316 1558457289 280374247 -90048270
-2140325000 -831770379 -1414157321 -701662965 -1309516459
-823111184 -1576887274 -1722982641 -434056251 109222234
-1742484858 -1067830737 -363503243 -349642629 622395228
1137056223 264820170 -2139544646 -1323348920 836937226
200971225 -979583712 -924181135 102923773 -1152908977
1249849994 657378507 82891505 1478329825 1722727666
447094916 -1571106820 -1828558699 140509395 632399572
396555579 378003057 1235550462 -856687082 260120226
-658607693 -1820538232 417646036 -128244636 -1115281032
1981740153 687836758 -2022212311 -855632436 1808895324
-1582502824 -605231140 505685056 -505051209 610775388
-356940387 1561242124 1708323667 30862388 1605054487
-1850431610 -1507664084 -533493394 478902357 -1103712002
1694818052 765669362 -1522407204 -1783351161 -1098286347
-1425927523 753212371 -976635433 -1031166811 709019095
-1543276817 124530309 1166529801 398560371 -867507268
-1368426561 1987839252 -1669356700 -202919606 278657391
1166140575 -716002932 -577078697 1827658251 -856251809
1313947522 462852623 219590392 1693947741 1433734334
-904352532 -1250871862 -380145676 807867280 -1492969783
704909859 -1252565324 -1392073415 -122155409 491250209
98497536 371243593 -194181293 669809694 617549995
-718631665 -2143597715 668206381 -1567177206 -492855134
-1917044306 -1054850253 -607753930 529520933 -2016549940
396519680 2046222246 942269176 -1864885706 -567260784
-1517297413 -195829665 -781336173 -22628052 1596039749
1565836680 -1331526543 -414208002 -57959485 145616958
-1554268526 1135803856 514123425 -194587108 321028912
-2094748581 1941426323 1820014992 1793027364 2037253802
-1937535257 1468514315 1608688784 414461350 -1146412806
1648717953 786771429 1586100325 -272913983 1179589523
-1463492282 188376028 735477677 619241465 -2064744503
-1069482611 -275397253 -905357276 -1475771289 1443325539
1305811437 2130577570 900624181 -281748106 1078159077
587301121 -1835096788 -276008023 1601014725 -1113576356
-1867773701 -183233447 2021751142 -1456738582 705130950
1026406317 -630594450 1479600666 -531613267 -764346152
1541313564 1577061286 642903953 251227888 -1729103593
28780821 1841880826 -192551372 -1362783395 1920505187
-1768521887 -812118258 1999536683 536002325 -132653792
-197580852 -1421534937 752102479 1659795858 -124848725
-2117056040 2055335445 -1109365187 149783753 1731895201
-184370158 -824192768 -665140842 -686412461 -859512267
-1691145904 -1478727291 -25688050 -1842950945 -725672888
-1906190325 2146771381 -787002672 -1404036178 -945987453
-652491694 1756396064 737516507 435507475 882562657
-1683386589 -316489383 -1734110054 626030857 1542495540
-1706268978 -1757527394 1315876989 1871487738 1856044354
-2067345774 522024825 258922591 1171134435 211444983
1848806008 1585511093 1531306906 -1281934735 -985333648
288825731 1001576064 -2041445455 -1765863919 194954938
-739698710 -1372657157 1214195205 1419599913 1250597694
-1356514652 -464720075 88686251 60806770 456494249
1133719078 827739008 1575950623 929564202 369501077
-1704179190 585922655 1591868029 517850566 -1505375788
-732412636 -275177064 1989060068 -2048700262 -499023776
-456651444 -5358773 1387962331 1254581399 1814629860
949934290 28844374 1542108729 -99230251 -1397578390
-1401716236 -1067756466 786662619 -1437039711 -64995276
417184037 1511749699 1969284196 844966754 -1482385680
-2066510493 -782142051 1958690896 2057490732 1236214919
1719157649 -916043905 373601766 -50797756 -1086238338
895060101 1966406809 -1688688625 1901311421 641082063
935258739 -2038558887 -276980493 -1859944814 -698791990
-242859515 -1613408497 -1180258578 -1920453095 163871876
-473747114 358388721 -1511096475 -1526617816 -1453677782
224025406 -2024170801 1569052002 45258091 -2120854386
-1038339117 -1532609924 -1345580976 -2037406287 -246864026
634274179 1172886773 1539864994 754131208 877416955
613137616 -2027314282 1790168175 42319378 -1407402607
2120397384 1674464809 -1244207141 -506599297 -1238131538
1701966587 -933502752 127041170 2035811603 -1284685773
1065573389 1766041804 -1977722966 -1857633680 -782345710
-774542348 -887298993 -2001793680 -719805507 -1767037807
-1356885299 2138581472 932110551 -956701657 1039535961
1776576516 -1374301042 1038427609 -2142892050 -1286942295
-591125691 229587046 1539294837 -1287908506 1888669633
1435729420
