10403 352 1632138788 -616481942 1593175276
1643568844 488424310 319774312 -890210734 824601131
-604628713 106268211 -875758611 2021536011 -1103446173
-2100505973 1888900201 1523041508 794763294 -595357824
1759821446 -1427920894 810842392 -1789904090 1275205184
1322103753 222760745 382978481 396332519 -994809447
-1547856699 -1307930415 1388350311 1160579378 -1517232912
-1565796682 1172857544 -1598125912 97343810 -95941044
-1848377346 1211063415 1454236387 -1260735001 1178527833
2035387151 -1974934569 1373916031 235106037 -1486653648
-1297519270 1917394476 -335677998 -1936116402 -2040590732
408229914 534115980 -1147394443 -1798951051 -1631139051
1980446787 205570733 -1732902935 -737700539 1845938819
2071289710 1743297996 -1930617134 350473396 1058266548
393121310 1791876800 -1886435862 1475963523 -558401425
629711003 1916123733 -472447149 -494917221 2071248339
-1620058159 -2083949172 -1822081002 -1227284408 1998129310
-449805238 -801006768 1172802398 -285441736 918607665
-2108890799 1668760265 1394051807 -448201551 -1953032579
-1548246663 -2000855441 1801340938 -666384072 -81214146
49620688 -861211504 -866743350 543152324 -495795978
871817999 -700883141 1253518543 1719562689 720952471
1051122639 956017543 -323586979 539170520 -1418953326
-932635052 975942038 1569824184 -1750782745 153981025
1509780642 -1601038643 -161514752 1323992680 -1225875789
1041385695 -260842506 -1083856006 486880841 -1295318886
-1566751891 -677885261 -1029147448 -851899526 1211478085
-1146597245 1138178412 -1211442605 1951367362 1538840382
-334817731 -1521302359 -1160157828 -54132444 -2100327181
-1085310528 -400703089 1729173105 166454682 332327852
-1427623597 2036322101 421487270 703046201 575119092
631621428 429345903 1247639171 1940633874 -340327322
-400290107 983900622 360139241 -86119873 1737781404
1867481710 -594903071 291335479 496261104 787876703
1621265926 1262571962 1868174905 1297375933 1760548792
2063210720 665912671 -470676124 1097676155 -849989331
-1709258786 -209352080 -937351921 1295192921 742194618
1082068597 -1202908424 1962824768 -519758053 -1017791225
-1466717458 1513496482 743209233 2024356130 1431500837
1339982283 701896272 -1688408446 1692407373 265790603
851988820 73056667 -1108846918 -1707732618 -1314060475
-1823838287 1983272772 -951107332 2129533579 600598664
-3420441 1763017881 -68154622 -688175484 731221819
-1898718643 -1479218146 -401181759 1213349516 -1407494900
-985888809 1247751563 -266734294 -221943634 414489389
-1863289162 -1295362495 -857375032 1239037896 91513403
-1707005574 -1598610919 -1132161068 -1379060088 -1189365761
-859294384 1547582056 -1956321577 1483954202 568754279
-301660544 1789254458 2113340113 1766158008 1807088568
126102135 -1461023018 -257797099 1751049744 -292312484
1444959319 1062697536 1713525384 1869994035 1660987142
-1845104633 71429012 1348071746 1981900221 1785657136
1244490848 -1998755277 -638474470 -308293279 1470994676
-1811536152 368239031 -2094232240 1169770760 347546719
-957150926 -744682769 -1814910080 2091463010 -1712678423
196652992 -1498667056 -1921010825 546591870 74360821
1034419544 2007611476 -662954385 618798064 -1156749448
-689689939 -507600159 134823013 1624040810 1928020873
1526165925 -1248564215 -25590043 1953602495 -2098812393
1140831485 1592312000 -1917217719 -490566895 1751880003
-1040314733 -1372272867 104113305 1808224169 -1035803422
1501407565 -10166571 1474921045 1076930505 -1259246521
-1377167233 1099670541 -1478341696 1114268745 -2012984211
1068258943 -1090956057 -1695809963 693652905 1068164853
-1587946406 1246525305 655796077 779865161 -1944586571
-805407553 -2096918929 1374146621 -607554872 1751521505
-214101919 1160486027 -289565317 -1436963523 1046375849
743613081 1237946362 -346462547 -1434460667 1954718469
-61004887 -1974463137 -1180771745 1616561737 1544625118
1346885042 -1438664866 -1962228815 1961870671 -1447933600
1861612628 -1393329715 2068278208 586843326 81660610
-1510485669 693831481 -2109650218 -200351474 -33661511
-2109218282 -1697837350 229643546 -926835427 1708620907
2141816696 270343380 -75377367 -1917958112 1827853298
1697556026 998210719 466344141 -1404850314 1793403118
378819761 232004062 463762802 -39754882 -2056088759
-1433409753 251204392 172165132 555850141 1803264656
-473337682 47643834 715268091 -958428759 1672642998
-895564634 683002777 862818830 1431284546 -2045889686
-518036891 -1084958285 461992728 1534661604 617381337
477297960 -1592853070 -1383207126 -1080847761 135054509
636841758 -787041074 -1239773447 -235579570 1654656546
-1150809602 -759061455 -524780049 -2011471248 2057225508
-1561349395 -1557168048 1338664222 -442580558 -1734169557
-533081063 1711817574 2074070814 1383176137 -2046772954
-1431324502 -1545521046 -865095507 -1127545061 -1947637064
-2048525180 -1746971415 -438860400 -2028737662 1573028650
-269209409 -1414268035 -2056108410 1918634782 -1899163743
-1413275170 -450508846 1762977422 2106930761 910886471
1333156344 -91638820 -765621747 1168283312 1933047870
1500143434 -501913957 1310130137 -1091196106 -1143693290
-232918759 1153719774 875723442 -2059588182 1183868757
-1253242205 1460495272 -1231706684 -2123041687 -403030824
-526535630 801126090 1507426719 189861389 -1048617522
1042825582 -94364439 900761790 505961554 -1718510786
-2127607023 -1692824017 -26462304 697717748 -108734195
39354496 -304072418 -118985054 -816608677 144766873
-15500618 781215022 -617807207 -1902170346 1468725274
-2023679558 -2111549379 -1839591861 -1972203368 -408544652
-991771639 1624036768 1634436562 -1268872806 2132198207
272342573 1035956726 1225021934 773169137 -2127001762
-1875278158 760920510 -1503780535 12942887 1934300936
2046401228 1003311485 -1392417520 1113959022 -1142984070
824402171 906789993 -1283476490 1049308326 -569345799
2090812078 1983781666 -558005654 145141285 -2110569613
744295448 -307058588 -88206375 -783432056 -602430126
-1141163638 -791544625 1735286317 364902974 -504979218
389759257 -2056724050 1949839682 -1149519554 -1030901199
1195760559 502693744 -1307467516 -1891671859 -1777533808
-1230912546 -1529027950 -997819221 70001369 -509386298
-464928770 -924543511 -776008346 939912490 -467429110
-676016883 1858534203 1491308408 -1511321948 -1741102359
-374046256 -1086684382 -1929848502 105467647 -2010483875
2069141958 -1544448866 -1768814943 -1689178114 1034278386
-192591502 1532450151 297490348 2134860331 376846458
275026653 -195109779 -1715516933 1233510658 740170785
1169723566 -517336767 2102875220 113424069 -1722388953
905269147 455093182 -128754989 -675072992 -210961645
650253002 486332001 1607718589 -2140455953 777106026
-1727221011 226660322 -1524856303 -347358748 209184637
-375725377 -2116098317 -620021742 949326383 580028308
943252835 1366870498 -1650299923 88645677 -874943125
-612106758 1543035121 -579024866 -1989337583 -1691580964
-1404395787 177925279 547657091 -1898706658 1485589195
1654685560 2036949043 1768342634 838095841 1669855411
1809656054
