10403 96 -1327823582 -23098532 1698538764
-734048982 1928183498 -1910176148 -428064252 1883550688
1990955324 -234693734 -659073200 634717556 -1712013387
-27418375 -597195793 1709855349 355187043 -508225297
334428968 435151621 2057211379 -619131639 -37698987
-1942717194 -919818066 -706660996 560111188 -242907156
495384903 1083478642 1320427266 1983768195 1925377307
-2135371542 803690390 1648542319 1903940695 -2076569212
1946392997 -1044543579 -495676646 91860461 1665138739
1593588333 197077391 -600446448 -694808863 -204261695
-143037509 971178183 -2074741481 -2060367734 1141293363
1609358209 2084067829 414009376 -743653726 -1534408821
718767398 -952580530 477375525 -267299190 527596560
-1840297418 611390518 -1842933364 -313930117 -1258434883
-332019765 1087339033 874086872 1625459995 -737415002
-705449028 928241314 1354343869 -93890081 -1523241907
861167630 1051618085 105679255 -1717080999 733994704
-2052550540 1450292791 -1517766206 -1084801905 1203522453
603772421 -1610010609 1614144974 -395450025 1362533361
520004006 -845340010 -377147979 1743540425 1145795896
-1889622515 1285919996 582159742 2096478958 1213048872
-1542232979 866885551 -1924011624 760023237 1262088583
-969875556 -42835838 1250594845 1168897914 41758952
-327180922 964022114 1371998078 -530417507 424475253
1589422061 -1187090679 -1192477002 -1785916378 -369231374
633917247 -1181388801 1363973679 1356206512 1846268264
171877817 1075715291 97901954 -281521177 1649266643
-340786488 -856482175 1053906455 2100197877 887217871
-1415670507 324074223 211026442 -1104510802 -1186349689
-963723076 532083927 -418285326 -2137340875 695457751
-1750637589 -413147621 71361946 262625776 -2067742908
-706789595 -1803999445 141941610 1404257112 751876516
473495124 1208345280 2014388055 -1097495314 -112844780
1786467578 1042303141 1032655255 -504986558 -361549001
28835245 -487454440 1321198903 1963316455 43509444
126520775 1556852210 -501496714 1740786469 -2119795565
-1969001994 450437796 904572076 1709744880 -24585037
544515868 1852158088 -424844145 1249557273 -935491766
554993294 -1172529639 836263217 2053058341 1413855642
-760221699 -1178075385 -126005193 -1582772756 1913154976
-801892991 585008788 1549737856 2140486348 1770594781
-691127691 1572628483 340242343 -1648922757 -1848011320
-1432829847 -663193682 -1609371759 2069988949 407340317
-451548892 -1898150459 1536082106 -58554392 1578519287
441904037 -945235647 -1476757992 -114510024 826960437
732039602 -1681235409 545931784 -1366466238 1730903303
1062569715 -206911496 -81436784 -1585961648 -1034290012
-1109729683 -1593779965 1782186625 802069023 465352738
517756959 -622255493 -717496758 -1275404840 -1190434560
-1815018317 1583499716 998492980 1022574990 -1019426828
854489238 -1130993023 2130181030 217818615 -1238749618
-1192479320 -540892331 36138654 1969264069 -241292141
-882424633 695934551 -1867731102 1084287195 -1158426025
405228728 -1418066151 991436043 619981383 -639058196
-151268066 -866222586 652250276 -858580126 1384145265
426608946 1066114778 -383135501 788228456 -647899516
-1656366483 1338571359 -1219599622 1917383870 204989240
-549268641 1182825735 1739057906 -1483727980 -1095668810
-1771474115 -349004213 -336773997 455983182 -540865407
1202415845 525850202 -891088781 -1620001117 -1271074792
-1872563150 1135416187 -37013063 -1316874414 -518422475
-1209284275 -1154327785 -829618811 -726979902 -2123520504
1076244561 1078313727 1225281272 1544693501 -218071347
106178118 -1031029956 -2108313816 1508436217 -965809209
1054673708 -255422818 546844984 -318786838 962587611
605478282 127665614 149416086 2043855057 -1909306642
1911118 1839890884 771527931 371682811 380344362
-1793398053 -1066714416 2104351053 1095090784 -137305468
777478663 865471437 -1094123859 837367355 -1545125725
-713371225 1233459205 116843945 1889363012 1655793894
-750066386 -1815605194 464325873 -251928446 772850523
-722339589 1480592063 -981369261 612383380 160096577
-2006881130 1603591623 510541683 361683760 -847260615
1240258918 1242851082 -772134575 1317449075 1198350534
897448745 571818958 -1784695770 -1198051559 -258722221
-364172407 -1746149788 480669228 -1792639329 390557255
938302197 717647409 -1801051319 794369636 -1835177667
-1413961828 181747831 -896882561 -1284611373 2122642586
1282457033 -561038457 131219621 -1326745501 1200959454
-585086563 -1015880287 -959802236 727120009 -1678327340
-1997213174 -78601581 54611384 2106824447 -1294989051
98524235 816955266 -1092810095 -1843204261 -1204222595
1807425043 -1763478924 -1944117908 958677570 -171752639
1228008474 -1217759722 2067354347 55980506 -1246856069
-1408080855 -1302356285 237146981 2091257006 -30113507
1792839344 1779628076 1388469055 765744488 1927907172
93120366 877241478 302262649 -369008011 -1832742357
328480642 1987975921 877717697 1256774540 -1893530627
538460249 -689532967 1350001984 -1073948984 1737314821
240716743 -10820930 1478284244 485191189 -1800500601
-475860510 -772456605 864796705 1273264652 -1731395688
-12113418 -126086733 1910881411 -915542413 1914750485
340115399 -903638114 520848927 136316079 1625346860
-401597976 -1242692424 -1438866277 -124215402 1475408028
-302779430 1918860050 808624145 -746869810 204704743
615930973 24825749 -1149949987 753807919 -1097941644
1332080078 -1383143321 -1643258168 1052338260 -1796365698
607959608 -269022021 937312063 -374157068 1916005294
-915944635 405538316 793446323 320508366 -1604336485
5646981 675675310 874774988 2001089067 -34730393
-249728138 -1984127727 1864454660 257033339 -432460777
-1988134928 -299056016 446675263 654416939 1010455793
-1721068847 308452499 -731330163 -647778091 -223698668
-333329451 -72828108 -1659188052 1309028373 81264104
-1459642806 181407676 -1851491864 1760004381 152487508
-1911531942 420892720 2147390615 -934478249 -934805031
-1192472549 2046791379 1382957395 -20097358 2067862745
-150935151 1604680831 415449564 -1033086922 -494152871
595693432 -963487869 285389699 -126817766 -1764257865
1853328023 -136370329 974520606 -1405652531 817254719
-400765653 -724867987 1943733453 281085676 -1536669631
-1817248823 -187039869 -807404961 -1888561076 675412122
-2058337987 -24430900 1514903036 -422096807 1873226543
-72363513 -237544422 -1119889824 -884023175 -333339925
163966679 -1382236876 -1257007018 -871628010 -895699011
-1147046663 1079199656 1262254640 -1988881422 975972926
-738619886 161268029 -1063367375 -962454172 -1261781466
993325977 1401747746 -526487231 2032077754 1080359663
-191098533 -708271113 279663265 862139393 684727077
-1896379552 -826622955 1227544636 -1543744534 1221488066
-1373355173 2052794451 1369806068 -1609934836 890762407
631479624 -872212381 1583926878 -399375853 -506914997
-1746675819 300933719 -856848237 1073920666 1048170725
1400944410 1508111880 -1962656132 -14506666 -1218881131
-1246814261 686115549 270497523 -433014429 1604841190
1933277720
