10403 120 2017479980 -1559818370 1278821962
1804366701 -1722799671 -151749528 -1725243156 265793988
1761426040 1294658882 -2014487785 1152531357 415657682
178752742 1862572881 -314364576 382955458 -403706370
-834179630 1754485407 1533581214 -197826668 -1010049980
-963220508 -467490826 -2075242430 1752565405 -369944129
417964137 -613964610 -288170654 545485300 1689308969
1072942337 1987294392 683941986 -28086664 482450912
1423672210 -1833186096 -1368912085 -661113731 -2077914155
-1720288791 -480338764 651600368 1325136299 1562531646
2063335423 266515756 1224704501 -1281976897 -182451497
1344665777 -653909724 717681689 364917682 576800890
1009634425 -20899235 -2036333341 -738918810 -1845007935
238047490 -1218033349 -1484420390 -687933591 1912134210
548548711 923983679 -1237334692 -503974908 -1663433809
-801941180 -796619279 -2062811982 1899364396 404672845
729690070 194126566 1058236440 457954135 1451819140
1493605700 1473468915 -2055888815 416152897 -1045984800
1242048734 -1941156587 -690664320 360666065 -1936366753
-514622748 1386271070 1956251839 -457465097 1189414060
-1475376953 -1138063764 -166282802 -13334391 1911799214
1437831615 -1057490396 -1100721274 1809111051 1725555226
1816222224 -482044585 28282674 -1238320662 -256601063
-867091694 331064351 -565971572 -1205601590 1892883932
-1370500015 689835474 -308067863 -2128083094 1103269729
2022721674 1240346699 1328830644 -834064131 -900089726
-1718353612 1994680595 1517254748 1074711754 -1167251471
-517832062 1356529014 1808981508 1784584890 -917604892
1434308973 1211924616 1161049066 -173233074 -1233537882
1053605029 1766082047 1647820474 400479427 -517182551
-1936054762 -610757399 1569953022 2068199032 1610036220
437027212 2043577324 1171540725 1302313564 -1016355027
-1503511063 -506570589 2033396485 521247728 -640693785
1534210126 575123629 -1524126040 -504657654 989307059
1769833779 -1687092958 1818493138 -1473264001 -1582376746
1704767032 82545773 -1204650976 -1238292514 673086683
-108062445 752815979 810220110 19224136 1305861852
-1022795111 -556185696 -1921665480 1391482124 -774211610
1856514720 -1742729937 -439080239 -879853015 1048848773
-924673562 1199702210 378654994 -1792545726 -1009020554
-2114551694 -485123280 -1260289668 -383132335 -296758922
-1981812046 1351855659 -1327436148 -150386962 -1346775707
92694450 1543674684 384220656 802598100 -1551901534
-1236865408 -1547486050 -2131904586 777194367 1323970246
-608894540 -1692353347 -995090793 2069100235 1715906673
-980145291 1486153431 -715416793 1411249944 -594679694
-1645112843 830831329 524264535 -567007884 -1791338869
-1728449136 -1219675950 278508665 -1188878470 -1987452235
872857435 -166544682 104545180 -691208858 -549798802
198383445 1071913503 1304413161 1356488760 1245267222
-1051331151 -503575935 -2102570584 -678007009 -1178645747
1201026660 17577543 1552828786 1061367730 1810370414
1279592093 -928766665 930342552 -1607926000 -561021286
-2089598513 1387868638 -562025158 -1640560292 2021800571
-147301396 1427476569 -332554795 -264671854 1019806821
-1350928515 -1377407463 715141513 1017214608 -1372531874
979912486 820585934 -1751353640 1666454345 484530838
691361328 -1713579014 -167504729 -1696538712 1095875508
-140775783 -856667282 -628054775 1933897034 -21387024
466106906 1741958275 1699041393 -844255376 225372363
-1302625729 1393660909 492611077 1349587978 1068687967
-783209809 454631716 -1139872076 -912020823 1713103473
-1135395199 -2129405521 -671860642 726719655 -1798889068
756125214 1075270701 947814637 -247229467 1104334931
-22577747 527476041 1911638881 2093818172 -1027268360
-1817907869 -2013980026 128901612 1029962889 1794025562
-351015265 2043750208 1271813080 567181459 1259988136
98927323 1119790467 615839505 1152085021 1249780859
-928676723 1475947258 -472484278 628016726 -1858473294
1448209925 -365866380 -1584151328 -1332444024 -1588103387
-2035561185 -1919950320 1953223560 -53770340 -1831002374
2126031592 979284777 -325601362 -1385245077 1228688542
-1732347514 1320320738 -72211416 -642966839 -2132088099
1431070179 -377143002 -34901110 -188123000 -1146310856
401786264 616535729 -2069324499 639822132 2085803555
-1358258878 1436802936 1327592153 -1542227407 1693663496
638523322 1888749066 -300104875 49428696 1146164001
-2017458927 1107732535 -871631962 -1619665431 1153851801
-1926506598 1473971185 -812501210 1532111038 -1350107085
1949334674 2039323582 -771510996 -1125403667 -1588034915
-1736234887 -906810267 1100998929 160923902 -1028622822
-1583899930 1144663772 1346299805 1761396430 602339905
699806237 -1666745914 1356291470 -356117153 780395924
651972508 -2036945402 -22027592 878422218 1082408505
-1157815509 -1634994265 -31117555 -1962174321 953321197
-1936481708 620357383 808790808 939392195 519415800
-580046392 -197936316 -1149171018 998590375 1567323475
1058740903 -1369976755 2103345101 260124911 389036539
-563881768 -1225552872 793998391 1490319735 1648403994
-133749378 1470527969 -259509971 -2070646558 76943127
1722415422 -1256419916 1936706323 -1336700122 307057145
-1029956961 596939112 -1933592361 492860640 1972261654
538596021 1483363473 284483188 2008273243 1615911655
-1783258278 1034708561 1857296523 1540397239 1155759066
-1215874029 -1139647484 616121755 1976969467 673359275
1868595622 -1333118042 916287869 556261161 -1830694685
-1293685733 121409650 927566930 -842803520 1894184893
-1618675585 582508538 -1127071664 -882665905 -1283261191
1999628327 564078211 2007943433 1859687958 1120947217
77517471 -918290044 -783555269 934201371 -1004406299
67920953 -73609176 -2073519745 1822013036 1639134530
505543112 2098814095 1855596008 -1113217253 1368575208
-1527181911 1683336545 1017839446 374617508 232192539
-1744046477 -1755078526 171155716 384270114 -126337789
1818551113 -709501513 -1741199419 -1643166811 -278872434
905629169 583127538 -398188049 1831444725 634567655
1795584192 316444306 -2082636685 -115707517 201202506
1502167815 -950565210 -1887382191 835379994 910316589
-451519747 2133283594 1797542556 783100810 1979097676
688144702 1866384604 1667471680 -1986653084 971243174
542949390 -1983447166 -382173485 798732942 783943236
-351395823 -420931697 -170431782 -1382758499 2006569647
192600258 -1795213261 -498058125 749969393 1299764498
630580420 1204109681 202341692 -1799353999 -1012877609
634566796 1884926424 -1661469906 1087542242 -1190963303
-1429879401 610877637 1170497180 50093955 897058696
1124224414 1174723872 1326974156 685730708 -1881846263
1654096106 -1083600358 -1274269498 1375615918 -854086406
-1139438792 1882518889 -1318129764 -1299245170 -219240938
-1069218473 854797721 -1581328359 2024687146 -1312603657
145937015 761714820 663707071 1171005253 1875053776
1399010582 -753228271 -2070311433 -754243242 -1208370693
1792960516 1130689117 -1259047061 -827695586 -1783630374
-604532597 1942800941 -825359068 1022912213 1130053026
1392989151 -1970745520 -555693562 678371171 1250212228
-2134141573
