10403 56 -1140541917 1393288826 -955517159
2028814628 -1501650249 -630371334 1550181369 1870928909
116501559 622154597 1449525407 -2039799137 1771432684
723671590 1541704041 -1403761515 -1910410411 1158677174
-265369840 1911233188 280427257 -1538418701 2069522209
-491989948 -558467920 1104358795 327254079 -1903140998
-1888029207 -1485797658 1937733619 586101037 2106422178
510565698 -553734670 2129205226 -1941089752 432525815
524067654 -186813785 -307304522 2107206868 -1581614299
-1518381712 -16676730 1244585633 1104716180 -1832630992
600224472 -1270723234 393720697 -467284308 407144707
-758760145 807843817 945492005 1846575897 530018018
1965562616 2070860012 -2109683111 1463398831 972319249
-1674709734 -1182141409 -1839255765 1182729924 381893881
-561586161 1309816558 -1684050725 1440260512 297926124
-1600759039 -1972171984 2121953368 -912918827 -1167902862
1696271723 645511475 509087463 1614435174 1658300537
2117539404 1393457657 -1365320934 518442463 1203728202
-2130575685 866300424 -381939513 -1371977776 -1727430116
168464154 -1166137835 -78701112 251666572 -1225355
1061868224 1616594130 -1134363630 1313096675 2103256566
-1839645190 -236396177 1545976494 -199541597 -683066365
-1624394481 1953208378 -782051660 1668619109 -670375849
869902177 312768111 390702935 -958974878 2140008981
-1004796100 571750337 68012767 -849885822 1614888562
2081840113 605278115 -2078658611 -1038824423 600414123
-429195435 -983441886 -1582087344 633830835 -2036466444
-657216819 -109402673 2123309583 595190585 -1020202637
605940340 1697429024 8929955 808890101 1475474431
-754745623 -5476735 -92883962 369288501 -1546666507
1827905148 1865755000 -269256121 1991168402 213959432
27389375 1859460166 188229279 -416213820 343953595
735452641 1751260171 -167193824 -744163004 -51173891
-1859970997 -443773201 -481861450 -1845203992 -1808980417
66951944 1533657832 399267140 1907352829 1800296849
-1478522452 1269384358 427040598 -1150900640 343772506
-204610790 1284032285 -21524336 -830540598 1494577131
-115744895 115912983 2083275198 -290720278 -917083285
1540199914 1660612075 -1958326571 -1143868311 -1682347696
-2070449305 -1086429858 34854670 228101738 1245247832
-271191919 -598590669 1676143595 -1654125477 997636762
-1875047759 -153142376 1113708886 -420505405 -1113045934
-978426438 1399908612 -1881991777 -1233626413 1278959502
956702618 -705162503 6382551 171319810 -300939138
706983337 2119880765 1367837391 722034470 -346966106
1439908184 -1108833300 1437516171 120241422 859851788
1047933972 1664898710 926676437 -1756734328 -473880181
770005755 -1696075498 2140578304 984754420 1156278877
-376925075 1593920051 -1684694258 755128657 -1752770636
1493500152 1014175848 -164741099 -1689766764 1504729782
272857989 2129232925 311358064 1304527636 2051168374
433454037 984785437 -423588139 1462778591 1343107224
-24253199 2150807 1697506306 367618607 549873574
-821050084 1675568277 1507674965 -918119931 -1718424205
638443815 1716720368 -194348837 1416560096 942092350
-181555776 2126397784 1055610606 948851097 1491778853
422122910 1969036689 -1562218348 1681187430 -643022463
577273723 -499688707 241543234 -901268740 -1234866013
1773961438 -1439607495 -862560366 831262266 901208894
891328720 1886096359 -1013808601 -469294047 1488836906
-665572318 319772298 972100562 1876501498 1509559311
-929824971 -1050722360 -625156199 1964147255 -2126364615
-1970410468 -1733481166 -1895143553 352763964 -188605447
-1343769625 -1180644937 815013048 -92564972 1841172322
2002511409 -922599204 2087061789 1260865331 800111919
548776333 284978025 1226823565 1782469002 -1395159788
-1389434698 -2029668383 -1153276257 -506768904 -1598538126
-1650135210 -610640116 245609082 -1930869363 -1804005338
-1769188486 -1255722460 597804396 -304370474 -832711545
-1436968759 -1306348231 1937908876 -1807105167 1058456362
-2129744714 -736532371 253312187 -2116959033 215986307
-1011155020 -1206872250 -15115822 -46778967 1685694467
-1349988983 834159522 -1226852036 -2035871504 436434286
-25825396 -1811523595 460082588 -1034067183 -1930140765
-1847394197 1608968732 1638933824 -1327593954 -20296345
1126419690 -45702094 -294484076 -2051235852 -1664042126
1168133148 682927878 1565410373 557363254 929239743
1728622961 -2028325002 210323651 1165757543 2013658283
-575533355 1207137480 154978952 49059112 -1115291456
-1231921608 1258775335 -233917937 297408650 -1642927451
-718919679 1666347586 -677448811 -775330461 1351463334
2056671934 -821219214 -340589578 1863988280 135073865
-357904357 891936629 -441435955 -755737403 -836629772
-532195439 1555084190 1963997869 1500598641 758596670
-2109793062 865687908 182011507 -220152119 1078371375
1851761827 -1749581642 1073725295 1827923034 1315917210
1458492271 -661383659 -1829408725 -1334412907 1597292081
1673913936 -1805225707 585569353 -464056773 1116278455
4754175 547916926 6833784 1650957216 -156781863
-387927034 981148723 -1451001273 -509587437 1778735738
237669988 309969490 -1091191595 -803928203 2116081368
1953334733 727758344 1771117777 -105232546 182196254
-445728683 2118004169 -862473552 339562429 -301055331
-1582540034 -291303774 -2049291754 -1701273617 -59412562
-232064013 1327193042 -1696157827 -27891484 -1992441148
-1898984618 -1607591671 2006802743 792406141 -1390754773
-570665320 -770524101 -1692071225 -515986059 -1545659119
532629708 567102561 -802338092 601876485 2094146115
749001483 -594922218 227457448 -765511421 -233164780
-915839862 1856075180 958272187 -478878741 1984092073
1939991525 2056037530 -2087024277 594802233 1416750094
2017825227 223421287 -488221098 1666874536 2097091881
-1400138764 676873068 -1746848078 -190782355 406502339
-479123040 -1007289668 839449608 -1806901025 188578972
-1668872121 454810519 -510009768 -326198036 17217843
1489003497 -1789380959 -1118639560 2052859857 -2135104042
-1140473636 -941749410 -1172984793 -1026372973 2012796730
1934055516 -1271755303 1133136416 -2108457897 909541301
1841838109 -679695493 -202945527 -1468694356 46908936
595882227 -748817502 1180905773 107971131 68188877
1930023807 -1867660201 -444448450 934369644 2141867472
1656823611 -2091320824 589268796 533643872 257318858
-1029784479 -1977959397 505871634 -2021440905 -1597169040
-384500004 -1212347925 399788260 -1246018037 547474046
1515741124 -1582292241 138013425 -1082802261 1041588156
447265036 -1484604718 34000424 -2008872960 759328869
218364942 -1063009170 1842932444 -837074952 1764243743
698088318 -868240537 -462223533 1163882243 1009212683
187157601 504346649 -1086285571 1105495173 656256813
-1503788161 -1285762279 -942464062 -613960621 1544670975
1471569158 34139239 -1897177729 1235117434 -895043916
1657031168 1851883224 -2079999059 -482983099 907791292
-362970576 907564788 388149832 157625756 -138047830
1340149010 -1987906887 1510305469 1696582127 -1386866923
1793234453 -799963015 -1121978052 -2107214253 1050950841
-1766788284
