10403 256 -894031542 1528156959 1928838367
105239190 -2101502638 -1373261660 -1428744512 1160052483
-969194043 1066679302 -498841665 -1971387344 -482793654
872738375 -204980919 -903862032 1993281715 1245364287
-2014647693 -62857911 888137949 1776515522 -1207690062
1287835344 -1619394585 1862427762 -1389186121 -1032698625
1575821993 -13188327 -189303761 -706909066 2079166319
-907090863 -1458391752 -1423978011 -1220249224 1048191421
-1775872186 -1886070921 -546525981 1582777644 -1313468854
1619020968 1593228424 1383953524 -211487307 1474567678
-1996016676 966322930 -865926017 1765502069 -1574083623
-2033200286 1565216820 -1055760395 162817025 888206737
-573566587 -1680198695 -1904342242 599553881 455226141
1355470638 -1447151818 1970067764 1802411950 1806225052
-1395850993 -1492804946 147968197 -1182384026 -1062168059
1568183204 -1868631539 -347686097 -1426026382 -1492196613
1569258204 -1193733014 -1232002136 -1457300334 1593863373
1560986841 1827283306 -1925071889 1127362557 -510390072
-1287128262 -1736189292 1685532074 -1688007713 11169287
1143523090 -1525167311 377639186 1523353471 1096971469
909961794 30469822 -781499499 -1644138956 1791680156
-731043302 257122886 151401473 -1817061062 1220626332
-1430791280 2041142177 279965423 439963756 865900874
-1911951767 -2144526544 -1174924207 784825038 411014096
-1238790558 1847018200 2060958517 362729410 960158404
-1374761761 -1994950106 960058248 1780456785 -1646991125
1549609945 -1709940707 -1157291993 1739879811 2006640661
355170728 184663112 1661168764 850107250 1740820142
895479902 1114794533 289174041 361093613 -1270694631
-1951429668 -746718387 964361841 -1717023563 531708653
-1784859706 1623523934 -190241461 -577478943 -394932114
-1273465381 863147643 2030197454 -1898835109 -786805168
-1181178999 95546802 -1868086982 593803843 -1713786097
-1003502639 1187052034 936850844 1170452497 -198914731
1192472081 691958981 -201495074 754302329 821729420
1675172319 -950555580 2098364754 -1475114792 -1298924581
-1558480371 1388139776 93905470 -1488238050 186546851
-1534132438 -823811112 1854840402 -187133625 194367290
1558827026 -1817844306 264490227 143678016 666014426
1881659915 602437851 1338348784 -92280019 1629248730
-1498988206 -1764726301 -626560403 -274979265 1744833198
-796341394 176629682 1658643073 -404234871 -880201641
1184461934 1201212815 641342945 906048570 -1444896886
1751826895 -1982249825 -364064189 949025663 -812553196
-387839085 1385037157 -1442395216 1107763831 120431252
1284575651 1307641695 -1098238271 -1644075368 14222495
195951276 267110926 -1336458227 617075611 1916841712
-1190330865 -318816068 -106549096 -55315416 -2073602394
39736511 -73897052 356484531 -1777504985 687634806
1417418286 158664432 -94319447 -986805247 -697651930
1302800135 831697268 1631758874 1995099613 1948866413
1666702084 157601452 1768257544 356994661 184274219
-1519941023 -1453057411 -359190252 1006228992 -717085042
495731768 1628355125 -946115679 -1779368764 114453500
-1865594710 -108772298 -1337843906 917367067 -1775040103
326530919 98628991 -588432613 -1180567926 -77240780
-738303369 53860737 -1151214489 -1904163143 -1318884474
79658075 -1252251438 1862743027 -149254503 1615153049
1367796597 221241281 1120344016 -1817467560 352236813
712950815 -1076149491 -535423250 1142563497 -1299110631
91250371 -1756652180 336495255 1785395665 -1853108793
-2057654475 -2044255396 -1897956871 576109738 -1198179600
-1266298133 -202426533 713578893 -1104267829 1343248385
1055463986 313931436 1836286259 1255293799 401041128
-1113839269 981565531 -370146942 -823666504 -1465120597
-1150179125 334172746 -827951343 1917189745 1035029312
71899634 376463501 -159055178 -1693900861 586242450
889465031 484501432 1618116582 360992180 -1353464302
642802486 -1541992753 -2123439094 -892276433 -2141766987
-1429716396 2094106891 -865041550 1023168980 -247561277
-1879466823 -1611963433 1072205527 1327851062 1404092223
1034267100 -1459370557 -230773101 1004433787 1653106438
-1133750273 -1302789516 1590193443 696700762 1713965302
149681348 -280181445 -1274033741 906214349 -1036592753
2086447771 757455089 -385757780 -1463241461 170364329
1769490328 488292088 -1055091017 1617276538 457668045
1371718268 834273784 -1524073061 -813726720 2021476195
-1480536080 803260372 -922440738 1733754020 -693721912
-666455101 -2095242973 277142123 -1291286189 227085922
-1117918800 1013633055 -493197496 833689335 1153121206
-190416663 134835282 1618725976 -362665343 -1836335052
-483986336 -1584830694 1052944684 -415544212 -771403036
-758317994 2095875568 23103744 -637457750 1973385379
-1924022600 -2000855283 -366384917 637381608 -285064959
-1989170649 629954943 -904083611 1857878653 -1702398553
-173896152 -504654400 -2126806449 -1337633939 -1521354188
-1012706388 1036144052 1025587014 -593208853 -1190400833
677815140 -1179564720 -1601471353 -1198747572 1251650177
-1574920137 -915801716 -1622786656 961531291 1604600884
-1455840533 1301427233 -1724368709 -679047716 569804795
-1304077389 1258371495 611515696 777185551 1330611666
-572974214 1568788705 -2016749748 -960045354 -340033193
929697636 1068782783 1770628595 598333473 -836132604
1545448040 234791239 589941014 1956823720 82436634
-1882397603 1314285890 1220369032 -1109224253 1246136386
1622552295 -1062337994 1257719915 -2101182371 407040892
-973527073 158549575 -906276207 -153311194 -810975361
-212156463 -1678629826 169707441 2078907002 -1040611034
904730015 420023866 -2034245457 592407547 -1954612899
1491519731 -1730896193 835776561 -1759504195 -497020220
-1237464268 -264224681 -614939318 -1644899889 -1449340954
408864424 -1571581617 1659175765 -1258817252 1153793468
-1599087159 -181194722 -1009596601 -1602086272 -73744890
1929862178 1331443947 87423491 -1268681102 -517600084
-967122027 1969526923 -73193636 -1387810201 929585883
-1370574090 -275491049 -286962790 -1858575296 441160501
-260756623 407307043 -1972918527 -440751860 930893243
1573403971 303423607 1482089110 -1132793351 -356501962
421669428 -428349317 -2000066833 -9824944 -1239774094
-804572556 -2142312765 -415351 -1499508042 1584593984
-604558777 -1535045449 -1123594089 1954716191 -818254458
-1397290940 511426828 1896623141 -639433552 402833641
2077658254 1151655700 -240556050 1920877130 17028142
-1898922038 916506565 -340876365 -1194136880 -1627218394
1514246511 1323925885 -1110203369 1490530339 1850931886
582895456 -1399377612 -267894149 979432529 -2053515235
902448449 1847087443 -1039115020 815157558 1461463669
-65491077 2134540257 1545689706 2065114880 1848256129
-1444654945 1081391120 -469646386 -1682909678 -620312979
-1189150430 -1450877471 1822129416 -227815295 -922526501
-1118219862 769538479 -2032670112 1631508875 -406135576
-2072674093 -604120073 1889392082 1673199081 -1095934218
-612120194 1955100725 -1887520184 1527115040 943787494
1910321404 -570591208 1864578613 -1246045633 -1238347226
-1994322895 -815961401 1999559653 -934131277 -314933755
350880338
