10403 448 1994690820 -2071364064 -1830644635
-1728114892 -996216404 476319240 1070603808 -2138376854
813514422 -1158413063 -1691763685 -1615933414 574302759
458942808 624077259 471223585 2077331190 -1863210476
918254977 2075217423 247399815 616260212 -824936414
-533180254 -32666800 1684347944 -602514546 -1232760247
-1830802327 -1663500827 657462157 -623974513 2059788428
-1301808930 1677431418 -473270364 -977053323 -979090991
-742301296 -1780398385 1361394909 -1057274897 1829668041
1166409770 -1913867825 -381635055 -723967937 -1354978469
2085209897 1419476135 -162862550 -1233828770 -139022135
-1025923789 999687952 1833416650 1780164050 -354552176
1898881225 1775324851 223813489 -2043246135 -1239481796
-1325654650 -802689678 -243269229 -2077347457 -1727386335
120828034 249824987 -288141730 -1155497016 39999710
242251151 -1321115648 209588434 1934757082 -1032133614
-2119284151 1490775757 -1624351070 204055850 -873733887
1956459164 -543484845 894636654 1984569678 1757594154
-1990863004 719108472 1567492172 418312927 -183789831
852570062 -1115413468 1474749310 -2122478524 1556343396
2134621212 -1244284410 -119888157 -47803892 -115958089
-1305897613 246224283 -1798147118 -84543260 -1480041516
1097572579 -1261527552 -316380575 -1010927554 -1327056194
1127941552 324030670 -1301412797 -2094777298 1138169699
1079951687 -1819152955 -1546509696 -1842556586 930120691
1545263264 -1297028344 -1637764452 797533864 -365190258
-413797036 -1476279719 1196256114 -783828552 -867832642
1216735770 1817819970 381884461 689789130 -1172408924
2042487643 492607445 -102096477 -44692701 973961887
1063459920 -1820239537 771129054 1794795450 -181369435
-124782444 1157011519 1053450332 -1685269120 825238336
-626502405 -1501742102 -56412820 1711844470 -1852096761
-244385734 1541846718 62300971 -1590077117 538322817
372883086 -335813112 1922890988 356844131 -2005914410
666640062 -202067825 160169039 1948113146 1713155626
1170963247 2079449199 1814970014 -662113889 1090670021
-1734360701 211338983 1061020106 1062505056 -1986728436
1494354466 -639894605 1606346338 -433700459 -102243960
1610229485 285410216 1807863277 104662250 -623029279
602507726 184357158 178942330 1712391296 379551712
-533690525 -1325423747 -1921188189 -360342600 -665568762
-1582920425 1623102186 660386862 -2087265194 1519209814
-610318822 1596154750 618570050 -1644653231 1851159522
-1236289778 1504231859 274939995 -2043293908 1281166902
641917357 1864114674 -454000734 -785134319 -491110917
-2029147698 -641027874 1974180185 2075392772 1463496892
-756569145 1588585600 203508262 -946140581 -1621732827
-719303234 -1005373396 162443975 1571174829 -1103932319
-1836929309 861383539 -2055442924 -412805184 1543452425
176159226 1906754419 1979492226 -1902692891 -1309987463
-131269602 -1271616343 1066475750 1585238526 -1357481234
997960414 1192580747 1584685705 -889547066 320347369
-990959058 1687307148 1212398901 -2059332124 1952219506
-1388661466 -958505271 1096464372 454865341 1718278931
-1727303202 -1050488222 -1403395802 408424841 150401348
-1931444302 -898596683 -1325559689 -1923222035 -983032832
1361812737 1482920763 -1576193293 -1589179629 1248234898
-1133410783 -1979375705 -928649564 -53228444 -806809420
1220752671 793068786 -1424932611 870817180 -471411919
-1217624371 -604271038 1534501689 -860845969 676325364
1032713328 -1027094411 195406090 -1002733097 430236458
-116008254 818794293 597553161 838625141 -823757023
-791783835 1065179784 854060826 237103982 -1819517976
627024183 1297460104 26645548 720186462 -2077425659
-1570118367 1946026464 -1235065235 148475273 1194863105
-1741325862 -1107241159 -1766833102 756033794 -1993485021
-1149034335 -1478161632 -1283585246 329546519 -29547888
1991783384 -2054524941 1899604543 -592918200 -1586514513
1269696013 -730744767 2139526210 -1639212331 1229203946
-387780315 -1967236266 -926794746 -1605636237 -1457481772
1104484004 -1200229272 -290014804 -1145689569 -125880533
-1444607851 2037352678 367570431 -1720199930 -851069147
625154319 -1616255724 -1845473001 -1455066694 2121947899
-2124515013 -1593163603 1249220595 -79673304 1534144829
-1428455996 2068075949 -1288252859 458642852 -1058582199
-1504092216 -727323381 -422446358 1580951566 1304554235
415207538 -744929339 -1191795849 1396921892 158981708
-599511923 488819356 1123026527 1610309333 -44028447
-1986863267 -1752591983 391135583 1184180312 84631626
-369287532 822743858 -1564094710 -165908434 -1500237183
258289168 -514882446 2071712151 1178140266 826223689
-650472707 707189709 1792920254 1050567855 1080005917
-1450658627 -1676954586 -1483719236 -1880610545 -990260442
1290248365 309762664 -614425667 -1649763133 1686967545
-2098021656 -1353392588 1539991428 -1790919492 735515049
32622885 1372890881 -94173009 1393971755 412227304
1603419021 1147208254 -1878856078 356116200 -639077900
1529735826 -2011844178 1564642519 -1609487993 -443565850
1633646524 1760361223 -1781901693 -1884413318 -998450828
1339708036 521141469 2038617166 1913855118 -1509415662
919073451 724756538 1124920004 -2106862208 1273233272
2051241893 675001079 1837999893 -612916229 1400855308
-271038396 1390958412 1743268587 -1701907696 486981528
-1660979792 2080844577 -1437406147 -1605409266 -1094351037
-1129125505 -775940339 1415132256 1280366003 -479645996
-1595871416 1761661283 1796787497 1678095246 -404770092
-1718682398 1271612989 1076200398 -1618297657 -2053523672
-39114171 2103224240 2135600571 -49218835 -731055779
1689062393 1040474888 -1051660228 809313216 14200420
-1729608004 1081141304 -1828415463 -2008979253 -228208674
-165354162 -435130528 -2116865195 -849119577 1203959349
2126039687 -1290873521 1828141522 610335949 -1429906824
-83829309 -1902922929 380734871 1146711253 264539652
1318583704 -1420133436 -956074317 623400305 -1840767383
-733023480 1580534628 -966033174 59148392 561390734
497023889 -1337710172 1555983118 1625101495 2089537108
-379672517 -892996191 -670129828 171325126 -87864007
518766266 381548656 -1593329332 -1559526689 1774059283
-1218453284 -230189001 1601936076 534477024 -668580142
-581858848 -1007731569 2017935103 -1551303204 -764469659
1425935783 332833477 501970660 -1381712858 243899283
-895083266 -1694428944 1312709877 1842243144 -846505792
943714532 418074484 -1919391168 -173541574 -1542011078
-1686017128 1249589967 -1271772949 -569140892 140258045
-1491335676 409318489 605026673 -1196186899 810160301
-2124483767 948410019 632253190 -1165602648 -336527265
1998295284 -272026171 -1682736642 1366980568 717126595
631944889 -1610475197 -841293972 -1645825913 829659784
-1644198054 -812171875 -156911949 -106719364 -543185682
1863721434 1746765190 1449992332 1023423014 1299287595
-941081486 636807389 1262207740 -1135058185 -418683165
-1436279945 675461303 -277166019 -1052492267 -1302858751
-104726111 363539221 -65392385 1551082014 -417987144
1495775521 -1518945631 425977750 1106884636 -376699767
-1552391205 664046299 -73119483 -1799425456 -1483018369
-848414548
