10403 192 678923076 -2099884156 -292374246
885068267 -2086061431 -1148489081 -776432924 -1633332001
-207745265 -1545355190 548044314 685786826 1783230077
-63720830 1702260713 -1972981252 -1232314430 -378548136
494904542 -1010957894 -63935307 -1078348666 1140991800
-581481306 -1922841955 155709291 1301343613 -234979018
1612704824 532366468 1943535761 -273357876 -321733895
-1715019437 1991338574 -1298134342 -1529246802 -70494726
-1580690994 2115194267 2100137754 273067783 1355771114
1950674217 57280924 -702614969 466805580 734089942
-42717406 1340692912 373835343 1222224151 -1114233162
777795585 -2075499513 -1204691823 714774444 -1263644851
-76063769 1704190880 -923485622 1006248272 -807615730
-1370217764 685676366 602399175 -698647899 -701527961
1494814427 -1234151976 -1483215106 561657291 -1504218968
-365763146 1353498893 819719134 -1208182010 -928853172
2118324709 -59292691 -314216517 -1745909445 1418554539
-622545363 1515414269 -1031792400 -1013089876 471781733
-1990448460 557777290 373577987 -1885611460 -1509208989
1657895275 -858580320 2131817551 1297663722 -244165707
-966528054 630357584 1495943946 -1262343712 -47480817
1575081392 920487202 -295399497 771477227 -777999394
-1257708962 1919505573 521263858 2045434858 -1642637004
-1842146877 -486825344 707283285 -958062508 -1030867095
1156395383 605923347 -985839829 -1426846921 856276789
-146926784 -1016259351 37143123 -380554484 -606665715
-1457776713 226733562 -383483713 1534405911 1517829911
1884776468 -294488159 -1297604046 -1541271927 -837530631
336240210 -590085191 443158744 1953579520 1244503923
1642801459 -755843573 -111195104 -1124409704 -351863835
-864123163 -1822942372 -822390906 199872782 1530219869
-832701469 -305353781 -323626574 418481732 1717748024
-647955557 -1634938192 1236248346 1614050627 1384705720
-14186092 1725571746 1128302684 83439661 1773310786
-189936023 -165080549 1491769060 -879251106 -1855885925
765916337 -2026616109 -1248083855 -1581566092 -341403908
-1625109115 282761361 1252079175 323531259 -2087956314
-436949086 -144579364 1960722838 -798205881 -1773634730
462610833 -2126033939 8194286 -1375601381 -86035485
-1042788075 1753661876 13756246 389478159 860812505
-1699827193 -443520805 -1505162247 1847482838 646687807
-1333299338 -1543112630 1262612998 387146292 666047539
-1167112612 -1711772784 -763921384 912965649 129891314
1133051489 1632966224 -67356819 2122901985 1942120256
-1885799067 -783782900 -654479140 1688857250 495973647
-937140914 -1570051824 -618882739 -370301590 1533694020
1876883286 -1655509625 -1496588621 720608989 1710643373
-1390172992 -1923420657 -1527888727 2053869367 1597277192
-2098513708 -2014665817 -735114978 -701478921 -38903729
-1930847421 -1319301356 690124103 -1160159005 2032679506
-2064375830 -639566 -182815390 -2104861244 1957411557
-1471728399 -381280406 -932747481 -984572199 -1697634426
420233270 -22870799 1413684539 1566602601 -1478254774
824132502 279407290 -1147106848 -99898924 584532698
-1001142534 402640675 1487222110 71145548 1393689632
-1262209690 -561559807 391360794 1513514745 1692464025
1760575968 637262705 831958279 114819654 112527131
1514638418 -980103624 723930134 929771228 56693817
374859251 -990678779 -497330460 -1017479096 1099222783
1108870669 510436943 -1417290786 -479698328 672684656
691189911 -947334489 -1882928746 1432061850 -1327605495
-534853515 1532661003 50162110 -1112844148 -109800219
-1022072919 -1718140753 1045098140 697269249 -1432973109
873522518 1942373678 -789651995 1716740420 -1483611898
-1817852127 1809138425 -102418302 1092413284 -1028751428
-656120636 1348058234 -1089554214 -1134278674 -1402357095
1200498004 991004362 -34677753 1781863501 1828050084
-1683667262 2016629756 -1674253870 1158053200 -1927310537
1670666475 -1692597850 14984265 -1010963670 -678535561
1128030081 303480247 948429840 134284070 -1041737501
715081060 1591514421 357339178 1685380034 -1795595375
1049446787 -140126777 12100088 1951995901 818894213
324350134 -1553308146 -580052812 1900309227 -971272052
-1793171670 1971582448 1198949357 -1194248716 -1181115331
707008099 -1987720153 854310607 1255710114 -52850847
-728476233 -606486603 -148329234 -1792171862 674492220
-1813434816 797097583 928422274 -575864246 780951027
-72332067 -1379967390 -839774655 -1690337761 1430608514
-1970850647 -1581848541 -579585706 -2123942929 -191351126
584172946 -2010379236 -1753192170 1802829345 471411683
-1557430027 -941141988 1425613755 2055187552 1079816150
890745486 -1499432232 -434515057 769594942 72392556
395790729 924145996 -723916517 -29552138 -317234308
-977524988 151362706 -1959533446 323454353 1663988909
-1763161191 -681893522 -110196725 -458708462 -1807278348
607667210 -1545445746 406797209 1077725574 -903732994
-1537270111 -429622552 1695586276 1848965522 920571475
1742840768 -575677536 12713087 534750355 1952708662
-157456884 1132235311 1375635200 -1205350997 -1653851312
297156231 1090246141 857995539 269211397 1542412807
-1101918028 176186627 -1198156389 387204651 -1867956939
91003468 -1460028555 1029369458 670819018 1130532160
-1722835692 -1605638214 1042418671 -908598417 345317021
1999460641 1728303766 -2081978560 -64796341 -294976393
485965913 -986258506 -1000400552 -1994289303 -1630797278
1312856794 -1406185008 108693250 -845621490 1201159909
1142128005 -1112850689 953654941 -423474912 1784419262
561552040 516189474 -189399449 736544643 407763515
2033015436 -709864 1404525986 776641592 -637601319
1409286916 1888344918 210560393 -1220159445 -1820804783
1478849631 2003785596 458253204 1088088371 769982080
-581489524 1600131404 -844035823 1792261007 1105098670
-2052396046 -729712196 -1206648798 1882723067 -180835621
-787867897 -1747393368 1921175538 -1107916564 1421228677
-1849721548 2058034044 592274456 -528815161 -918878145
1085898542 -1778135779 1348343225 -814631731 -1304450689
618993665 -1313017001 -1926183725 -1691679609 909905785
1141167008 -815737394 1005122758 -2083226937 -1484015620
-1168295989 -72366603 -352153231 628596054 685478896
-714595946 1679409936 1631640644 1871723929 -2015031109
-1706618360 756205861 -811452914 1224262022 987021992
-1161645747 1647087978 -26792397 -816456301 -919808697
-646608991 -1706311762 -1729646889 118567158 1126659260
-27509718 652980284 -198387917 -1499322413 -2004667158
-1393087780 1047714196 -1876671413 1103380552 -347293589
-576169394 1294278239 325264665 1308866173 1964243312
1787200809 436163485 419001182 2053357886 -29990550
1301877952 694862675 -1404807416 1165263890 -904691268
153563406 1446567860 1792974416 -1650446907 1153388426
-736013620 2052090427 -678598912 -658942024 1280593231
948896050 -241964175 -539991454 -1014490627 1006632036
1953048865 10311893 2002218827 -38781031 1225868142
730660518 1316762974 822348429 349094719 -1283608433
-931693006 1817087782 -427513092 -1576392410 386425887
1961492417 -670949258 924701030 -1759380326 1636870520
1062157187
