10403 200 -2090431703 -231894308 -1834023558
-1478051301 -2125415894 472700216 -843015674 921775923
-1868197949 1543218324 -799942775 889675172 -2037857591
-52474112 -111552629 -2070314669 -512003155 77574406
-1972320330 2015378995 -1194281430 -2002830718 -1579115602
-893224662 1929087485 1421519500 -1787986560 867672353
1801104830 -1199498204 1182940116 1045655449 1306086088
597038688 185206285 36040716 -1278024264 745607782
1630461445 -1886263776 -882096140 1182795909 24347790
-434494003 -1258773876 -2092461929 -711481536 1996357102
-361235142 -954964475 -1334045092 924843226 184016888
353913927 -185731192 -2131464359 1328865392 1113318254
1720846801 2132929593 -831103940 1805571869 -381268475
-1953354667 -1035437798 -1430603796 -1797829523 -788774041
1669502815 -1110386830 -433884018 -486223593 -1333874528
1599311914 1862398047 1751494547 2011689630 -377689905
-1203157243 981647235 -1937450461 -1914813576 1124299898
-1922703616 -1291536131 -1958572620 1264001088 -1539477831
1206020126 -356223796 730964147 -1420925265 1006452235
-161354466 -2130232947 755797495 -461884057 -1006448769
-590144031 1665838850 -305006238 108235836 1581767524
-1589613736 132688203 1016301086 391960524 1100766946
-806841990 -1296069366 1650311786 -516585024 1677900466
-1825019234 1412897482 -2106209514 2142502136 -445835610
-880680061 999673252 2001758735 -2068108183 134995587
51869817 -523285623 150926171 -86749298 1109370041
-1389134858 510896126 1576353700 -309041642 1683233751
-795876161 -346625362 286053532 -419285207 -2105592087
674480638 1529344601 -1812510137 -2093097200 2105526775
487961084 -91541723 -1215123727 916074547 -1265201982
-244455235 -474594714 783981797 -76236047 -51697010
262776214 -1807773715 -679164363 367648762 -405882073
1279029247 997793448 1927210307 613548410 1528490537
-1976148112 -1561147178 -2083477092 -1297963942 666673650
2124761887 1422048599 163267344 -1120777094 -1319667670
824759333 1824182707 2065828905 1794287572 -736717754
-603770697 146151802 428174141 114116667 -1581644340
-1160583326 -602452485 -478926820 1587784520 -608047558
265565989 -1509398243 968587368 -1885846271 -329410168
1372272736 383615748 245807509 -422677721 1656812752
-132116350 398764300 755307064 -726227746 1599131278
491036771 1429027450 1132631474 -1930761975 2100745372
748492725 -267709209 -974558172 1137874090 -263650510
1567547029 441167062 1059580749 -826707466 1527849836
-1547402021 1620515767 -284829063 1990714309 -1405590154
1876589196 1445670100 2046841931 -777925475 38512808
1052078462 1516207100 1371191957 -478988055 26734359
-1708962669 1514882361 -1498675318 1947937227 432414045
2089494116 -380539910 1406776786 -2024889381 1865638892
-1810525578 1952866850 -344947736 1027822549 -1953135085
-1998648951 2098286104 1807109658 -2017210974 1747353390
397053287 -1367189746 -690800723 650939528 -1210679795
242132883 -1518457655 -706221954 289676684 795705987
-1283536650 1634675153 1559606069 2124865135 -61034001
-1853276774 788236254 204230037 893677925 619774961
-918729479 -448428732 1723760168 -1052534092 -2132105227
447982903 557953525 2112219153 -2013071193 1349453430
433042175 -2075035423 922878898 -64250283 1187273074
680915850 -2109585589 994333098 420690917 -1191363197
675902883 206087691 -1693794579 1511127522 501189803
-434768417 -1953969526 -1526335790 1545900723 138168977
-219954080 2142371050 -1833055027 1389412949 686481920
-1717217529 -487333150 -350792958 1350691783 -1124941058
935961418 -1147904723 1673432853 -296497763 1962809574
-639312596 -477182770 -959670578 1580327687 -1404794546
1730809775 1924749165 1032242603 -1638019850 -839174449
-1599949656 -1058756174 -582351781 -32370623 -1093433628
-607678717 771643353 -825616145 -1453496363 -210467708
-380423141 -1181718961 -1017507855 631289573 1659407975
-1649076486 -367383214 44160177 642757484 842143234
-2029342312 100398812 400016719 610511601 -68373354
-757246695 1285115014 1246965256 1370697878 497117651
-1831622038 2031385031 917643190 -794567647 -1389302221
-1599154629 519517440 286311606 -1885947687 1090666810
-175163167 2087952324 1698176518 1018720911 1750565109
1358573291 -1031653410 -1326502763 -900916184 1894488952
318826159 1985591888 604848461 1751419562 -1652691645
-1593704277 1952057335 -1134145610 -1365318768 589754549
-1657720444 378367133 1409872667 -481037287 -1605463127
1875508623 274460096 -1016871743 775067027 467765892
1201933351 -1599693956 -273045162 1962099005 -129179440
648394277 -1438611113 -769860167 880660109 -1637366510
780754750 -638628452 -725741089 2062596235 1380818279
-158549918 -1836925383 -1141052932 1720384262 -1616236544
-1235541923 -1864357449 163705733 -1251571030 -1116489744
-1806413289 -939218916 -815797268 1354620539 1778139663
-1499361274 -1096531409 482713710 -1987120027 -1155655704
-168255602 969112147 -1520173559 -1702015437 -735930718
1298276652 -1757283376 1255453118 1539000672 -219388969
511625582 1357062136 -1819914631 1303123485 -2141223285
1416492650 -1493034845 -1080298852 1226711084 1341337824
-871167647 -650167368 -2030943201 -1990650005 -1822642232
-1808865025 1519348220 -360630816 835646047 975744443
-2065434837 558546645 372401179 -450879239 488874611
-1940940141 -1693848496 -1180616680 749177556 -1129010303
-1217731127 2027514390 -1855400393 512463945 1841053717
-1141220911 1608277458 -200601526 -1722711296 336430162
-1411911899 -1941246497 -557532802 -1585520506 1813450402
459160066 774551804 -1276850655 709559241 1362289675
517744790 -1510455895 -1559114835 -1510863614 -543277547
16811753 -56945327 837546621 634885920 -1439690746
622925998 753451487 2108598852 951300327 2050554107
-1647981438 1148116188 214287345 1375607816 1816434464
1113942522 850436560 -1166002121 -1672088889 -1138790772
1255811583 -1973742090 92435857 1108825395 798203190
335019374 -225416756 -1138351486 -1498594623 -1200749070
419584008 -740257027 -52704928 399423422 -1108985575
851661264 -1463655685 -80386861 248810573 -1116708510
-992321970 -1934339188 -1000996565 -1821831999 2073952082
-1739463908 1668521924 173623686 1111942413 655928607
-964828108 -1083370975 -883029012 262404255 -99395107
-985018225 -1230872336 353458700 1883776861 -1485129595
76461019 -1728918769 -1487808803 1736180740 -235796570
-214481057 366552115 1454271439 767933235 548269880
-2001204186 1507183389 -2043834269 817251012 -1457234364
-336156742 2045902373 -1295829999 1976384190 -1922441800
522921257 1017147053 -50362095 -1627790937 -373840439
1829048357 1980287978 -2117566284 -98350370 1994834792
-1703157907 1868837187 1240297165 548539968 -1422127040
1320991354 96466449 -1662655243 -1249020364 -1578867845
-1471815782 -1275007453 1138536932 -762588560 -1745281281
769923289 -882410544 40742721 387400278 -11565085
-943891523 965779053 204234388 1141620191 -1863505433
-1003923566 1654688580 -1417811736 1061202608 -279501399
1771516455 -419490552 -1749006358 1424437209 -1038253877
-1232510760
