10403 24 -1529836143 -551758595 -1389362200
422881601 134936942 785851225 -645928888 1914193046
-290490339 -368964995 260635920 1637716337 -1851342710
738318726 418103104 -116321187 1151301031 -802975625
2142276709 66957023 1993385411 -1516730631 -548866459
617390636 -411946328 98319470 -1011109666 -2119433750
755484290 -1719211214 -1392650768 586206155 1565720145
-503371953 618454330 570518929 -1594393947 -504037018
-1900372113 1368065846 1559931342 -1898937081 1244658450
171228859 1644612013 924383668 -2125678602 -131879018
-892871998 1228302747 -47020227 -736880112 -749303172
516417868 -1261957531 2129554833 1328385261 -911977908
-1066553197 1154784412 -915624137 -1260926630 177625487
268164178 2068202246 -971433992 1232262143 1067381600
875061135 -1759067871 -480917849 -41695984 1341168917
1291420768 175103450 -624940871 -2116182719 -1327545192
-1635923312 1804770527 -1580507071 628341949 830857075
-153044680 -987548176 -1094932593 -909489328 2046184450
707064071 -743964981 1091776749 -954175398 1735193839
-544021970 1540248191 6711366 -158747762 2146252342
-1980873446 1831111525 -1930000680 329718474 638326022
1603078471 -955625650 985139783 761063277 1253291489
1989179090 -872777438 -887462297 -1552711524 -284282473
521774576 -999891413 1314295827 -1233860874 310225848
1472409742 1958822961 -614566206 385745454 1882744628
-550242962 1287016742 1991415770 679619158 -1007758578
-1850328323 58433806 1411912328 -1887674780 -1366884180
-299729667 -1738601969 -296885924 65307752 -211044094
916537977 116794065 -1910617507 1934749004 -302639585
-810318156 1226852239 -312773361 2126609389 -1079459643
-2093694401 -1125265934 -542542683 208018439 -1484113817
1322642193 -738908528 2106445224 1533227938 -474583827
600639402 -182614270 1142899902 -247704581 334991411
-1201301180 -1930852020 935130836 -1615233549 430257552
348168307 64935836 844285568 -1810738927 -1551320815
-2130724455 -1901806174 -2063148867 2027382132 -1379875139
-85215062 -1525112755 -195345041 1943136242 -2092945196
777401592 1051002089 -2136609834 1499022973 1459075818
-983867720 823060142 846010621 697933429 -1637615238
-203735520 -50942015 -325638482 1683594794 -1056082200
-1759886867 -491323992 942883831 -1413340815 -332456311
996445065 -1342818080 -423622456 -954024484 93133754
-2132051582 -752128332 631443062 -1897318320 244117650
164028665 -850742548 -468917714 1057570362 794786472
787347311 1937868749 404574942 1261293049 1678925372
-1757343382 2003013155 -1706880259 -420241166 346810541
-1337252163 -1423923461 -1544446797 -559325021 1145505158
-1149864866 -1345868502 1500828692 1813188754 -540992834
-1589709801 -1827080320 1605587558 -333671397 -64034656
-448486207 -354565194 -504125880 -1040152388 180804556
1720344690 -2139068906 200461011 -252112929 1482811649
2033822532 933134449 142249441 1224889753 -1903542041
1354361357 -528773100 -480268867 1592958339 882652930
1519445278 -2124916068 440170350 -71902624 1350504737
-295572426 469961601 -552597856 1719513359 828950125
2105296755 961927026 358715627 729966491 212859234
1630364498 1532535770 -680731622 -772061012 -102883746
-1826114591 -1376344802 -1107011935 589305030 872777063
-1552585949 -2045359826 1443369628 -742548927 78111809
613356766 -886238685 -1955026073 -1023331621 -40682337
1172869621 170019216 -135465900 1186835535 -431307304
1085524484 941165635 529222133 -706144368 1352989612
2060259833 687220990 -235910001 -857401340 1964754891
-278880620 2034042388 1062364968 1220136470 -1993379166
-1092652886 -447383802 49714229 -514132064 209507499
813787341 884282415 -546942565 -256192213 1212130903
1079353178 2142441623 -1890089965 -132850170 1105466283
-1231986613 -1423454175 1489244790 38081322 935712190
272886883 -1865581642 -1993025467 -1597715746 -483436450
-215225507 1981593019 -1628538904 542183387 -1145766512
180680730 123943906 467685566 -1451132308 -1152867505
1412820517 1343370542 -1660039042 -53360061 -1618923824
-2136429330 2123340024 -1165966304 2120914861 2011852062
-899083039 257540644 184641133 -230290800 -1686899521
-1745127611 1835388898 -2112312218 -262447116 -1099441429
-1919205961 -859816528 -332827080 50694224 -738804580
-1130229958 1660541187 661929987 -683030090 -894997711
368203500 1539759901 -1791485921 1386553645 -1713464369
602942444 -1051262909 -1691415192 -1905510039 54688158
-952339350 147313173 1875810404 -912491005 1977635208
-1531604184 1195237637 -1545353556 255040345 814948636
-1261651891 -1733418014 2091661858 473946652 2039984110
1037319649 -796381686 -257257312 1557785978 2145291103
1348602697 -498120725 310812678 -633283571 856966537
2117333359 -209270088 -109354882 806721482 1969713891
-709132939 1697923680 1738135591 -285215012 -1896681746
-1980587922 -466720336 1912109309 -2097020902 -1957233279
-1020762869 -232461042 166419870 -1578323257 1426896296
597161228 -1654559988 1309798852 -1351295402 -2082354324
-1450807157 329126031 400849192 1619367236 -629793964
1588902372 1167338334 -1770718294 311587231 1047140848
1810286934 -1150972936 83380127 -1029764227 -1809991535
-1210234107 -289693652 -1238299178 -515575066 1460367052
-1961347619 1407245439 -250001648 1433568510 -1729980922
502542146 -1778224496 1516535495 -613853988 -1316761108
797462738 -1505620601 1418246581 -1284522116 1194701986
202644510 2020813030 -269203976 1968331749 -274225124
934020673 673687269 -147249244 323312741 134322334
1106291719 338972444 42890494 -2127295058 373838896
-1685148036 -1057624590 860481676 1697770606 -1543343097
360023743 -393613544 -2100998913 -1011082057 -1288354441
-1425162781 2060739979 -367677973 1312427750 870580772
263856596 730753098 671331668 -1441471972 -1722832787
915220772 -829649183 1760162116 372963013 1009740568
-1129897997 663888948 1699500266 -610926492 482338416
-618453495 -1815344872 -326194319 879210170 1514868886
-1160255936 -1974626954 94949735 -1670374912 1358861992
-558371928 1076307722 -1304403895 -987732056 -362824479
751723712 447089325 -527621404 1429087613 1375380440
-1337532274 1812225282 -1357181372 359287019 -243195335
1907955229 42561497 642987742 -352753351 -97165340
-1120249517 -1238877966 1991421054 1500953847 -750224287
-194938436 1193813643 -868049962 -114510916 352626618
-26198382 -1261158124 2135564497 1307303447 -1699030201
1979621421 1746932793 1987742452 -1221522126 122273427
-451251115 -1453111277 394776654 -342684910 1617795268
124604497 -158261328 1015600585 -599410672 382745597
1977120317 -110345882 1465074802 641095100 -1266743411
-2136360516 -1783626088 -1229398177 1620447315 2089449088
-968308653 -1337629447 -1988399530 -757745624 -1578323361
1000971077 -1679148139 180337683 642596382 538168156
-835951404 2101569629 1158193391 -1562733604 -1029836788
76868835 1839383441 2076936163 1749933505 1621324880
-652817246 -714119164 51181538 1822012120 1402702938
1152306395 -1483149885 -1922888382 -1040050827 158958642
50104340
