10403 488 -2071968779 1885149273 -696620648
-161346615 -1297476474 1037553339 206145600 -20392529
1090243163 -1277777694 -793368957 1387015911 -953504559
1944012337 -2142338166 -934025129 -690629194 -483446602
1235976997 1420666437 -84565066 1374746983 2031357029
-410962513 104699781 1776215286 1587068678 1884426160
588892802 600920648 2061852648 120919090 -136661405
-1799508389 -797880816 -877856838 -795204540 44663513
931668255 -1786889223 1774624811 -813723628 -1255440895
1184194587 -1804913318 -1672675361 1218083883 -2041670644
-1305697743 -259600175 778686453 90244976 43991835
1115621771 1710075623 -1938520436 1536511225 -111562194
397978766 1899201563 -1673441898 -2053368129 221612605
-88924413 -1426772828 1004036612 -1830753652 1501763052
1531945915 1688506922 -1966201594 603314009 612963530
-244045995 1463477214 -864760071 973494242 -1383862412
-770556973 678075531 -221753374 1271473450 -82313936
130053200 727482035 -692038878 1581625524 -549909667
-1040991177 1173246318 1899373500 -220557555 -15099311
-1168779411 -701554893 -2077214638 548744384 -1339852529
2010356201 1343383382 1463502194 -1824785408 1641109708
10186653 1076094817 -1656442652 -1711503275 -959963246
-1143123608 790761888 -699466433 1922869257 -833708630
-1991575540 1290285871 1382134933 -414127646 509397197
1454568246 -745231858 293870301 1549330822 -113056091
-15857359 -461325259 -2077818749 -2028536769 1011589711
-2019259400 1837529053 -8907840 774314056 -173487766
-1683441770 -1948551420 82376505 1018783173 619719871
288127476 -1963810998 -1078241645 -1183087669 2052062077
-983036860 -2075216870 -1115683497 624340465 -805916019
1776788465 906244943 -65057850 630653414 1949781834
-4935013 -1959477417 -1608742613 -1012990916 1733812896
-1425777101 -1155009946 -1321282175 -684537929 -539155684
-2107984343 -642904936 57936173 667283381 -850464524
-236023293 479012270 1638138222 1011694989 -2099944573
-1929387083 1802551434 -1211616537 -1135149925 -337136719
77209934 -1845089531 2135948789 1763940658 -643286240
2046722421 -351850077 1770937 -615755330 -151102886
1743863699 -919904890 1857823426 211399184 -1411515165
-865767389 -572306660 -1379506479 -883220986 876155611
-1255026681 -1017291720 282986251 1679523711 -71936994
1804952828 389588047 143175783 -1516298741 -867016803
-1193337101 -871357771 529020788 1720678364 1800909228
-988860522 765385141 -128614483 1000602042 -1209241851
1456885730 -838974194 -1066689764 2142792315 214391787
315585489 -489733522 1674100775 882439452 1293497072
-1305704 1286529359 1121618279 360777752 -1427887133
-927300552 -1219397836 1320707233 -1485239316 1861023266
-2000344799 -1793252170 -327176107 1230352234 -790784198
-1208188528 1790041080 1243803715 -1163943572 408707044
1556165047 435700866 -1787207716 42414397 1143650588
1531985905 -1650968909 1295711639 -555732228 -1899727655
1405774363 -764300740 -135261998 1687077126 -114872443
384707167 1663487315 -1332652122 -492476191 -2083411608
-1241616502 -1209777897 -1841241236 -160271770 -862780421
433807265 -694742907 1498505883 899408052 1006709523
-1527823269 -1826702812 -1927298479 -1108430278 -261906966
-2011380211 -1483937521 -1008053894 -340741244 953934723
-1611603605 -319404018 -1897760579 -884340208 158127846
1609884239 1257475141 2055501675 -1251987320 828433527
870013945 1575797608 981725314 -2062380189 712075491
1066079575 1680579543 937130807 -1378296924 -988201677
1373452836 1462300122 1220615880 597499925 335073308
88100186 359585592 -1689546223 240588675 -807947458
-2128226430 1600510823 2110349958 1778003556 -77997488
-1745909373 440974013 1933980413 -1175545023 -1780149655
1757963481 -456032637 -757178669 1469463873 980901987
-1978730965 -1345453006 1284715544 -121452288 -1553614892
1236393747 411345248 -1766421901 1714931492 -1394811366
2109551308 368455568 981821165 533003592 1499599639
-467516239 1846403352 -78932286 243893609 -583760465
-1659905092 1127474364 -2056812778 -970398726 -198081169
2004353648 -1762187062 1522697984 -1026349055 -1585017498
-188079933 -1230099266 -33331886 1810186147 -534381021
-2009263987 600953465 1745373507 1395674845 -11082425
-502950927 -393684671 -427937658 -1059627479 -1986406766
1340143940 415241192 -1352019118 -209261913 -796013592
-380034048 2001227251 -153093544 1927341302 -1486587735
1525049401 1903084665 -1298486190 841643406 957106735
-2084213138 967860689 -1228381009 1961869711 454893201
976939529 468451819 -798510100 -874749807 -784972885
1690894447 -1099283014 215624095 -607026154 1799677163
995531625 1847081692 -1641682466 793784031 828461870
1967310042 -43739080 1474203816 1022086128 284045186
-1848060069 873306442 85187136 -124214197 -377685530
682704964 282315874 942305017 575091442 -1327335151
-1838906709 -1731749975 1733311620 -1037541713 1837334339
1156953731 -1572918586 1747518515 289707784 1828854458
-644659857 687211915 -1356770171 -1789829168 35246962
335583323 510396045 914922861 -396048781 -873373179
1415087695 -722365488 -1697198670 347285148 1392964461
-1366728894 -1739749704 318630963 955703176 -1214419573
-78879142 467267226 240030532 -1138961306 -1633222665
-997750553 -1044050834 1386641324 1658643073 6229657
-1466274694 -1262095380 1357098 1552437313 -749216064
2032069395 -603080472 -1049636131 1683132840 -1182235335
1914674429 -674678205 1223276613 -1488373510 -125336084
1192726493 1139350925 1503621584 1332105485 -1169433860
1516037090 972140566 -774384313 -228826641 -1785292146
-1108920369 2017605421 1591124565 -929943697 -756232442
-118039033 1782054327 166010976 -1517496955 1622773925
520969122 -122883646 -53449945 851158137 -663468774
-268422603 -473215700 -1662707228 226944864 -682912811
-79766862 824444920 1521730263 1711435633 1019688002
-1184329382 842524819 -1653630644 -1423057115 1348443332
-136543865 1714650426 -208434338 651652745 1459774122
1707637912 879184303 -158477796 -2110903660 544439415
-1585933174 1187011117 -1898484056 938447425 -1679215041
-1787535830 87627103 975216659 1063594307 1424079995
-1117480664 1209912769 1103851403 -1355699625 1247778667
-681215228 -745017231 1427349425 -962021304 1979431564
-1321589726 -1949553318 -1893931465 -1497605114 -1544063742
317640001 278267755 -1555846326 -721605543 -1664015780
17309298 757571257 1046292678 54735486 -1806232890
944129939 722787848 -1045027356 838574828 479483132
-789136872 923174237 696402363 1173503847 938720132
356370647 1902410153 -149474343 -1321388670 -172485914
-598143589 -1748737013 1300194076 -347596908 -562180539
598039829 575569796 -136923139 -457533010 -1804756541
-1390729816 -1431444584 -277046859 1127660197 -1792182148
-738396602 -1707548911 -266951680 -915867051 754735382
1313569778 -1324602557 1776406122 1577728595 905510710
-1921752611 -89303908 1398888216 1373696433 -898664658
996556020 1038731984 -271493190 211960031 901024019
279924879 1220379344 1226404102 -409339106 -1065737794
-1347989334
