10403 568 494013473 -731718536 76507190
-869986784 -1095588356 679536292 -481449922 1181207936
-1209519190 2106206515 270580745 -1145368984 151814157
1063939632 -82949880 -1236185955 -1324626136 1203392253
-1427315545 -195624172 1022537454 -186034171 -101677251
651680154 956558712 730323093 482804881 -739399534
400726491 -522684143 -34057960 1262416642 865057438
508043971 2003107023 1689389956 436701501 -1924426937
-423564691 558457630 -448258198 -553987975 -531215260
1347126222 169870423 -796570890 72783852 2118238828
1423398347 -2111355651 -427082157 -1600584721 -995702308
599267143 -771483460 -974883101 -2043474635 1279960665
1335041954 58834927 513777128 -1096680301 -144574764
1783447624 1093444435 -1498410224 -2060309043 -1836587740
-1730171476 -1343701452 668905037 266139661 -1339059859
889309441 -1857258874 -2060300383 705819516 1241934333
-1589012949 573755404 -1788392793 -1218610417 164746550
-856252612 -947763880 194162536 -159431995 443185272
-1540718942 -1177789475 528488229 -1289728926 395650930
1977536754 -926263616 -11363668 -172910079 331096755
1581636257 -1680802386 -1994805855 -1078459257 429899172
4104453 -287302089 -502159062 -175670941 98852963
764220316 1700484854 2099976795 -1969141912 76562818
-915811998 -1138456946 -699778319 692436076 1822870732
-108745948 106994598 -1731948607 1362301553 1093931740
-604808525 946420273 -40660551 -1269150217 1535473177
379568964 1659585613 1183682347 -1865304235 -1986574499
587288540 -1031858786 -47859486 -1173993853 -2056938777
-1937095227 -824085845 -1649207556 105072813 1381163443
1534295723 1507343174 1990655164 971238587 -1691471683
686608874 149789274 -1039009732 785712249 -1825274869
541905716 1050815839 1990984074 -1980509743 -678142856
-1323219093 -1417540066 1614700345 -265162499 -1512539292
-343228538 649163992 -665625483 -897223285 -2051676201
372305633 -891851615 -1387729851 2102340814 -240577773
179753469 -2113859409 -1148116015 -1468329680 -1682126782
-1039738482 -228876927 -440463022 1799400826 1795490892
1665761584 844277 1325989270 113060203 -39124156
904872481 88735845 1142673390 -314566624 -1344518175
513670794 -1647780242 -701725486 1418631295 -300973081
1011737522 311779995 995844516 -1295882254 -372223798
-1915576761 -1507270402 813059454 -21490713 497744891
1001085571 -1802796651 -1960012871 676463455 -156173647
28213669 -1338480554 1429304480 -241807982 -225820341
-1910465286 -831221432 1700565326 -484002407 -66056495
1713939950 1671889123 359037901 1392120737 714962826
1136859748 -824035408 5534097 356596085 1041315012
1021865958 -1927782645 1406485742 1376807735 290791523
1632038756 1662715010 -847577836 483510768 1764569571
-375043934 -1977367423 780723209 -2000478659 1049141531
-1961736484 -2088911476 1737684856 -631340843 -1498615246
1751386916 785820638 -331192728 -1380947246 -1317113597
-311967323 -1062828836 -1443845976 1687499626 1010674255
307510368 -1868834889 -1681572217 1881326195 -949879785
202213175 -872098101 1381322728 598279751 -890810299
-232946509 904403681 -523970968 694128110 -755818845
728522376 1164259200 550770276 1213606894 -389566262
-1527158231 433684562 1411811532 -1690729172 -1933778994
97580238 -2041815642 199229548 -1192856333 515154121
319606325 -2025518901 -378823528 -68906228 -1437646119
-1257234047 -137497178 1605110476 271312605 1815452484
-558627546 1266212130 -1080280467 -947901791 1843775916
1654549383 1458872952 1094291939 1270988258 1369103811
-811835310 -1424644523 -687616512 -1442534562 -816167830
1606573505 728218419 357606208 -375559906 -1826576178
-1650637764 205225694 7862614 1424789565 -354500853
-1573861406 -1100979336 -332620804 -660933531 -272430517
-1986080611 201200778 1326329140 -86233166 -1779857679
-2026911813 -571825287 -390650633 1324030314 786212334
-1186573720 1894072004 -41669961 -1080293624 -846516877
-413800396 1267882697 -372689070 -1424147674 1004373415
377493451 467216101 -1245972379 -477864368 1327961968
-2124118958 -417215737 -1028928906 -512565800 -1213556873
-1060651909 1071016910 -1864179905 186977386 1370074386
-1685512607 -1842377205 2115973242 -21214167 -2048629064
-855145538 -524654902 1652163007 1559522756 -874156260
-534975599 -2002794294 244994577 -252923015 -763586757
-550732064 677768071 1706444987 -1054825633 -59411022
971125811 -882743345 842110638 1560113037 -1992573252
-829197435 -831138980 -92135122 1574128015 634756320
515671232 48050705 931727309 -1573959868 -1592067434
-1154798500 1907921242 -1796648303 -260845001 2004616521
1892286940 -664715234 475466187 1988579403 769060372
1111484194 -130879111 -448516042 -1378514196 -697869571
-2031253353 1248047931 1825155971 -672444140 -2077186345
1165997880 991473396 475236209 931427044 -260284885
-1041212794 -1688724680 -1161239922 609171208 59153566
-797966793 -993872613 -1387513835 -1363509874 -1335746369
-790301033 -565200591 -2068457553 -24218114 -2065507524
1222842291 1913851165 523093927 2055965844 2054527252
1064187847 2035446979 -1263913436 -218419546 1473263339
-544309564 1949302963 1346300673 -279744240 217300763
1164233384 -133660180 -2129973618 1582981274 -246720351
1636926076 279372739 -2040530146 -1926875546 436858343
1045084203 184728911 876429257 -985283184 1235790180
-1630226731 2109072026 -1377948325 2042171937 -594282139
1568911221 1674546595 1527066548 1543021057 -50451652
-1563272125 304889583 563876539 1435027742 -1788475922
1534043878 1441137822 91320956 627841924 -238731515
1214525400 1479491084 -1901601795 481311420 -1487977192
404663801 -951098993 1266172149 588932513 -831569874
1190102344 1831021300 -955436144 1703547991 570516381
571905840 -1261588261 1173214091 -1169332768 -1515506800
-791283848 -167921609 455848120 1965027387 54509302
-978060979 252842693 -1170666743 2060467211 -1992875249
1777190237 1533606106 195054392 937071046 -1797900781
-1845678167 -1281013262 170473402 -1989252543 -1650568259
-533708730 806466511 -92477893 87128454 -2061518119
-1356927033 -1122818652 -1658343687 -1082626131 -38281525
-670545194 -382392 -251464750 -1315077199 1483942468
639417683 -1259228215 -102685441 290529162 -2078404305
637196424 1290115277 1553111540 1140766980 429844723
-1782633550 985165311 -904509210 711831252 1881158433
-1448478804 922181047 1299604621 -1716831988 -1093881447
299005344 -1077528812 -643534260 -599010770 -1823471728
1074149624 1563561760 1499235285 1897637489 1166198041
1055531575 933313544 733083476 616699472 -747146747
1849265958 1493515508 -471939493 -1037562919 -2043129103
-898715134 -2100963233 1461656134 1569311755 -1158515111
-284849752 2054102674 -136989251 1829574771 1649979619
1602029902 -368289911 902512543 -1119512328 -1052367376
-978161295 1766221926 1204569218 -334009987 459025730
-674059818 1408639650 1279504288 -1462533345 26081186
-1224219444 -818470708 1759977632 435086623 -1857169007
1895595958 -759867889 -989622840 -1094875168 2083327024
-899481792
