10403 8 87072169 -1999858790 -1220274437
-2105628029 291119182 -305405121 497962179 1118697270
-1537751759 -100249472 806908091 1799478642 -430812773
1765669149 101296962 -1238273128 -936128560 -1650213061
-576219273 -1671183067 329082520 508579288 -220124071
-600884897 1216960354 -75673831 890448409 -311817496
11078423 -290728574 231117882 -1801578556 497664579
1396061590 733863259 1244423704 -489164761 486885571
266257949 1118904928 1775050867 -450889557 -1940681785
64050419 -2144664371 -160461081 1343792539 -779896006
1282519570 -1914843140 -1840790871 125803234 1128099231
2020708467 -1078890945 -472118951 -1839541252 -159926359
-886468033 -453268255 -1912746399 -1978390243 1252771919
-1321433271 1529464327 -313251473 1031364917 -714017196
1653322738 1476663177 -1699532886 -876814342 505692465
-1553447192 1095882182 -1210986314 -1858590020 1915356198
-1946896750 -896635272 -832848113 1772974459 -1004277996
1072262358 -934193616 1446001313 -1467494159 213290998
-1476661516 -1900283071 137642909 1693176490 -444164962
538598291 232668640 -1235395595 680726326 2002098554
748978449 -297803037 -746584727 536159121 -601664313
1893492806 1701790063 1337709460 -316546543 -1332649678
1828647296 506657337 1467139767 429141711 1345449245
-1696391513 -1636101486 -613794324 -223372308 832558393
-1593111271 -599869134 -259719106 1414052644 -769579504
1181901362 86041600 1840139819 -1374215507 1390669368
-1692303724 -11155353 -1449868251 -1759058925 -77318360
-1065984025 1655660558 1113626758 1236366735 -1056295394
896527397 -368707728 944882282 -1806415151 1362645277
506279603 1342397506 1774116119 -2085965673 -1834579918
1406778517 -1709718927 907164153 767851183 -25840763
-257186228 -716242204 361288790 878130336 -2006717007
-905500935 -2082437210 -1204568016 1978772010 -868104449
117307489 -1205892360 773888434 1630075171 -909020861
1189535555 814469946 -32959003 -774029330 1553448127
1525890364 -1763491076 -718154279 -718136093 -1950412431
1074689971 -938777121 -910567297 1663487003 -1243126768
170390512 -1035265896 111177111 776615682 -777920802
818570354 -760731693 2048760883 1144902986 917588023
-1588572669 837078376 -608948687 1242888259 491552345
-994662746 485747977 -92039456 -1566513441 -857461538
1012435525 -954023671 -985314400 1318452175 692784715
1849916528 -541041039 678621242 -1093274555 1716306907
-560423784 192047302 -1222885942 1053089952 458213474
519282424 -1932066125 2000854296 -577297894 -1107551645
-9554851 -1903283669 2121119446 666969121 -215840390
521989943 1162524686 -1468704575 -1133222398 -1050908343
1224036120 -451854183 242300226 -436718312 -1654335439
-454004131 1882933548 37169624 -1587717533 -1203101977
845635438 1686886718 1456635756 1593011448 871239738
1536452839 1247330902 -952147157 1782520719 1423362721
1151693965 -1576951234 1384706191 -1635466184 358534511
2131522113 1251136462 -443652720 -838887599 -62908233
1825593881 51394767 746462174 -526618889 882337558
-1920291439 1605682557 48544491 1867329131 -1191094786
711872143 1409149336 -699504301 2123687122 924602464
516829386 -1664102874 -787581057 1790413460 1393438216
1613845641 1476252570 1140158449 1001915394 1655926110
1479370116 -76708050 -1638111747 -1980649453 1025546504
1299054318 -1851994237 1401620758 -598395935 -1021970294
-1494419384 1782422717 -114870816 1166980828 2003929068
-825830780 -1539913053 -1682984677 -424746061 -1832948354
-379085926 -189326231 -1938955548 1291204585 -1276862520
1099491057 1456890523 -609172112 -905045385 -210997641
1538372047 1713316060 -1450784869 -1968001254 -1993498569
-136700925 -1337236050 422816933 -2126480499 21642414
-579252299 208278759 -414563662 -525029595 -1524552958
-1553028592 -213474021 -182612305 -1463825894 922231742
-1674903734 -1852676006 268353722 2093550825 -1179027209
-1095569826 1158469137 -1989154972 -894018255 1717336362
1694928701 -342012955 -1962083512 1766616093 196896651
1466644716 1322989993 586235672 76605021 1129839425
1522929136 1813341380 -189237479 -610476018 -1761202730
-981669306 1017089778 -833492335 -1720999155 -1187188564
-4025879 -828660338 -1632362483 1219145054 -1169011793
-358346948 1379782104 1621284266 -723756940 109824325
849965818 -1622149114 -1536833550 2132321745 1284151895
-987485133 -760501708 -890809276 1916992791 -617033182
-1015551961 -166795544 1921777991 -514025804 1298167706
-1828298969 1770460022 1388874705 167331130 -39425892
-1852757896 1385634265 -1371588214 1084055754 -289823211
-521340495 1473520156 -1945257163 -82113354 222280320
1146968063 1325701845 -1734259199 15254585 -1030173019
-160535088 -310726063 -831161863 927783882 -1399929135
-241093412 -1880466916 -1649211162 1981777955 -1611075083
665846320 -956206894 -823980676 -1189999260 -450606289
-1021931958 -692090227 323402062 -1346413160 -758072418
754139312 -754138398 -175739961 -1455321180 645449182
1921710488 -172584935 1049824970 136645138 1887082720
1525524999 1370742583 236492365 -751501975 -2056160336
-1007550166 226520427 1630691856 411110135 859697653
-595621268 -1034503007 863184194 999510110 1753073985
1115671778 1565022304 -744409900 -1278324394 116897350
1115189978 440012591 -1923860922 -698566904 -2081185994
-1791170515 -911939167 -360923295 655949105 1612773765
-318716665 -841006025 1502782653 -2053228033 -466629058
583290300 381553908 -932706835 -1970939685 -1655263041
-1163884745 -1329756533 -953235653 1510255854 -1659107316
148796209 1379921975 -1638826974 -1235771074 880188278
1081278113 1033126118 218342897 1161238926 -998585078
-1941307656 188718041 -1676907449 -1021933785 60924580
1282206390 -1433313917 -1915963624 136284514 1382514856
591500108 1266211058 -120576669 -1364460095 -69931888
-931556381 -2073383367 -388270534 1091457585 -612488765
55554449 -696807852 297572118 382469662 -1303292182
928034055 833146606 312170064 824520966 194475232
1666246304 -874431875 1976479661 1861997105 326434132
-1167262480 -1035257739 -1850997210 182258083 1722949223
556035458 1009605258 -2009783949 148097957 1780753091
716169146 1160510332 -1335679831 -1245661138 1756721897
-306832016 -1682895442 930716738 1667335899 1819459475
-956824788 -730614287 -2060974916 1493701487 517906223
-1678881036 1121934182 -2062374259 -1965793659 1301670805
2076698624 1452822362 -390796145 1185413868 -1643426189
1777959070 -1741485463 -1658139645 926284666 836965234
-54588744 -225066434 -359346291 141126092 -816700426
1045880503 2116583893 -1730579323 -2121424840 -2069181918
-1966255652 -733526134 -726963394 740371584 309942609
-1191989631 -1483386601 -1778714892 -2078675282 -868994989
49909599 34371345 -271294207 -1646430589 304829893
524145522 -2100169578 -1862066886 -1441293646 1212277539
244991018 -615300712 1078102080 -454896887 -584207375
-796414346 399613745 -1330714667 580066858 1575711463
1626158265 -303011292 -1423390881 594906058 -949652785
-682068809 37575753 -1693638979 -1937945198 2063800613
-1838564559
