10403 64 -96787870 285728453 -103435056
-1993164369 205469459 -686651509 -1029318041 1192169544
355565038 713172872 -1692777657 -2117370402 -1895880421
-1643993061 -764319189 1510717941 81091713 12183925
-461311147 26286635 -518069266 878338486 -1631210686
-553279139 -864561616 -969890203 278415260 23013667
700631005 523607302 -1283919096 813787461 1267855451
258513804 -1476516494 97414497 -1666595024 552831638
-73488112 -55609406 1253954224 437144240 -759954087
-1525363160 1115656416 -10723912 388485725 -562895030
-675068454 643338582 -918429251 -870344931 1824958410
824748574 310994394 -1480268338 -1843034539 -745418497
-1284727071 920025411 1817957899 618533787 -1081552444
1530135830 -504306332 -1747547471 -1471806959 1969909100
1626619577 1740369922 -928164374 -1159797217 360140953
1804190917 -474314782 -1907034831 1876892841 738989534
206711879 1563866713 -596895828 1335124581 -1809252245
-1001441341 -1943465621 -1750770250 -243025236 -1172802743
996694375 2013085907 439233957 -1126654443 -36443265
600369665 -1337688634 -976483090 1023294359 -1700574458
1994363390 -485519914 -613338874 -2011270559 -210568538
-1325636849 -1423012361 -1253088176 2087277675 -1522378378
-1421777929 -2137757127 942842305 -685277984 -1485950678
1671016620 -1111585291 -454826204 756551179 444431971
1937348560 -1211575616 317407361 482431703 -726115116
1982297993 1882648507 -1965272572 821158015 1709258950
475529327 426469225 1175182 1595676717 2041778788
-1285527138 1498603991 -1490583990 705180170 1314285271
-1951522547 -247821865 1583105797 1901794123 663556989
2013788702 -122840265 -1619895716 60256433 -1511609114
-1010710797 -1858203724 412358552 -310453087 1967462883
-1988005691 263080962 339002514 -1030630030 122073756
-762372348 1730905625 1365681670 2097175759 -927732576
-812339962 206542864 372991321 665806344 -858232985
1880865297 865153737 326712543 -1608235379 -194797811
-1274133087 -1290335424 -608724370 1007538975 1967887866
-1182145306 -1554157246 56784669 971625799 -1802270260
1536957399 1748502401 -669107655 -1490673482 2100579101
1776995807 -1676278027 -667871411 -1354558533 -579569846
-1725492621 726735385 -239069504 1846483994 691911492
-1898825815 -1840182785 1042839324 -299377591 -269324945
1652705016 1411650233 -1489279284 -1318394653 1953174757
-1763610641 298721769 113198296 -1193297653 -668286121
-1666807011 -188547400 -1749120013 -1181172823 1451420961
-919702211 1821871441 -748679951 -1882960475 -657290265
2021576753 259337170 -633971920 -1993618990 -976409682
-296214851 1102069948 -2081276509 -2142924227 -1286617705
-1727176195 -1185180985 109967384 1576295577 108029704
-884609147 1640514030 -89620562 -98590282 32897341
1905111421 -1130356341 -103865373 1304376793 1450626026
950420471 -1804002132 122587420 -295531842 1922042178
-2023953382 -20256969 112385699 -1050732619 1133868762
431599707 812251186 2100296463 40174191 -676214639
875696454 951787845 331656639 -1119378570 272819573
-655041820 -1684769553 -567412965 -1119968830 716784311
-1520112960 735241944 -854674048 -1588546560 1111421775
-2054108657 -1287522755 1876947715 1790487343 2059548183
1491812877 -1302005694 -961231069 -206358435 -89450911
1386559388 1643208005 1049690142 -1522102761 556026697
339178732 -786373114 2051286781 -1509739802 1212696777
-1809283157 137799896 -267895381 797606732 144297797
-993893987 -1360455526 448676245 -1498245089 -1266513218
1677726856 -1337356529 1284052758 -2049607323 -1794802917
-80424656 783616670 -448044423 1343658316 1522320996
1247986553 -1019782596 389414195 -1914138386 389249264
-388835818 973660839 -215978879 821408829 907916213
595492351 51733776 1111477616 790465817 692105114
730748530 -1022639238 -1759508617 -785993261 -974979433
-614126512 893240524 276976446 -1412373768 -1707246014
669194691 -1640530486 2090592628 40987540 -1175268858
1808245339 -383936587 -1469381150 -945545805 -1000620070
1365774881 1733491533 2135716242 -92596991 2074996662
1416072264 349327844 184634689 160540516 1145757428
1902060629 827839614 1733561859 1478542873 -2092269668
-1178907992 -1971222781 -929600081 1577998667 2004362107
-287593266 -690375515 983750968 -705501955 2137287482
-518073003 1660022858 1766503753 1743301110 1620596370
540885844 1009340336 -1409323649 -309261678 -1524817211
-591426004 -771835255 -1769891903 -1983836712 400151150
-494934465 1320478191 -1822103031 -1491661474 -1754466044
886765223 -598718725 1223214390 1115986506 819702406
590410178 -1439813142 -1805572371 1341633512 -2017359242
249940009 -1686012637 -1791181721 1888005654 -490776492
-1718326102 383451977 2006919207 -1805577932 1238748223
-179970274 -537027990 1013182601 1609524970 -1516718366
1718024747 -1407173401 -1611551024 321422760 -300775786
994879298 -1671793875 -627123856 -1142088249 474549586
-1602915968 -1720244701 -1639766933 659500212 -1283565904
1974209297 1454561738 -703716107 -1244784895 79066881
799410224 -724692152 1679075035 -1872262004 541392649
-1514372019 -1782977218 841433983 -1073814853 -848104303
-989001074 364604776 -232558215 -1015658842 -28045682
-844536464 -1268216779 -2029843506 1862295011 -37319500
1024907950 1864588510 1663249946 -118524291 -286963309
-1602398144 1107272616 -960419454 -1794388245 474539701
1673128365 -1345744293 1250888483 297135855 -414582851
1552852800 -1880332865 -1795657625 -2104941119 -63854190
2040736172 1868222002 -1493030910 759960908 268536574
513661540 1716687597 -736849554 1919970306 -734034297
1483606079 -1507785600 1706392972 -220064916 996026567
1361964998 776721031 782905565 -1031365035 -1031268271
-1660498719 -1520536061 1170581740 -1619274576 -1898489146
459083193 883997413 505950653 13205879 -1154766214
-1423885407 1325025237 -122900229 2140325732 572868787
1700121217 798197743 -660001887 -1190188956 -660416799
-719680389 1904315750 1582006320 599234957 -1024719897
-1397647548 870262347 -2049608489 1742214782 167906256
1557792214 -1276559894 -1493209737 615883983 104019971
1581335317 287153101 2106520910 -1647483780 -67555603
-1391407245 -481181314 -990730611 1058021718 1015496881
2100025353 -458094601 -880375246 1089814497 -339902832
1964221072 -392466319 1881166844 1391386513 -1841292529
-1101119885 954300991 -654806911 -1922870700 -677115826
1589497424 -624137484 -624642705 1058426287 -710295512
-1101361668 -1159304016 2132723893 -1870833740 1424012408
-1057318427 876298756 -801764041 -219919753 1006457174
1713279416 1725470441 167151840 495907390 -2006431872
680630235 487743032 1640204162 -488372711 -1009036524
414619814 -425118251 50489474 -496392128 836345047
225851349 1845265305 1093183269 -2145961155 -1586948468
-1977973220 259223931 325542203 -2136500178 495412417
1417429379 194284559 1460893859 2014154705 -151505544
448660408 153681182 -1849324717 421458983 -162761979
-211423238 -1829402344 65412764 1378635487 132026201
-1382036304 861235949 -776791120 780793136 -994622884
-636838801
