10403 104 -1056682322 812797227 -1638045929
1169589311 -123348021 725205570 1565485943 1843650749
834314927 486002103 208757234 -1139798272 -772326557
-855018328 858901823 1881274805 -404076427 -63150972
344691531 -23222045 803421668 -1221026681 -624207188
-1949730583 -58345431 707542407 1666631399 121031947
-1455415730 -789426121 -1301181698 1589511574 1513260843
1245900234 218644233 1518816602 1837542991 1045491198
-545053671 -1717326093 -414688905 -947211723 1258127657
-394118488 414190825 -1364829038 -1578324999 -1094070505
1369959308 -906665799 -897610477 1855642899 1898039795
1693498071 1365144651 1217366516 -2146447390 -1506964793
1237792712 -943762839 -327373248 -658971837 -2027407311
-1003385089 1093443073 1749428452 1543854558 1395335124
123893393 -1444192451 1712213898 -243553470 -732150309
1875009080 -1394021532 424945123 -437084829 91601787
375444953 -683081300 -1738726421 627336446 -2004368211
-930196456 -892549721 2067867997 -320567886 -1042941786
1286121858 -1349988477 -986791029 -708232361 2143615355
308299306 -1181359010 1348322991 -1973731272 -140625207
-724919429 -1299558958 -1184705422 1843786485 71261620
-1235836260 -1077775319 -1986813885 -1849763318 -803383438
-1213956079 1486428915 -154222746 -891684393 -1339126209
-508036378 -833030787 1603066178 214859118 -185557151
869457077 1372063617 1631181644 462982079 -617510348
1946442055 -495691103 883446452 -1394658032 -653326699
-1735038835 1137255958 1495787207 1201992608 -505554325
-1320968982 -1749165431 819408991 -556332264 -513704010
-1438215261 -2093745596 -1756468729 -689128733 -1107480343
-1910419862 258987920 -1938508036 -1858133261 1352503142
1598514272 -230817775 -1361815946 887954776 -405199694
-791492104 -1469808847 1531444711 1582628977 645004737
-1210507000 1792073351 752192782 -621138747 -243575135
450079852 1775396246 -1423531870 46867042 -1469942383
-314268042 1440302722 435886319 -173987717 -540127534
-1395890814 335876808 -267619869 -178064580 118059345
1921403872 959820914 1297222585 -476370789 -391395684
-631587132 -2086719951 -194643793 1650845814 478351368
-1106752655 1047630821 329923778 -669842524 1031218502
-817320729 -1193233849 1541221827 -273416349 20113451
725345568 -1008910506 2023538363 1136238333 -370974712
721595260 -39167864 1792660167 -691527453 1209796717
1839333229 -1423859588 -1622953269 -793274538 517176776
-2018037719 -644036147 407014379 -269224156 615768687
42036282 -1687398049 327614940 1533165416 1278139935
858939441 -89090524 77027842 1599182326 -1506929303
-131295958 1963876947 954342514 124118011 -488606278
-1911954860 1990012713 -491973553 1013270001 -1468037463
41381269 1978144516 435392942 -263357073 -646410773
1528905806 -1228615689 -548614671 1535903111 1554052766
249082446 -1557315500 2027255152 -1277058645 -1795361472
-1811548103 -332207547 1863180372 1768518439 1484738483
1542078659 1232421405 -1139160691 1987749075 912235839
484351357 743894540 922699053 -732538306 -1111529725
487019291 2106811861 -268223639 -1119266829 -145609353
428122199 1108232825 718858456 -526516705 435866247
1046864297 -608683739 1781468359 -1566315098 1056098747
-821223485 1787018535 -1330172810 2040671719 1691028867
1158132263 -703882087 -1719826684 2145532477 10047046
-2101228420 1394276255 664206627 1684658697 1626382642
466905068 -1611228794 -1687009724 557015007 1467738691
2108744651 2095415993 -1976647759 -1740709950 -377856998
-2117539721 42042827 -29932574 762800703 1927319259
1704533368 1205252887 -743278771 -2140950445 -171652456
2097030814 -1314554661 -920148094 1284751189 1542416277
-1438138204 -1329681188 -1964362548 1565069267 1724462046
-544466655 -406517210 -2144073704 -249047346 -376552280
-2127123482 1427269621 -846305973 1644968909 2054104575
-1533093757 -116720669 -1640995517 1629806780 -1792529065
-1136043554 -879772870 297484997 468530952 1225389656
-697709344 -1862703447 -391434248 -499722101 625014189
-936483453 -1106791214 1393746661 218067639 314592131
-913995673 -1178708616 -407170670 -2014529299 -50182832
-1143881802 911806695 1121006722 401914213 2121078199
551635169 1180971667 157626615 -994960704 -1991470755
-394930809 -670495367 921498260 1492489275 -1016415033
314228600 1169082016 861495580 -294678504 603624525
-1907764512 -625385692 -1813779592 5318660 977730840
-515768599 -297520076 -277857609 1893530023 345874146
320650055 -1797081895 -1697104898 -782748465 229905764
-748242761 1188212639 1171845562 987273077 239994979
1197751005 238815982 837769954 1949641160 1919283318
-2025782050 1211019810 1358742004 -1764069945 216503326
-1948440619 -528113049 -736666836 45459465 1998849323
199812917 -401732711 1183725298 1566580008 446601892
-1009486439 -839036972 2029118609 85944123 1028712754
-953421524 1129377490 1790641782 -375950745 -1351893418
1975054127 -750834779 1092320681 235005684 -1718704143
-623141377 980241036 -2103953035 1718046398 -863850767
-991012654 -1886657103 -1329750447 35041860 1511835410
2067807485 16033459 -791254746 426381042 722441322
1186296598 1722695019 1850107134 183256173 -1755393486
-2030687515 -740586374 863800230 276050605 -615944691
439655560 -1839533381 -1137231865 -624338786 1098512358
-1169337098 -240824117 1880319056 -168049226 -875017901
156430641 1385384890 -1511494535 -1255839534 -1940863324
1493897731 1611765519 -669908641 -1412044437 -1826126696
1388032868 758363174 -2086628705 251929083 455175266
1070164 543012316 -1747172894 -1401308158 1206806364
1960126744 1198774739 201055441 -1393448753 -1105275788
441998300 -575480975 -955310706 -321514510 316777027
-865995846 -2106593048 -1257647913 952259776 796507264
1769671339 -568780359 -1817119606 1653923347 1303924326
-1242988742 -1422139469 1967529261 -525726550 -1708771992
-651176254 -1853829943 1066619532 2164476 352665865
2141139090 179809326 -1757560609 1260764553 1872580175
1949472939 -1361222661 -1312947121 -1474026674 932035699
-1195356573 -1715225565 -261724198 -1004491331 -1813685551
-372721746 -1994888835 -449753913 516435951 1271916342
2079856224 660913311 -1875721665 -959148187 -1838511784
2096509370 -612791049 -75266600 -1640061867 -82993954
-443360521 -2143757202 1672231209 -361650011 -669791430
445958769 -410253043 1611061919 -2070229525 -2006779056
-352577704 -119301063 -1178250542 -1439841001 578620418
1226509590 1983684739 -1082025027 946116558 442554789
816967283 937325041 11892575 -1892578619 1920529818
-1922516396 -1369681144 625434461 -595326100 -1004681750
1361585162 -1625987313 706894887 -186663834 1851047844
-2144969237 -335184732 -273321950 1070477327 -1936015311
-1476673487 -279479795 -1986564254 -1260970719 1449914923
716494815 -1197326941 949136284 1385373560 -806356245
-936448985 -78717689 -153040566 -1118569744 1342500786
1260287330 -1731867381 1206370154 908626924 112370764
1281117886 -782951555 1671566471 125404471 -1323421224
-2086877825 2054104675 -374048243 -2046050798 -877285424
-237366376
