10403 232 -141092456 1873503058 522506960
1571361297 -1124089698 -1481117563 -732107673 1434277558
1613830811 -585005912 -1842335271 -1637866131 548991590
1363856550 1574357584 272237441 -2100341046 1688719382
233158655 -937255726 -1508294888 1721409429 47133510
1703050283 184654035 -795945745 1763150622 1225018013
1816656924 -1941639300 -972003885 1747479230 -677160780
-1115019566 -821890464 1494357797 -1238450572 -1678237514
-2122244667 -1837072928 1011202269 -1986197582 1914119878
2145944123 -1636285393 -699669997 -511535458 1805155679
-1281205016 856897904 1477950764 -620725702 -1575850982
2146326526 1429225400 -803199093 2074489532 301251444
1411806375 1636995757 -129470442 1620852098 1881724740
157022304 -1004902153 -1926118913 868578397 1491652218
-489467551 241146205 -1768341634 -87423739 -967260531
-539022619 -2123673400 889162097 -738307857 1269509987
-39252623 -1189109807 -1660424808 1973367419 -318163171
732595940 -160317192 1973734177 1012989801 -1203436573
-1979968560 -1907797831 734953899 1612716549 -1718652261
-1984357763 -1342654489 -1248190382 1872196335 822353100
154382546 -45769246 -2006432121 1292859678 1939880551
1650870531 1298213742 -143340928 -1964392683 -607172289
-1730962869 1273698290 -1806882748 428233472 -390324221
129744218 1712097049 995172850 96428149 -503580382
-99985609 256030063 764845661 -324561026 -1139259728
1788381526 2005613525 -117149728 -1876158237 1063647700
-538835671 713393785 1264053200 -1085587802 851406567
1604341279 614329163 -11757959 -875065286 -432244509
1897664816 455077337 -1222273008 -549949123 1744151760
356109206 -716252497 -792591283 -1419043114 -1524351844
1912186257 -1466003513 2135364100 1969861371 158696023
-756494563 -1423574276 1278396338 -1316386887 263930919
-1910097434 617262064 1719935848 636460608 1535344865
-169342278 -165613012 -372303996 973790492 -163330961
979413392 -1101173591 -2122413857 -151534637 -1302337991
1844267170 -1278234624 598084748 1352040353 -1637594273
-45474439 -1223114680 1249708544 -125699292 1697094513
-1213988216 -267575513 1585300458 -734495212 -1579583086
1275511161 -638256970 -121169952 1190885577 -984829579
-522212782 15560450 567404568 -2092793901 499030926
821202564 865923449 -877823987 168624203 -1826694688
-175849293 682527185 1624885770 1007708201 213273605
-306327761 2111273301 -198224374 -1941950985 714823993
-1529476117 -799200088 -220291157 2028538157 1167825074
-64964996 -724255657 -1194149754 1598705094 -1162336043
-1544831798 1907992137 1026646590 -1894722238 -391380078
1580550169 -1649305371 1443642453 1410851972 1749937447
-651225876 716572598 2103971553 1717338457 1073531696
1760047275 762462177 -1631366959 1444258186 2092467197
-1661543682 -961003325 1078046133 -1527074423 925905413
-1058607804 193481342 1130544545 908113128 1164745178
-314152241 -479412952 -1630056020 -1539049680 1616782196
-1322208598 -449467723 779494170 -547241549 2123756971
1590271201 773731779 1009442840 1195490182 -162793327
-1162572086 -785733004 367000779 -2106860496 -321047309
-1629637070 1961743912 921552123 -2039556291 1417885667
2024162349 -1285335984 234104525 -521228377 404531433
-743100643 1455845205 1896196569 -1549231581 -1936314247
-326359103 375650445 1369309053 -557726360 -1751020137
-1829240463 -534167626 165180334 1644262856 -1162663569
-1286754752 -627028124 -399262952 882828816 -1983986124
-1286484213 -1073876880 506002613 548802322 -666821738
969516258 864334973 1630136058 1427668443 -1151360499
-105370771 -535884353 -1262363942 -124365048 -1989426580
1151416939 2125776586 891423035 556292527 1019757643
-18745468 -1937553451 1009555479 -349283480 -553700644
-1752886735 -1224099337 310632959 490550359 -1180254933
-417034093 -1667330046 128944210 30908385 -552926727
1125501458 -1184054603 827747121 -1742021243 -143303351
-978941386 -1740969116 1764099664 1355404538 756140038
530813847 1654417458 -210183190 -1460907189 -656863174
-870034624 1089033533 946974498 -1045306713 -979681845
-409526409 701543033 485738087 1771852284 -1065983553
417073951 -1416995283 -918941593 -999461673 1725737210
-1328872397 1462613616 223774873 857951427 -1319902664
-1782035249 -769818794 858253931 -420031874 496448522
1630790008 -1093005142 -1032546554 698139516 -423743531
-1308320766 -789098343 898666250 -2118064774 -782920483
1175856164 1595794853 -190955474 -387714484 -1299826536
-964567984 1447833015 1925031381 677161252 1927621632
-2023818510 9973548 -1677636916 -611751725 518858195
1997596568 -339883356 -1966667931 706148531 -434056494
991798337 -822659128 1205247029 -1759765923 -1219045123
-1168103461 39441435 -105457378 -814785879 -103245427
523752571 1495835283 1084704233 -104428086 -1879668074
-2003189880 -615910170 109804713 346773428 2043847013
-1085293666 1131204906 884427942 -566467050 1362835746
-1356078980 -993167618 1184823533 -2053419311 1828955050
-1676383288 716143109 -1780103621 1913013531 -2035366488
-1126421525 -934111922 368586410 -1579806358 -1077411916
1450618095 1019889248 1391038383 246009125 -1643180025
-1700753850 1164721445 1659399094 -656435990 -38547296
-1308605761 1309029503 171508717 -2068212185 767435678
286066184 2098327099 -1129525373 1397262390 2128518647
832048227 -389847908 -471994740 -2111397471 119949342
1843727826 -705285567 1316211109 -2079483724 765236973
-970892758 -1846104986 80841898 730563455 -787941942
766370271 1212712478 2044196471 1112804171 -1590886848
-249242824 944941439 -286347073 1460874697 1486770781
806420816 1942765843 302403552 855863679 -1257784858
-1087533443 1947779225 1449983473 1591026735 -1815626559
432993873 1710234824 151747193 336883227 464645943
-1262318063 334246832 820899316 -2083290517 1086143753
-1034786947 -711831939 2141382513 1409107651 -959001727
172267644 -1486003525 -457224441 966972400 -1129254267
-240787897 -468034445 1466633591 -620872305 -1238279306
1467081663 1304207608 1261443741 -1006527507 663441563
-1549272799 -1182515578 -1578587626 -241747080 -825931221
-407988039 1537520854 -1383929029 -1586827589 1007374972
-784814375 1934813733 -560051287 -441169037 -1783738277
-1334441125 1309238484 -1522967758 -1286184643 -1807440043
-360569236 -1888423614 -1738378495 -1331522030 -1429991664
-1053238651 -155860062 2112717175 -856161990 1931867964
-1023300661 -1797184117 -1061103160 -381933686 477775059
301628461 711006446 1125442876 -953137990 1685215958
1124632979 1813163794 461510551 -1388977953 -168221203
-2000834180 -1372232364 -349582148 -1384777363 750539421
2124843979 782896829 472913961 -1362383837 -2140630904
-7127761 1188994334 -517539454 554449252 1126015239
80459140 87374107 1148219077 -1607605808 646817306
-1422947793 791608408 -251167118 -145873908 1111871339
-775525102 -2036508413 -1985974267 -438831756 -145074658
1922099206 -315656463 -1229583668 -350906420 1382025603
470363385 627020636 -309235700 -792830224 417840123
1505986223 -334904314 515528614 -1877572812 2045107319
1402414568
