10403 528 158130284 1929907038 -1846177068
-1560047983 -1240187557 762642308 -462492972 1709508762
1815674175 1293654631 -2020104584 1031661200 179273131
33285892 -1518829566 1831949611 -1934723795 -681713901
1522250015 -1112212162 -1844792904 -2043093191 -664393123
-466290603 -1072643122 348638986 301808825 1798783703
207767578 1285812855 -1451233759 -1758620932 -963985486
-2027703052 -1756581930 522465163 -758106215 -480639870
2020431970 -1073591632 229172621 1372906797 1082503818
-180869190 -1938840791 -1472069150 1556603488 -1545796239
-1418132197 1885105241 897278617 440785008 -1371542890
1107035295 976423123 1757349747 611722316 -1496747744
-1424315589 275735169 -1248125656 1531371325 1790430239
-2057180382 -2029880576 -1383343486 -15443224 611807685
1824485119 211201272 864770128 -2005185146 833420411
-1784486581 -1228181724 1910062892 1704830247 229036312
-1081569946 1613034495 -1561835223 2043937999 -545752261
-1865899254 -1382002700 1071560453 1031512561 -1229019815
865997602 1042045606 -64604515 1537352283 1257713758
1326191011 -2247523 -880410904 -1183406442 565593800
1195311002 -764031873 792276829 553844310 -45305682
-82819412 -767116983 722407265 474830886 -1425972090
590038101 -1349061418 593140836 1817158661 1610210903
-267076133 1823302834 688215254 -323151852 452080184
977143887 1168412966 -1184547891 -18825944 -1338011758
-427528303 1460960152 1438214280 892898389 636795149
142247519 -1340474132 -1165287185 1189695863 1410163793
109429403 -1756223544 -1681825649 988228230 711318127
-1080433719 -434697344 -1125207389 -1624593143 1112654736
1595404572 1707039530 -1829171619 -1085884920 681593572
555822062 144937866 1817706501 -177573756 -633964941
1148984206 -2078021964 -571062909 -496021698 -2082714490
95494047 911743631 1012836137 -1702970978 -2002959851
1001739877 -672184133 -2032117595 -181982026 -1818176611
-1288524164 905221181 -2113448845 -1057840466 1714051351
-1687460388 1321624729 -272100840 -1345897836 -1185824894
-528642877 -1264729254 -745593518 1403448947 1478305444
1634852136 2092801253 819745141 -849927737 1332346569
-1790421758 1491974263 -818387070 -1788617209 -1575279013
1262017941 -1916449618 -987166317 133156983 350660424
1043945987 -171994439 1097658310 675598786 1366516212
-1609559120 456274513 -991086066 702468391 -141189554
1881151870 951100844 -1599812055 390171320 -979794680
-1902723567 1684969262 -16409958 -1169738637 -250863701
-595348583 -1227295861 569310876 -1208843727 1896962920
-1458872427 1468460165 124445527 -261117644 72119505
-1168430451 -810034882 -169536043 1938904699 1259398444
-1972242464 -111162578 86322 -991925621 -1332402888
1211042573 -1386460132 895045720 -1868399138 -134483761
-1730465210 906249670 781500951 -1963120624 1611803468
-1718394343 -344521959 1250337939 -242184115 -2066905130
1407043955 1125890678 -1367717349 2039777775 -1939253231
172726074 -1435341761 1759833243 -56990804 354893055
19003293 -489930198 447872230 1397844032 785473812
-1592602491 158132042 -1955807477 429022978 -308390398
1334964616 2087349269 -80531676 -345796740 732470325
563151962 453596542 328010087 666221423 -1698323718
-845036061 2076532685 -1686316658 -1340968038 31986981
-662414874 -1937522766 1716622882 528064212 1434234915
-798999928 -1146942658 -2066310232 -508832634 -1971523642
1181327063 -339861784 961147456 -1746264747 -2073076907
-1020822894 -10837779 110653021 -480971517 1830155721
-2145819114 -863412517 1760895473 816503069 -117429019
-1156596899 1657006764 -29719255 -1195271933 -326444880
-1483953864 -1066085577 -1053210792 1625227032 896693352
1644155262 -800252407 1792689918 1062105296 -1884350542
-627081012 1394264780 926163181 341917506 -1540428046
950640603 128280335 -283370616 1289688459 -2072199825
-1334894987 -1707211865 422669856 1118169437 19316239
-106773573 -964697281 -650028489 1367192982 -836779545
1905373457 -845399438 -134664754 1434156793 -565563142
-123879658 617880678 1920857816 1475240687 -72822300
193975834 315977436 -1142047542 2091985186 -1542085837
854172908 -1901232092 -112277543 -1871814023 -1904614978
463315865 -692281559 1228285607 281923421 12293338
-1179862297 628256861 535927377 -753767695 -1609088183
-1307117296 -552078731 -840669281 -1315031044 -334299692
-1560006301 260436900 -1076466796 1199659604 420595066
1462561933 -1859417326 286426052 -722972402 1869044040
864415920 -563844591 -1634850930 -1097197042 -1942082841
-797582217 820817538 1571429428 -1815562736 -47012457
-2025037581 2069121057 -1735973020 -976370613 -834985555
-1546744652 -1320572788 628911120 32702071 -1197262628
-1665080849 680315974 -1484311077 -1917559107 640433489
-429391948 -1613446700 -83319122 -1899687875 -1870735930
1444891714 -338047039 -111908527 -1337251867 60690820
-89928855 597205820 -476453263 1976792004 1780454030
-451961786 -1255359219 151919857 -1495362909 -180003130
1708353873 -1324091825 693409258 -431774510 -658590106
-2029785699 19556978 -1101858623 -1891430508 224121145
535855523 -1894607781 -1234073074 174898318 -412308732
-1844607013 508905864 -1195000744 905402955 1984634971
404219823 1348089806 1405304075 -1969040062 1884261163
-1828687378 91313448 -728810284 -1914445061 1783460079
882557813 -1390168944 -1748034449 986482777 -150218944
1585012696 522465436 -849851421 1321066304 195749075
-949973822 -122048377 -1384334207 -1639747227 -1846282432
786217848 955738498 1292107953 -1044967374 1800691782
612432749 -989689083 1142472657 -1860219120 -506974659
590807696 509912061 -1153592248 -269535734 444186818
122546169 -920880395 -1047294289 2096508858 -1288704899
-1110518877 -1584448434 -117765226 581754618 795984897
-1554275570 -1941630862 -1399648044 1714087664 1525012780
840728945 408407262 -2017341515 981676817 404633461
610702149 2049077526 222027077 598874712 -755491420
-680361804 1848334069 785350035 -2051683263 1689546373
1720341485 1859175580 -906459251 -810946406 -737313266
-505379372 386526568 -1650148727 885471004 -1839235847
1045554853 -536282009 1704508388 700814564 -1519754042
-357570486 398546490 2089945227 -257596460 -1289906009
-1650195149 1571680987 1040001003 -497233268 -1744269145
-786055790 -1545678834 -932575330 -2045899929 1139695621
1274838739 -497909161 -494565253 -1699156354 -1833543829
1562894276 1446842080 -37254774 -991106722 594791065
-1241058511 167450073 1597358705 -851116286 1216062342
-228955265 466146757 357777808 1117488317 -718969447
-51984762 -1595827504 1660179627 -1317561430 -1315970614
1518237488 1586089042 1617841162 -227826806 -393431633
-339217715 318044338 -1412134460 -645572335 1824534128
-693164664 100602985 1849196395 160422984 -453777625
-919991045 1832782035 2096022319 876295063 -1696245697
-72479232 936298080 1773803993 1676932127 -1608148638
1164634971 -1028875813 2126122676 1108586826 1895535665
-1681613628 -1874116764 1346824194 1684348584 541244536
1901351368 1540635517 -1300797025 1991190167 -1419725835
-1171494344
