10403 552 -2087208828 -177322278 1628802949
242449707 509043281 -1117446643 -1991191034 -133808252
1996531198 -1924732778 -2094460552 1891759119 1394290833
1717479176 43106802 2127113459 -613325302 -1704577212
-587687504 500271253 1498597123 1206730044 -1363957828
397215212 -1145914059 -1204643340 -66921566 932165977
-425247098 957860990 -657890394 -821543611 -1260099586
700666074 -4316729 -1164955934 -558355034 130365789
-1849981936 -774955307 1207082058 1939061735 -1559140005
761017525 -1208675978 319184568 708086197 1308854471
773967995 621131962 263295850 1984515042 -869706324
157557478 -2094887617 -94658978 2072305224 -1209440021
1883350123 1961084492 -931290151 340660048 -1557195300
978726619 -1728723449 610231167 1691539039 752713201
552425092 -97952545 -945158177 2029071838 -1497990867
-1737661829 1727254638 -1885979309 499018420 1688628949
-679041951 -1557290255 1134365876 -395208773 -1672136237
555137714 1025318362 486183076 1508861584 726907705
765109146 -2083816220 -1433335140 -1028475291 243607452
767052184 1924438525 2037659969 -1163548119 -2022397971
-1730482685 -2084164365 -2070700468 3152389 147838185
-1047616413 324070274 -1060460647 1176332951 -1171894977
2032251382 -1959679752 -1192436825 1704824348 293822229
-276089245 387150184 119834719 -211536573 87359029
-1325617484 256820342 1889700751 883732761 -371684594
-2080218844 -1699542736 -1059458355 -745373162 -515937993
-2033588113 609187446 -710748172 1143789845 1575729802
1095232035 -1578153336 1347603926 1722841127 1036807891
-478439325 1277848599 -166587451 -2050176806 -1586698578
1550530019 1716452070 -1851078938 -1105846548 766493690
273496118 -1121074408 2051922200 1225091312 -2145848796
-1511244382 689991341 -923955983 325360027 -2111248907
1583537853 -876961138 -1906508606 645529729 -457109932
-353597813 13708291 1504769879 587864376 -21503501
1751827175 588479861 408669164 1098830806 1257049634
-828727366 1285297084 2019562141 476637276 -538302934
1187463024 -854834932 1874494558 355127053 -652334157
-178179159 -158815775 1413390951 -1443480484 1539510587
2043459354 -274979242 1128170650 -1532308434 -611899055
866821678 -1587272455 -1445069657 2040925651 2060486662
1444249862 1015520665 1234381954 -144774220 -991031681
716417825 -721113310 1642681222 1791851329 1134829158
-228657326 -632568474 -379467389 -938986959 -1493934784
382114948 -1658770263 1764158539 482432255 -821379464
-1408700753 -960479836 -1936764441 -733137054 1405472934
-1161778117 -891357109 1262785927 -1303563399 -1837522634
1101183896 583394289 -1494680690 -502984916 -1256628323
-1653167920 1333566143 -430767918 -1340730129 -1021342524
-1895867222 -1614195275 -1807701166 -1017094265 431031307
-1972361215 1338517532 920666253 1586545720 1430463040
-1094150924 1116841945 -80624370 -381762917 14230980
-68767417 934488196 -1104635742 1642504059 1144822421
-305765419 1234819481 -203759877 2064814527 -542132313
1411906332 -1665801990 616429119 -493338452 1252101128
1656675353 1939402190 -261848061 -1523727844 -2116053766
-1199581614 1792084152 139865968 1657092075 -1159324820
1073163942 -2141505722 894021844 -572417661 408704189
1878727011 760899232 381791885 17498338 -659827211
2042133694 -331544580 -1817420321 -892985687 -2012540562
173376345 -2026064761 537272478 1291088907 -814722020
736117320 -693125734 1327525518 2045282321 -48999727
191888717 1980144315 72616189 1700900692 -1894468315
655075981 666457575 -648357825 -248197138 -1745642740
-2091794163 -1869029022 -1082993284 -1511125702 1689125276
-1181960977 12252718 1414238525 -1544432235 -1027834927
-1878196497 1890658841 2007348185 1018547459 -474283635
-1795955747 239371157 1795022610 971664861 -439946769
480637042 -829556027 556939326 28873539 1961255529
2134253894 -569852586 182419851 -1061670745 97251935
1635571896 -1509241533 -485846853 -2078147332 -1019249193
-306600848 591018311 -1790377439 -335750815 -2046300646
705303376 -1931715156 1342616610 665421712 -1636572300
2027402950 1107250166 1227614008 -822645184 -1684173452
-2054080297 -864928059 -1675049739 -1162736150 -659001087
76888637 -758435503 -1155118883 571998969 -2147018321
-540057596 -1141571467 712921912 -188972416 -489209878
-1445580698 -1239060756 -1870427344 362245624 1470430045
-508573375 -1378240579 1379453038 -697355533 1719071837
-1476385108 1384989369 1144644276 -84012779 1305642996
1721182422 1918136058 -485089852 -1200819634 -512555531
-1346600524 803840560 60222806 -1097396142 -947769676
588770317 1547018607 1901941195 874857121 -416091135
476421531 936420024 64964244 -396836913 -2057300283
1249150639 662941064 1834565743 -1163944267 -996085869
-1986124263 -1214292900 -1702229465 -933452651 -1003309399
1453721600 -252653807 1365849726 -1443311155 -1874851625
-1044740919 -22217371 -455486896 892360012 -206906135
218201286 -1589907540 1689196551 -432002058 -1820501403
77729405 1771502520 665952333 946792099 701417639
-125234390 1223834041 1903598612 1817559723 -1240592402
-1289560094 1072214125 1212353101 901003662 115147055
2024519524 -314202831 -1850118872 1218080213 2026940244
83308329 -1651311883 -882989817 -1246062047 -1965104389
-1001510401 1340994038 453854460 478973530 10279964
754552820 1440796230 1104192602 1647339142 1002861546
353363319 -1417885023 -1995520631 1975638392 -112025017
1069074936 -1637418700 1074334313 -1460229600 -1993220706
-676441346 1771989848 1829064242 725309857 575274725
1724644095 1166935712 -2039427893 -646282329 222920138
747078798 -1215909931 -772219694 1457365073 -403302063
1308820825 1517534064 -1179632277 -29131213 698333283
2054033963 219752252 608382387 307271251 947885521
362747251 -1373365924 1620441984 1048085066 2095942687
1992790062 -1544780025 2068436211 -1658992692 -506963079
739881939 2019487324 -1237417523 -1322765707 1011436791
1277715616 2072887263 -1881006979 -2131300561 421113460
432349750 862789731 -2025124798 135707297 -785226576
-781933654 -1247492329 1042628412 879435423 37465681
9225727 -307479772 -1107252837 759677950 356926571
408264282 797727599 -2014263987 1595563665 -1745885792
6494982 1444454153 1907201262 -90010719 -177048001
-1501398416 218988331 -597533548 1701322864 -1959375153
-284658043 -1189763432 -1016505439 -1972386681 282304661
-769758620 -15078140 766965202 -1968837437 1282583572
1511804191 1795758318 -114482478 -1497241852 453785997
-697114174 -1797687809 938919543 1537125108 1587974719
1342178244 -1411132725 1014203348 267568526 1111714378
607999579 1914877340 2039835087 -822499871 907722268
1712912779 410930758 1820294199 -1754533742 2006486359
-1633682022 -1687073208 -1590589333 1383408023 2112837124
381277855 -2063060358 -1754529476 -749064836 1117054658
138035320 -1501513390 1515376999 1685802107 1577382537
1781233928 -714392599 1541114765 1781137614 1724578924
-1050289996 -1584605586 -1474092709 -1843357006 -1286388791
-1138127578 -117058543 2131304805 -1827292731 -908090686
-1180226036
