10403 440 1189586617 137374927 29469427
-1744834976 -268080816 -931006614 1085766118 -1598648547
-2128595671 -613277036 -953928551 -795677573 1300797937
1695332781 -2071608781 2044544715 12593359 -1114387908
-1369500179 -1527881533 335084772 -98105665 695728667
1515723665 -1509980921 -304835284 -4071835 566882262
-1872011181 177536044 794460907 -2020806736 -1678885141
-916337719 1610783656 303951562 -267602741 -1531415893
-535519350 1108461036 -1099336728 -973162142 70827742
-1221464955 -1973405219 -701681936 10451861 -1087393371
926477936 768593037 -549223336 -740304984 -1926383567
996405650 -1407414180 493389668 902648366 -721055033
809565447 1817386364 1966323612 -764605038 -638415170
-1208256132 -1109153692 820854115 1201925144 -967707811
1358878235 -591799160 713198147 1942896851 -315363051
-149132685 1260979372 -223356866 1975509826 820524199
-48439088 1065608505 428570192 -812476502 1958956673
1273251853 -916747494 -2064616252 -1113087785 -1410968994
99891380 -1185696959 -1754958549 -109273340 -1363257550
-868831347 278293109 323496851 1430236604 -582038401
1412610919 -1621455889 -430333656 680825493 -281193505
-499792135 -1742656387 632554171 -1884823462 1777760039
-1668862673 1516909711 -1522211658 1223300396 1165779635
-1711290472 1924690661 1957633440 1058485327 2001112125
-481764965 -1343236101 -1253224185 1326048491 -846689036
2042293411 -1134493338 433231361 -404090856 -425378418
-873036965 599748298 1953152814 -1872224650 711922308
1886696675 1951115611 1594233557 -486963614 792108467
1198168387 -762103918 -1483341447 -728794508 756967106
-657422326 -764130990 591013482 -1075603200 465146584
-1938972329 1935288986 -1825530306 -1635654617 2038042442
-1940804557 1257201064 -889875415 917568478 -1042481165
-1698881489 2052951186 902333879 -1710766045 1596665020
-1629504375 527847463 -999048374 -505852612 1003030307
1510251732 -1348312289 1555256241 1566831269 2045378239
647318805 -39413117 -1813058264 -94416104 687845495
-2120698474 710787366 -1107227862 1817662814 -1843516451
-1528677377 -1467392003 -604284965 -821886326 -1326479352
-155175897 401882464 225602070 1980539651 858917939
-811444911 -628514016 1188958938 434694775 -207804270
-1861709051 -553451341 259147895 1693122676 2117227015
-1602365256 -1824904376 -600136081 -1220445394 -1712551129
-2030249848 2068983229 1939822882 -274476340 -562886577
-341511153 -876019455 864591374 19671477 795476825
-324704021 -493553544 -650897068 1493055900 -698174934
-704016807 59955368 -2145212747 -1192490568 -1463609032
1760038033 -1724906243 1322620833 816462660 487585611
-2062417830 -470781167 919776186 -666234608 2072933252
-1602827124 1893508646 402876790 1568116338 -669831510
-2020046635 1484581650 1367883742 -1881864906 -1767674432
-266630935 1792065173 1835622094 -591953498 -293936351
430710049 -73912232 701258582 1801340737 -1165039079
-1615326295 1014068147 1364982305 -757936321 1208280681
1968805046 877827243 -21541327 -1825044599 -1845289318
289158090 -232327796 -374424476 1177823321 -996189296
1433798905 -1716982939 1737536624 -707262987 1149456768
326605929 1674244463 -1757997862 141900680 -1474980163
754920975 794247561 -795749898 -2012338541 476130386
2073891823 -960885071 1011912360 1954102559 989234965
1865654043 578507004 1140805480 563431475 -1180796599
936711359 1279221535 -1596380203 -697478191 1237735471
583757583 -457202510 2001542144 1707253862 1804303380
1321132274 310887690 -804895648 449939016 -110486436
-352508520 4936637 1845457938 -1811033997 727491656
-655936998 2083264884 -893196294 1527764493 656490648
-1858900944 2111195872 -1790914138 492626666 1861103368
689840157 -836586137 1823715498 -1937671248 812853634
-1373503001 -1150368701 1830602009 -1584137445 -923372898
309655370 1295862572 -1944602908 1067896260 -1101651554
806128298 151746695 -495948719 -1290354952 1504063733
-493903890 -1715663355 -2090839387 -565387637 -395431986
1296817505 -654113465 1875097860 1583978769 1582921994
-1711196540 -1226373893 1958504273 1450100257 -22990816
-95261603 -2053887379 -227390832 -751433636 -78928851
147261738 -799186742 786371696 1891690544 341307405
1300755341 1189674564 1067213814 216538887 985089099
-268887038 -724048591 -1079641912 2057533153 -622119549
681860102 1294727571 -327834266 -1311003345 1536639649
1810900408 -1922869373 -633390491 1419426064 1816459402
529239828 -1418476808 160373371 -468443235 -1613326275
-364683001 496868388 131530800 -439660608 -2106157623
-280474643 -70806562 -429691806 700253213 1618698209
-123774192 1099482417 -593072908 -1713966121 -1758371442
493237233 304655556 -51331907 -367629408 936412569
435318326 -200588120 -531241436 -934938543 -1394221296
-1762638629 -1134166022 -660811311 -401980424 1389632470
-204568259 326975167 1686365828 -585191967 -872407377
1660049632 1338354125 -715436334 1659700965 -1874727819
-990200279 1820109546 676024144 278563422 609982998
726343697 -999759637 -459886931 733886243 1390603181
304271107 377070410 1358843867 -64810433 -492559374
-231620852 148509019 156446658 -434502726 671163673
-208220799 1586393772 1805295220 -585943733 1750714093
-270811265 1243604105 84526957 -1633242576 1212007766
1032347558 -76301717 1410719615 -1890572137 -111379497
20544708 1793874062 1640615745 -1065552492 53349742
1112081318 1024355277 -1042268386 -2055150447 1428017024
1559437400 -1458569704 -920774385 879867596 1578440467
2029205142 1645129438 207725239 -2025461961 193526513
-2144827959 -522608548 676149884 914444592 -1053275257
-937856571 1254290209 -314706164 1642354578 -1340382497
511675947 643925494 483030577 614554636 1133585113
-1960454619 1040793276 -1248633237 851612852 470416633
1987818918 -1187003152 72642653 1319115319 -1745691849
-88584649 -1884642790 867437353 -685601965 -1334134390
1498779264 -1766082223 -1090099034 -197005773 -159260553
378171435 -769371493 1361536048 -507600550 1495277291
2083929747 -1577289104 -2048097718 -2003375660 1714312501
-1957168271 -944937221 -467953754 -457214956 -1568693388
-442158900 -802338863 -2022759759 -77133325 1834990369
-262249175 1122108801 1749107487 1208546728 -272039698
-1340478963 385746678 -1721630966 1577715775 -1433133236
1241085552 -2063097571 -392976179 -792936348 37888561
-1930047903 1016895734 -721985214 1743366968 -751112166
1658190748 1490154779 942809456 1669014203 1527091324
-385146886 -390756687 49613322 -1002199378 -1334896007
1948788000 -325751874 1133290622 -583588217 -1568423370
1356903949 1857600203 846955863 -687166095 954673922
-63771628 -1088420767 -882460547 1148212441 1841422757
2093021519 1121404768 -1849416597 -2132153460 1808947070
-1368268718 -2064846769 1305755546 -1859912453 -1934953496
-1876235809 -2009708347 1257728821 -273940595 -218433260
2117535854 1258373365 -47999286 -284856114 -1782099301
-123639389 442781167 -605113848 394567920 -856630211
-1808220999 1151169874 1221555596 -1993841706 -41753453
510622750
