10403 280 1199046523 -514366351 1699737614
-905740541 -474264389 -1075196875 -1183263842 -1388569203
251152803 67334064 735126906 -1869173739 1041563
-227924189 -424249804 2004872797 -555184989 -2109183677
-1315795840 1643466549 -660567980 -817690726 124561035
286223502 -1276458343 -529072562 114054389 -1673024187
305927632 217239316 1484493045 -1067757252 -1041393119
-2093860523 -680178746 -1227050612 1735862240 1608407155
-1023108388 726725167 581730371 -471822098 -1434945930
-6982268 1252033695 699078459 470825703 -1902533167
1257246990 1912805370 808716229 891790644 -1806582221
370620081 -1525715216 -1696253145 1195381294 -1073202495
-231588152 -1195197345 692126412 950694227 -335694387
997934934 -1417332670 552332243 -907606469 784288898
635269796 1880002716 528381327 1165708728 103018623
152228753 1199064292 -11900150 575832129 1567917905
584684012 -92490005 1637513489 2080025678 -637092642
1635435964 -1190166830 2079102331 1462716650 -1683835631
-1621985433 -148934867 1573387396 1872078457 -1986201829
-685391704 857208373 684334139 -424808695 -717263006
-10133290 -965147262 1022969812 -1167483255 1879636336
1469542983 773597540 -1190309774 2104281447 -1034112314
767392078 1756697366 -473367510 -86496884 -391380225
-154483304 -1002338808 391055492 -187845394 1724073855
1775290597 1585063428 -1426481958 -1006885991 1378919933
277653102 1888474361 2128627224 -1618820920 -666184029
-490892617 526418936 -1629969364 -734387597 2022343095
-1803823183 756386720 -1963104663 -215379598 -1748949120
-1389892875 -1343651113 174405582 -353779502 1387174915
1289226106 -1459863590 -1119206651 -2119619105 1466679573
1985172151 1179257990 -1466405057 108215404 -1937478556
-113518816 -1459250081 -1386784450 189039914 648356163
-1963091022 -376313934 -1943845568 1494209157 556447005
-962552799 -1159898995 -1590454352 -2063870657 -107981690
-1916944251 -1997844188 1469130966 -1377207756 1868559794
-559882837 1108978503 2062648018 900035931 1921106367
-144953282 -738622699 -1023170941 1041744171 -1484670125
-682516941 -1779315081 1651152207 -1602870908 -508515426
371740491 -1062148987 -670330623 1996574353 175364815
1463943717 421384978 2057901944 -1215422302 1491597231
75264776 -1593236534 -764044931 -1310167660 -866666934
-1115833451 -1219341796 212833189 864187634 -560990970
43064330 -1514594654 1984278029 -712017588 -1046050238
1371583610 1173376935 1497974953 -284356921 -1652711714
-162261720 -159805340 105570980 -1463951102 294284025
1989895096 486056020 -706245688 1491760135 1490912186
-1399286303 1526441180 -92396895 531458530 1651113086
-212286238 -486444540 -657015927 1926110318 1062139682
-1524968060 1606905316 1831420350 -746658833 1842192496
-140167614 -1671854363 1925592508 -1946087926 -413712929
302858398 1510783315 -1956133256 1381314007 352227063
1998777338 346617812 -631989391 -747833736 1385175501
-958230826 -1965762041 -77904790 -158928256 -1539379707
-1134632808 -2038092184 -198055228 230936614 -80228028
-394783350 -1222042650 -1111248363 573201238 -456160397
1679023422 -604276457 1793419631 979093612 -1417062351
-1623581512 -938944549 -634181340 -532112522 -1473991906
-234896649 -1728972604 -917436031 1989895540 1346614687
1749775860 2097832674 -1784995857 561468688 572167669
-37647979 -423674840 1297182268 975750224 -432323551
877922909 688421563 94197452 -2132807655 2034577451
1325463726 -2113137728 1987580276 -849427365 651589128
-1943667709 -411164853 -958108887 -798260263 -1945013366
884572614 -804020785 1311648837 -784685639 564339079
-1156227339 -2133581187 -1609071232 -321319922 -794582029
468590705 -546631166 -332190329 1823083162 348793520
-1586830836 -188467435 1184908689 1379317450 -1605934802
-886413305 1400874986 430360094 -1861390507 -1022043439
-1976070876 -639372927 1515955430 -1594833894 -856763187
-2143713761 -652388010 693104615 1563240159 1588234463
-164228118 414372456 -626930303 1713294996 2039838583
597319459 56387418 94593125 854019342 -256911594
964998937 646840779 -598073581 -602396702 -4494722
-921129278 -2012645163 778915084 2128826320 2096286685
719922111 1908030595 271463366 -680012051 518377790
-1988496702 -1438493762 1024603022 -1223470481 -419296089
1715962474 1713191708 -924268516 -1176546316 534468832
2025220160 845294293 354790949 1321118276 1513890008
772488873 472772386 1142014933 -2110864327 -53389775
1031979244 -919835744 -1941574769 -772328527 363312324
564928125 2063792199 -1875355738 1619194994 -2033114571
-1812767264 -1309636605 82844655 821936600 -953817526
1600413709 -911717982 1484349756 -1185689960 438876699
1443755819 500778230 433901653 1572560526 1998027060
2129884265 1943916902 1649476055 -1366488169 -1682065618
-2069174718 -946973294 -1995468189 306576963 1397940077
-619623198 -1524834345 1976842401 -2054097612 223511578
984272590 944086169 -744723826 2088993369 -597774399
681924591 -563035673 1495771104 1927066564 -584158451
-543374429 -138654281 449263909 894500451 233071075
1996857706 -901275004 -1069446569 -463693147 1543182642
-686018906 1720611206 -1337854968 802050442 119357999
-70263914 1682557370 -1980798661 1895084329 799284457
287350917 70092203 -427710399 -660226826 -1188902393
-809375424 -1941953285 -2094368397 -1244250443 -1235517273
2116486562 -1425014908 -1053956415 -809749148 598038720
1295584521 308988583 1655744805 -1208974437 -2062975121
-1975572600 -1860246490 1669790194 1564560458 1207857956
872385666 -224697784 -896940833 924031191 1360091795
1704957757 -2141192930 1551257601 1042802488 945718153
910180187 -811717622 -2057885368 -311539370 -1147441470
-717920832 -2120777564 -1418249084 1167058479 -1408318862
-1909740859 -1552973157 1375298661 1493430829 758086944
750659330 -764598600 -350153666 929626540 -50631732
1028073379 1745317189 -581369518 459533487 -1948561495
926488471 -878711249 -1445282135 -905081804 1386668726
-1064661577 363374579 -1906741475 1695327780 119270070
1754886393 212579542 -354313280 538848711 905749194
-1066840021 1906176066 -948084476 939655132 598381110
-457198240 32416881 1339463743 -495866312 -1395989391
1894573984 1885153432 -869559473 947826905 1318741002
1835742394 301899106 1595862584 779337387 59214525
1513689877 1185667890 1430586578 -1256897225 942815990
-288603733 1274771106 1200108442 815879811 20506718
100671012 -585726053 1608248528 1993442767 -1699867356
456062560 802395461 54104655 -1274960765 951369946
1152817596 -1414197203 719947877 -288011409 1813467516
-1636589531 457899025 -493004937 -1745381964 1775130946
669034961 688969885 -2011587858 -2106921246 433375071
-119290526 1208402140 -11443852 744507218 991157537
-79440002 -54470769 -879483969 696271509 1537270575
-911711680 -52377001 -680334613 -1319465251 -1525372615
-693428238 618333619 -2097772394 1616119410 -1360046997
1149824365 -1791360278 1361018267 1031774575 1171880526
-87762299 -803469702 1538199922 -1759818232 -1596765353
725908691
