10403 400 -2138343008 1485618787 636135169
-2016938384 644715022 1273338489 -1382824437 1109014330
1016229436 1927304575 468661973 392787692 857581634
824233885 -1632502249 -1299012738 1177424184 -912245221
-1255760007 1263831496 1378629110 1145845809 1274966627
1269288498 1078066052 -1689904697 258027677 307922964
-145555782 779079429 -1070580513 1695173990 -1304925968
308620307 1778622897 -632046496 1256708606 -1408828023
50543291 559449738 -663072404 1956202223 -1225735899
938590172 -1037169230 -713769811 769530983 -1106607218
-1680964504 757751915 1428015625 -230255464 704800710
-1844446431 1260263347 1986707234 -697315052 359113111
-1736228467 -1256052572 502170250 1865431285 1788178255
-1746184106 1993409280 -953756093 2018758113 -612959920
859443118 -615897767 -155384981 881427162 1384362908
-596652129 1652004341 -1649182580 1781299554 -98060995
845354423 1415561822 -1010539624 -286110981 -2129804647
-1675916504 701520342 -328546735 -1753127677 -1135249262
1821683236 -2146955033 -1703688899 1977491892 1108434458
-1715217051 -1749736449 438387334 1693123088 -1426409293
-1596517551 1294080 -14651938 1976931881 1712446939
-117366038 1988104332 1979318223 587782021 614872124
57537810 1798996493 -61531833 -964711634 1965680264
2073071499 574439273 -1523683016 -1650709530 -608789631
479589139 -1527399230 2101729140 -1885627529 -1684079507
1535726340 -1555002838 1579624341 -885142481 376210742
1793690976 1895975843 723881153 -1507881808 1788799950
-13127879 -581955765 103587066 418735612 100439615
-1954886891 -1184348116 1756363010 450982365 -303984425
28097470 1378110968 -394839589 881301561 -1781677688
112569654 -932153487 -61160029 -1579878158 585303108
2026004231 559730397 -459313196 -1078845702 1042031173
1680355999 1910693926 -917429072 -1948900013 -245243791
1231658400 427069758 1279762505 291374331 954068170
-1846988244 -709925329 1566222053 -2035192932 -794173966
1826359405 -1037729369 63869902 1771460904 1829628715
209684809 -554443176 -214937850 -1730274591 1115344499
-95971614 1828489812 -1502227625 -1193978035 -952309020
1725362890 1204816693 1794015631 -150079850 -290351552
-1473106173 327739169 -405622768 474654702 1718503321
499589163 -1667746534 842627036 -1535452705 -1538196043
-2068264116 6662562 1958471933 -1858750985 -1983360226
966774232 -762304709 37130457 -145638296 1846968726
1927856401 1509028547 -698676526 1409317732 -1862078809
-1425123331 -1677880844 -956391718 -44670939 192638271
-836246842 1689866064 -2096115853 822530449 -154735940
-29935664 1882282338 901249768 199783628 -178353668
-1595137550 -314580864 613621236 -734381432 733312826
-2115032752 337438828 -1537686124 -1272382382 1215513056
1802215628 744778400 -1992892030 -1124117272 1096334060
-739221188 1802443890 -1213038992 1906247204 39620664
2080363802 -784428848 -1560969924 -1421910124 -1934334078
-436265024 -1519358404 -1732488816 969409570 1414791432
42996876 534643484 672252050 -1755360896 -2029310956
-1020696792 -323867078 -1306263088 -1481174676 1921871796
1627022866 2111910880 -1806920244 -1550605088 1699428386
962150184 1851213324 665459516 800594930 -54914320
-1392926140 -1916111272 -2042847430 276904944 765791932
-1192456940 64991426 1933558880 307253628 1091911632
1728588066 696868520 1795687308 1955718332 -1544476878
-39087552 772336820 738149448 1738056122 1580740112
1052256492 2002288980 1212817170 -27552352 -201905460
182716000 -2115092542 47823656 1866749356 550000956
-1159223438 818395440 964259620 2049977656 -1468421414
-450377840 1287238396 1056444308 -1696245694 -128885504
185496636 68801872 -7362398 -828909752 -465514740
-1683739940 2074524498 1653768832 1882916948 -803433496
1487128314 -185470640 1400056620 -368234636 -2132300910
1047797344 1768734604 -527875232 633249762 675241896
-566139700 651800060 1942643634 662893040 185938372
1471971672 -766220934 -1197989456 -189059140 -2086821804
-845356094 -1593091040 1804205244 -1714052528 195799010
171667048 204569164 272761084 -961490958 -1571252992
1402589044 -1983819768 -491237958 2016101840 1657486316
-1334972524 -936582190 -1077586080 1149242700 150699296
1887847298 631571176 1030309100 14258748 -1723419790
1484294768 1724440612 -673960136 1175491738 244792016
-158488388 -1114106220 224448130 -390722368 -1617993412
231692432 -1532374494 -1638879736 1035880716 -1898661220
2081043986 -465648256 -1612372460 1011670568 2044409146
1000171472 -1690819988 -1739190476 -1902065006 -1945777824
1906989388 -1066385440 1347757986 1610641320 -1223781492
902117052 223591282 1466669296 1897279556 1694805336
-921770950 381066096 1393028156 -886639852 633168322
1189003488 -1963235460 1044752080 1146762914 656567336
1242878220 -738829380 677027122 714291136 977019444
989395912 -2107325254 712380304 1907834348 -2033852332
-590115182 1560695584 1986483660 1246125024 435980994
1880902184 1723442860 -342218052 1843624434 541608240
66657444 1287031480 -1647643814 1049523600 -2143993476
253580564 1404481858 984070912 925580220 186966864
343726370 1376998452 -333358526 -1541288361 1811850657
-1962817946 -1650792860 2004125077 -1575381313 -241742248
-1519863178 -1037961597 -854365499 -200149022 -2036415920
60647289 1021271211 -1158130660 1723704138 1504691007
-593695351 -1577691746 -1355576244 -83591651 -1629400153
-1773070640 956786798 -1905303781 -1157865347 1509772906
-1348497656 2051420081 -2039035869 1900263716 -1675432494
-1641107929 45553777 -301519178 174809684 -2005991707
-218424593 1507300904 -686513530 1804975283 -2131271147
765674610 421339328 -1073851095 58559387 471653484
-1040621446 -61421137 1609679033 -20974898 723275804
-866491507 -1637261833 414298368 -446226594 1426868267
616441645 -747377766 -175208104 -321499967 804387699
-1036543852 1907776802 -540140489 1031779585 -849610746
1591070276 54826869 -1471010081 -1997031880 1363093014
-1912890845 810530277 -1021785086 1276898928 -1047888871
-1992524277 2049309948 938086698 1781000031 1572333289
-710408706 519363052 170041661 1381413127 -206274320
64756878 1662064315 -2123782499 -1156619702 121241704
1759473745 -1170054333 -1277983164 1791603954 368210119
-628686191 2138586134 -327621004 -596483835 1356873551
-1637402296 -887438106 -869918189 -2147148427 -835165870
-1295627872 201392265 1018013883 -1122008308 -1092189542
-219928561 16813145 1587093742 454763388 -833990675
1784326295 -1104325792 670618430 974650379 -1956340595
428817850 -936291336 18780065 -886077101 -2125887372
-1274799614 -583150441 1602729569 -2113683802 1437157028
703181653 -1862021121 -1806389608 -923077706 476067907
964432261 -314027486 -243672816 190580921 -713339541
-1508846500 683719050 -1274155649 1292656841 -1348356770
762177036 2010741213 932038887 -1583436528 -1254759378
-1372742949 1874922429 1819280682 -963200568 -311531791
-1183250333 1277308004 1067204498 1302852711 -1076470735
-1054661258 -552656236 -1365532507 -1832823377 1405767272
2080989944
