10403 160 -676295595 -224322351 1209314363
-2119316003 -1354077674 198271182 -1125045469 1964760344
1998293500 912650927 853096749 -882443704 -474897886
-1267686353 1775883736 -1201445374 -638582015 2125884490
1085870 -810335952 -1185738670 1093414013 -987814962
1180379958 -939300001 1802272279 -1174857210 -487235075
-2099498357 -1514457086 -241320310 -1265960793 1134440018
2031211751 -595289340 -574184380 1431055079 -1126254792
-530774060 -451408559 887047058 1457091095 -316933890
-2079823776 1100968390 -807314266 -950137645 -503392601
-2057900349 -1610378463 -169484086 1110897962 -1477773992
-1472635503 -1747115514 1509572272 -709442708 -1007360611
-2022877963 -258276849 -964251440 -820679533 659734217
1038827661 1629313543 -1766935444 1276052688 1348612250
1237651534 141477193 -1610187086 -1777871901 1458455380
-2029114625 361167916 -1816679394 -58655264 633863951
1273480360 -1265798377 1156081034 -684154603 -180909261
-1610272701 834441618 215062147 631794348 -3678382
-972927484 231859963 -535918157 1224940699 -693837319
-69056773 -1460113458 -112874542 -1069427651 1161416596
-1172981969 1197328193 1387042503 329612687 1486775646
138180531 190845564 -2104431799 598620338 1537865882
744163819 333368625 1396257645 -1814284730 764868331
594053073 -1164761923 2083609618 150117096 1986969921
649964381 1072302067 -297449894 -362245655 -423792524
-286714613 -592219578 -71016452 -1136164035 -2046122343
1356455762 -1915834034 -1765145818 1003559178 -293802683
-694778780 34763296 532705247 -1976306783 667121229
1419396248 -1612336663 -219023063 711470963 618220656
1483976308 -1024006397 416621939 -959300210 -2001694387
-249901090 1359280375 402043150 -1782237876 -1215733110
-1617492735 1783241492 -1389856102 307729596 1556900398
-899567900 -461351690 -1049251150 1114140100 -1282845499
1175400142 732312812 292723689 -1662016378 479861924
1352027385 1971419143 723529153 276177116 -664631562
1391497137 1889055887 -1913350136 920988472 1146552840
-126674492 -2071647872 -1275348285 122482226 125119795
-848808678 -2436297 -501676507 -243366025 -331226795
1525379125 1501686671 1753179599 1083753334 -1604079307
1204274106 -1042981552 -1546884127 -1035040330 -1580638199
-379731284 1481486349 777019925 -1681962280 1139774779
2075340711 -1161832032 1222165129 -165896340 2088220976
-1221098305 737126608 -833775714 -1051838942 1981262315
-1503973476 1656357976 -1154823172 791772632 -1826318795
571591014 -158670932 -1974961572 1361267766 463826034
1417131183 -2131508053 835564814 -180644051 1987533668
-244814675 1413521773 1406021626 416059738 -1480271539
-1323901346 -1914033861 -1732143782 1603411019 -522109873
-1700635780 -1431281403 35059164 369137317 1754440155
1478281375 1705812654 -1432186564 1560920999 -2094421552
1612519406 384293942 -273236330 1654273247 -1301928475
-1896751991 8885234 1308609244 -2125865829 1884607868
-1837422112 -1432006488 1339112943 1332059291 -1405462497
2024154249 454703438 1445443951 1963559471 -2140447697
-716705470 813909485 642626335 658474867 -502784755
-980660745 -1709123766 -1994511190 -2066267021 376217601
-140408189 -1363794667 -993457839 -27434162 321075941
-693460401 -1592146581 -302838662 -1129320986 507784649
-1972799474 439630118 1553275984 1390935741 -366093541
-1806000863 1474060963 344129026 -875842591 1855376664
2102315822 585614370 -995475023 -1956540865 -1137400493
-218249610 -1752537453 311800996 321177088 -333211845
160314428 -55703076 -1867076325 -1671646062 1805497900
-1142107177 -1921137534 752788438 -1190817132 -460858053
-613190819 1633667977 371005515 1889373704 833870696
-202490077 1483209527 -2135364106 365148877 546978227
-354973183 2012129519 1393658373 -324011618 1642039208
-451763960 2087237489 -2051367768 -301051468 1047872501
1185662216 -52524172 -1727708985 225886022 -1675500042
1281011460 1260722995 -1702597409 847431291 -318120576
184827970 16052552 -1140089748 1313355539 -874093324
-353897431 683603680 1929086984 -1208391383 -1027726195
856821259 65006156 1304064247 -1122532408 2106818460
1288789737 -968750863 1370459384 257013963 -384865629
-850364602 -1612640175 -1846944041 1479258424 -995316981
-1004715504 -810041865 -404951066 771841017 1978103097
338074411 1932307926 -723317373 -1784452535 1835696733
886180484 -675537300 -567843881 -355806323 -1365965406
-418181407 1045984847 -2101507367 -923805576 -1861738540
1268819664 -1080787012 -1499298207 714595035 -984321016
22848709 -1553438598 663252735 -65653571 826095935
-1515746855 291317755 -505254414 -890052990 -18058682
1350392267 1999976502 1705540885 311300173 -2066928249
-931742785 1793164156 -531136494 2111471426 -807625035
1894703659 -1209777294 1423442716 690656085 565118812
-1579296568 -1814073091 1440114222 1169283237 1809594967
-577477570 -993684430 -229298642 1401581150 -2071397626
-1312808414 -193306155 1607258269 1525344816 1543005322
-1297867474 -677531029 2143533340 -523696334 -714666982
-931175849 -1857549716 1864889641 1806278360 1962143002
992915438 -358048316 765025217 -1357268027 -1054306992
-834392713 1079830685 2100463153 -2122059812 -1761616955
-1147001053 -1104526268 71595629 -57839247 2098287192
-331853855 122557679 1922215258 1400008857 1402304247
-2033577296 1143583230 343201232 695338340 2145589452
744161455 -189741502 -1590726867 -307351391 1140107275
1335198356 88690766 -769069498 -2133256097 -495514810
-655044189 504636782 -1278346588 -198878674 555380869
35157203 1767636180 -514245403 961470496 909158194
1943276701 -57002706 -556830326 -838236352 860579366
169358008 -1281317632 -1481218950 1810717909 -2089360948
-1016021273 1324003917 1454314752 -1355116149 602921842
-2056424655 -1478743696 -1421608888 -43067126 1945835467
329609054 1665780972 -1790001524 -770852323 1752605464
-595931363 169149748 -644619851 1899119540 -1666739414
214438109 893878828 -1797124389 1312455420 8031440
-42352777 1569042466 -1201814859 727498803 -285613563
1240384065 1792769933 -2112848157 611721356 906417726
1060471201 -76968742 1940208243 744790115 -683101989
-1807366303 343283559 -425547631 -1916180827 1141290319
472823809 -317091317 -1747377226 344444767 444969699
639092334 1751829107 1486258731 509998819 -1585245771
-1616359313 1974015064 -985158937 89653914 -1594512670
91729533 579915222 -1730495051 -824170989 -1326928389
-782381102 -1997237741 -1652363541 1765868527 -2096076019
-1866212192 -1939923927 1622452683 -978542666 619699662
252299223 -1683539982 73761130 -1531317522 -54477201
569170782 -1111341050 -1430018066 902622805 -1275623346
1735184285 -1479629653 -1246058534 1274629621 -2120896020
1369194777 -1727857434 -613543246 -98662285 -1043373170
2143195282 -1420266752 -129622743 1377743000 -405921864
1628723943 -1690112644 1996665088 1520449992 804227709
-1276294575 1552158159 162074730 -1854156880 -1860324243
-1026671282 815816863 1597335832 -891612793 -1291021972
-118907917 -345671598 933464703 -846423336 -1150637027
-1740166098
