10403 384 1886225806 -1176705288 -1873211922
396992939 1490365354 -466987015 -1162121668 -132109511
1252071004 1271010773 554407103 -1625238125 668682746
1244657366 -1711019737 -1767314938 2031177561 -1656217273
403285296 1403950731 1025421667 -1978577353 2059769973
669842485 1008532427 1198231798 1488080242 1556640075
-390788560 -861951515 -281387579 -2139253855 -1979927756
-2003491848 -1641445738 1320368304 -1309602986 742738623
-1916250123 -733902958 1064606902 1380912172 445646272
-1144638019 1178258339 515470094 -1653771311 -2006603762
1672510337 -688370175 1754101111 -1513290706 1672195467
-2111071639 285052785 -996559981 1481956008 1564753220
-290066299 1467672606 -1989884180 1006155827 380154943
2013380275 -181929634 1192466643 -1380909619 1003029103
-251647368 -1866872195 -505042225 -1041834002 2021317292
-1991431935 459713696 65391614 1482083368 -207916409
1100297033 2059540058 249500153 1768952074 264660537
1022661750 833320145 476288245 2081968920 -64051811
-746911530 788302343 722182817 -999228277 -1406160241
852409889 1107390548 1190318635 -1831537249 823200036
-1717522232 1807256313 -876835964 -279430959 -1437211788
-1813845574 1060155066 357056707 161990228 -1541730193
-438146131 -542816931 -86070985 1509045763 -1413407602
-1352784147 1317267859 -1366649437 131808889 1935565048
-975892232 -307012377 1466770170 1247683696 1999603580
-1301508093 1022094186 -2074236627 -1356560818 -773026118
-1480839724 2059243942 -554812192 942073662 -1236082366
407731183 -139568756 -1268708238 -1521443647 1895941207
1237764940 -1919141852 -1827798000 706932290 1906048526
1085801651 -550096708 -1985611361 -492886460 -2066581431
226006555 126817871 322738883 -1626571341 1130195050
1558229642 1558310075 -1767984094 1683798187 -25395435
-541732731 1909721076 -353152849 1496617557 -838827146
-650294512 -622857523 1947829306 1889731157 -2125618386
969592900 -1176148276 1223009557 -1767196953 -1507803765
1854439133 -918551857 -819386762 -1295851780 -1475910859
396953513 1687138326 1801335977 -491029273 -1968025689
-2034683011 172622076 -1231064807 1411489446 -1338996094
1947868130 2088916987 -1672302788 -1681658246 -1935431062
2022442508 576802471 -2087332364 -762111825 1672336210
-1323574608 201208785 -336948279 1051173546 454316615
1201137761 1920522659 830695445 -1289692339 -875460459
1599359796 -1189952853 -1063982265 -2142167153 -1198328419
1384404406 -1987214036 936264134 858215323 -757892624
-1123729206 -840080737 2125236059 1592686070 -508480430
1193766352 -836241690 -1326229484 -1307959323 -942723815
291265779 1358969789 1614475968 -347273694 -9285025
-1998135249 -82442557 1294316608 85884874 708163507
-1864684914 403115958 1172860063 -773420770 -636729237
-1855016185 -2051015177 670636755 1893274722 -715273031
1989477663 1433204595 -2138761799 -1485138639 1271222908
1406243688 -195724899 -1949401897 864516050 1206125061
1286474862 -2091311596 1840591429 -774954763 1468407696
1876320194 587845217 124659201 1764913596 1732690983
253995005 -1832586799 222047345 1478676932 573903594
-1154250740 1597807341 -2092849964 -1971209 -649454365
-2027028663 232962911 131916964 -380586447 262708060
642422365 279850031 -1100559785 -1627870503 -969102612
1502493534 -1083053589 1172570376 336444011 -893452270
2028063002 1345112342 1536020812 -1591723564 -231054840
-354975513 194931793 -1698169809 -129486124 1587646017
-223246646 -877302637 1906118023 -841642467 -1394234905
-2024681194 1434050918 1338015161 -920654346 -1357465940
368148699 -950644252 -1948289714 1169004588 -499984266
646127018 883765897 -660283144 1470990457 -1658028809
817905958 2122491553 334716476 -1335588303 -2143992091
156961837 1261113010 898444868 97594242 -814976763
-847334424 -1509199901 755270735 -1666271701 58941272
2117811692 1654774482 -1089611601 2072016273 -2046356284
86953014 -533561546 -1295829852 -271500060 -1988137159
-364137875 -835889133 1577746290 1960301398 -1308647032
118089153 -5534081 1164577151 902271148 -237121749
-1082879226 -134627785 1069424462 1803982183 -1111581795
1713173413 -1235565924 1304820679 787213716 -707319812
1704111351 74820818 1448965045 1064732933 -1129603365
254023007 -2062462817 -424106971 345850388 -275443600
-62730051 -1724067656 987800309 -625993416 -828394189
1559618506 283039386 880082112 52809489 456217912
1062109465 -649303596 1695706546 -2107766095 -1082998960
1457834269 865954909 -1892209605 -339785203 -1225073584
-1946970878 1494556455 -1521513556 -713657475 1890015018
-1416899592 1238259564 -1910458694 -40612220 450818453
956539986 1563731692 -1155504921 -562757067 -2078528322
-1315879559 1133257904 -1641054037 1883437805 -1220282474
255916997 -1759880672 -664958335 -2074864926 -153054862
-1245908231 -353093236 895212280 -1077134678 -1419454030
325724167 2036748334 -569746353 539448535 -8704954
888579691 -1148185823 -1684465577 -491079795 778815908
-1768901681 560441285 -1268079328 764249975 -1566389812
-1312744656 1930254774 -375536077 -187092768 414679095
614596410 1866428961 555559346 255379960 888004634
-807712930 -126903370 864629172 -782533128 639984212
409056763 1239498612 -772150118 -279000758 -1985771004
574612209 407320269 -404217865 -1305973102 -1021245478
988313952 -1680232666 -1514274620 -256334544 1332641978
1653823254 449127141 -1992530626 1242857368 1165041790
-1333698014 -1888470521 -1463576216 1493405382 1925720255
715734160 96468966 -1982878604 1003170067 -1676589478
-402300569 -1201326117 -1660236320 -1346796694 2010327257
222738380 -1814040313 -322307067 -895188223 1499169141
617883151 145177967 1439043610 1975794315 167078445
1363667460 -294963629 1931397739 -2075592654 1555949783
2086343588 -953871762 1520490133 -1485584485 -222148519
-1565272163 -199206964 -1032822591 422317835 -673602018
-805771742 1434452173 1121886158 -1424408624 -829977399
65746378 -1596972482 368697431 -225310877 -1898718076
-126099815 1308314262 -361679095 -17648387 953004786
299831711 274091948 895331691 -1470156900 892175486
1319294171 1536420108 1678136332 -1840019594 1575170636
34309364 840863442 -250745809 -1464402806 -1735501214
208972692 -959318047 1944089554 -180689225 94484104
-1231151704 -510894979 -1505598541 285531173 -2052452229
1324090367 -1699800225 -1916719558 -1633361980 -73344155
-53100670 1804996341 459169564 -2094618962 696460295
1091698852 -2029155910 -788758942 1156335296 543381210
2036715808 -392661841 1808215946 -713867618 -1183186043
-1015261445 -20087040 -220954686 -1115510591 -1394096916
-1462238961 1733427655 -891278354 1024683319 -1725529421
-112194783 923866917 -894899173 -1277776343 637638542
-2031360096 697714961 -612068393 1882647112 -1941279533
4292709 -1263915941 1396829325 -1590619476 -1922860457
-1029184040 411785103 430183300 402144989 -1407254731
1438024824 -127846584 -1061140047 370917282 -1689732058
1329965965 -1627087196 -140716052 1958736248 365617585
-1996355930 -868837556 375588404 1083341366 1578042663
-745961270
