10403 288 1330986413 1124180991 884181377
-913774872 -1768011745 1596042782 872962064 426715176
524340582 -561661268 -1238545898 738132358 50756403
2034419619 271646366 252868067 -1252471254 -776765791
1973472204 -1849861583 923536704 -1235561176 310331435
50769873 1934000311 961648910 -1085288331 1446103582
-269998081 -539819390 998559778 441460725 1112171739
1331988598 -1477009857 453951301 -559372585 369885146
1509279257 -460423865 -1725964968 -831990069 -1248583413
761909601 -814382637 -1125905214 -1550107096 -787409575
2108998806 18280093 1317223921 2087836875 1953514196
-1312993716 -1701892593 1836327139 -1177889412 94759477
2108169116 1752247798 604646295 -296446120 605540481
95129170 -1787875043 -2086932437 1353888054 1846344275
981396682 724033957 -22065924 -1885053287 -154680147
1588758539 -2099489770 -1834630718 371357388 1968895359
-231509582 -1796190901 446010875 -1704001745 852661610
-473681314 617389944 -1553159622 -661825661 1153360420
1476176121 -1590840612 -8740774 1094465908 -1185447284
-1311286232 -1654632269 -702918706 1247205347 -160540474
-557526205 2064875811 1568699963 1477644889 -1853915773
525805052 234074030 336516045 1574786285 -773938680
-739094747 1882495132 -2136863109 -294622738 -100359637
128955304 2083211923 -1155457258 1451033433 454719399
1983527687 1388263123 -1682222905 1077526734 -2134987284
-308997830 1770150479 -1994254183 -231402801 -1367174253
1708266519 -435746438 2129635915 -2059431207 997855366
254286740 1258125579 1990135737 796464059 558133654
-1546917720 2009938655 1471227918 472726828 243950642
-2030711227 -1714534742 834235849 1586550680 1102533809
-791254699 786657212 -1226146912 -987234149 639279677
-2096249518 1996906248 271384870 -85961274 -2102019139
-2124489099 -21440967 -659919818 -1918728181 -897186621
1289935455 -1348436687 -492738536 -1299381993 11134424
-782027689 -1316674151 1094420013 514267278 131152088
2036997888 -97043358 169611688 -835974271 58086174
-264725715 -1812084590 1100272213 -864829309 1870336352
-953733666 774718281 494902121 -1970840543 278417617
984848035 -1682176285 -756006187 333869693 -572106080
761965751 118925662 -260472586 1031171498 975331059
-37966410 2012303643 -126941750 -1807384805 1390226850
-788913283 1735998969 1549425501 1332489592 -429358114
-994796102 -1501858161 -725385149 703761495 -645799695
384126244 1669585073 1260784012 -1250489205 -622354566
411523079 -1768802817 281722111 -445219232 -1755074959
460124223 1940925583 1983479457 -1519524375 -1882017940
-1558917403 2051922436 -163683015 -1418545681 1977882018
347499162 -663364297 -473805857 497429818 287927964
1353642553 1577604654 -907049675 943331172 1079179570
1686713164 -1955475040 -190118037 2146059042 1368008057
1227082155 -1666046321 -754344818 1091014458 -752277630
584167697 -1636990124 1102147180 -515305067 2131841590
1494162644 1781601200 268346343 -1335145322 856416033
2056688718 -1490469583 1058717585 -1957072253 639769501
-1997268947 329431515 -271415065 -949128629 -846759083
147985066 -1898049770 -1039478793 34010020 680091408
-814396132 -1439604925 506680354 -1265776008 1291290794
1269705902 761048354 67313812 137717119 608360675
1877713504 60385513 -281104976 1099637553 2102217160
1187819428 -275325744 -1340147660 285474860 703722988
128445504 -32001757 821131526 2130065107 -1221356364
710788992 641681139 488209307 -1995111035 -753412234
745516521 -1483316741 237572401 -1898926666 -492405314
-200719483 46781101 -42293842 254425196 1129992237
-1380490209 918488557 -2013597146 -922581596 1492662155
-862032101 -980369177 -1851294740 537919352 1746510925
1059716435 889535032 477235672 -648296259 34102665
-1946229179 199033391 560075166 -1058406208 -1290092597
527523054 -1719075902 -1593831279 504324374 -857681678
569289561 -1512269476 -1053117847 1498202651 1280359790
-1271498544 1891404889 1509162045 -633517459 1225565643
-1243988247 694583874 1753650199 -2098482624 -1592777785
-1227859778 -1075751983 -546908801 -96728954 686006559
1346563282 48546574 1106107871 513405581 -502658278
-807513386 -707726580 -1201591632 -939621416 -1711644657
14469526 192940791 1832922162 -515739857 -453501290
-1305881068 -1466341446 -2048418977 -274680739 -1918307124
1287137173 1277019636 -156562561 -796727541 1892540852
-1407378708 -1881069136 1516470186 -1682571451 -1616715817
-1283125346 104011639 1888670083 67175408 -1578374106
985591094 354455845 1843595079 -1114471036 -738681346
-1547170468 683938143 -1640695829 491879660 -1167171382
1978942256 -1129976082 1494952425 -264983566 -1703481467
-1131463648 782215871 -1886480648 817274894 1471016039
-1943665237 241791879 1379750518 -1546352583 -1978043144
-607887518 -1989054097 -1979585724 -547648130 -505497578
1264701254 -1963334907 -1581304407 198717128 -2063106108
-741840719 110976747 1278085111 -1608085938 1660695483
-969380919 2087876820 613917725 651846534 -1612747095
-1957601350 -1851930964 -365487676 -1739327329 1932444517
-644615568 -563574929 -491987910 1285770727 -552528148
762476219 1364855606 -998336638 567648241 -1819228882
-201902240 566922470 -971965417 1943658824 -1840598640
1445383381 -1924346365 700055429 821792118 178870021
1483532106 -1302412123 1172973131 1743126715 2045089711
51672653 -977619451 -1643276373 1480841126 -1390272298
-968509754 113814291 238882000 441291049 -2118308129
1318721265 1443105343 99087873 -837043407 -1919433333
1322500286 -1018977725 -471371580 -1504228365 -1711598637
1135077392 252262040 -793338836 585459105 485497226
229938045 802812868 1796901854 -931314247 -1110730604
-878709094 -1891260017 60369406 -1845640924 -381001339
-1712934720 1908207324 -58627938 -801859000 1470819360
-1393859672 -628017897 2112165168 894694215 -224814987
-279512482 -1755644361 922326568 1261156654 955656117
-413267379 390641256 1447417045 203341432 441970679
1567096495 944639912 -1196687698 476195649 -243295806
369755629 45204534 565342916 -1589060661 1600351758
-1244199373 -413778238 418097369 502592404 734086104
2027713465 -1754264728 668873855 -238433302 1651941805
-1201041411 1965548488 -1753702384 1728384318 -1149778382
-881582348 -519473031 -200214830 847926474 -1351002873
-1535956360 1711239516 1764778906 -561777814 -1282764668
298280139 -1379806235 1176489720 1405368837 -388681880
-722977609 -1082432529 369075122 316292457 179725308
926331110 -1980010135 1033593267 1474013151 -1022626119
-302992458 230337966 -1412481018 1342174686 -204326863
1624061924 -661873642 745555720 -1834728155 -1662911814
1029441997 -1617075661 1155853468 -222320065 2014437272
-723139876 -1163670210 1246225016 1377387418 -624267325
-1489477615 -1975939651 340064157 -254670083 -734430298
-555100961 203185437 156835708 104261372 724217131
-1490126225 -798910568 -684183279 -311361502 644742651
1074061455 585250749 1637406499 1290374042 -1254744816
1299555723 -1391305730 -1529188815 1279824029 1826311049
-89969159
