10403 256 2110968609 886129350 1814101283
1734687164 -1156950709 1934463605 342630392 -268202272
2031231545 1975924072 -889094133 -110826009 685524625
161337166 -904618832 -1514305572 -66592233 153169212
-466316741 -1639984690 2099561671 -284078174 -842986630
1121209010 -2011334588 1728396530 -587023866 517761083
1265727109 -1470418052 576722374 1794514364 1015580415
269426501 318534729 -129219958 -1842058146 -509754730
-1150608749 -1640472817 -264391988 1973520612 60466845
1059529336 -884007697 711184206 -91803960 1832737281
-435689047 -1881789591 1350841451 -1273451603 -1585433036
-292019731 1338354802 -309034373 2029526039 1406874017
-869186811 63999995 -10825493 1516712193 674727108
-1293437316 1542592995 1970721075 -1995242583 1673883142
1431517081 1395560816 -929017057 -76090481 -1514777317
-1571615497 1026089883 -1413568008 -1161804188 984386122
-1966913389 1315944852 -1017708938 -1159439105 1655985874
1835288820 -2122725501 -1667781822 1425566101 1052000315
1696749766 -481793041 1585209545 -1976990734 -739504863
-931211436 474563328 108059270 -1871682483 177667686
-2019882969 -299971656 38896857 -1239667326 1124506217
-1471299318 1135431595 -1939688444 -2024376451 1431759501
2128983783 -732280414 534458703 -207271777 -547965338
1237974827 343646589 566765411 1872738023 830449352
1180665067 -2062643096 -1493381622 -1117020459 -1010476876
-1350230870 -1009430698 933880004 -382223504 80708576
-1634803943 1928190029 1413947278 -2124009409 -737290400
-1493556491 -323880556 48641442 1728250075 -1596526851
613401898 -702488660 605465010 1068267458 737562822
1400768828 -369971891 1820937615 487081982 -1039572149
99626122 324711926 1391119346 17485594 428259732
-1012362121 763650891 -1313835166 -79548680 -1392038496
1579055248 -1465566286 539584985 647938414 -161282094
-567810235 -1272657193 -834843718 -131503885 -647919191
-369252630 621231039 1753878390 -1327842861 1313673336
1880976934 1148304184 167639913 -1146782947 -1776492988
1372908408 -935125072 -98050033 1213164201 1698788584
-570325865 -1375745107 -188458499 -769897368 1949738340
-595917157 -403595003 -1162826667 1081939443 1738844381
-1052859577 -1714668182 -1935170977 596775795 -1726321750
604595274 1381207960 -1571930031 -738168601 -1038590230
-2030078943 512788050 -546598940 85208270 -728078387
-263031724 2132330143 1439024971 1282674095 2032510899
-1082690826 1453893972 -1679138470 -119406034 1465237619
-1207986578 1878004745 1412785231 849213775 1312352513
347372551 -693406696 391501619 -1141580348 1742189004
-1112417610 7711563 -1970786729 2109282930 -892488801
535113223 1365677722 1183805291 -2110433464 1943381187
-1662993235 -1250912764 1042894851 -1307609260 1146809438
-419782528 -1558235926 -2129303763 -306954236 1200137263
-1081450437 1501709824 520502388 -155685568 1985296673
-663473135 2094066929 -76399612 -1021947261 621036842
-944212550 1365163206 772917195 -981503154 -1352525142
1737838031 -406251375 1933702474 1993236614 -174441144
1017531139 -23451241 226524027 2113896305 428630308
203129093 691683415 -1623055876 1948965297 2064851452
-1007974978 -321968333 -652534925 586747001 -1160439929
509469439 -1782941016 1185827249 246692016 -1501397542
-1913031828 1635173724 1292246570 -775176845 921286663
-467371340 -109655193 2082526656 1640872438 -87727941
1225933173 1659847401 -28845980 -1903853178 -246487241
-1081684042 -439824679 -573984280 -1513686680 268194938
-108532992 1522174219 519666517 2136853477 1518487316
-2144046796 90500402 -1366734854 995823368 1392104731
-467216633 -103103906 1632809375 1925132447 -441010707
82958474 -15333034 523641411 -609532704 188524627
1740454403 -1946642257 1265028198 -1480331058 398280130
606558747 1272959568 443748323 1256617237 -1301314233
-1394380407 437970929 281637995 743476144 488130204
-1840475699 -120333624 112061881 -1437397274 1859691137
-1647494497 -714448332 293920188 1222414776 484492297
2020803320 125022808 -740986735 -862741537 -1452231773
-112694213 1294013669 2018238802 766716155 854337174
244857114 2115754099 1996688387 421459143 -1045634617
1354674936 -2071625268 392149444 -729290639 -2087097737
-320617763 1260310170 2075341428 137608740 280549440
-3306712 986790961 -966574636 -2012526551 32303357
1360220533 -688870606 -1828088490 -571344824 812143741
1652107048 -484670188 1882312272 84666650 -451192138
-228522938 -235764668 -1561625377 1392574456 1353456741
1408183811 -956724272 1745081027 604814051 -486718305
-1217789101 1282439274 -872597586 1450572438 -1756722626
998604950 -178554269 1566954511 -1746319322 1520542721
55454027 652949318 -1057598435 1785769751 -1397230678
-57935862 -840886044 -442815484 -196649410 1924399431
484265223 -758317775 84779047 -999460441 1426810700
-1527569213 1830207316 -732467535 511341077 30373802
719543312 287218214 1703997031 783327397 1449942347
387104961 -829162366 877956205 -673924892 -1935830026
1678761963 -1612920105 -545122737 116366903 1422987471
-1481323934 1497858625 1226579145 -634502415 1567093019
-2000052663 765111893 -1182995909 -521262176 -2098708397
-1776121035 2022405274 -1771206865 -2015448218 350406250
-1180652462 -207093603 719157960 -754009851 973148504
-940766701 589797246 -823828125 214069738 -2047263876
-5183439 -779183449 1295205818 -2114444479 -1271977343
622275106 -475420264 -45327014 -511643181 -1257695598
285064219 -281838546 1871783317 -1814219798 1351442764
-957397596 1131949375 1432546511 -1882124407 -981748483
-1875782548 1403917879 -1008143605 1328306577 611619975
1726883874 1412201365 508138664 1009950845 -1313304865
1416913999 -239157906 27327266 1368212207 820970248
1794794374 2025906112 717386109 113795366 393915625
-1877793323 -169687765 -2141935411 -1961373170 -331896919
-1835378537 2058292272 -1331286430 803454494 -970412526
-192367524 -228848695 660609731 1350442335 -1005416551
-1908715068 -718018832 -528358800 -1742173771 182482430
1468996601 1383019025 769660802 -1355220002 -2066357649
-2136553243 -1134920903 -1138439464 1137103631 2070087390
-1034365288 -374205390 -889150253 -1235690273 -898749756
2142092906 -1095209129 -1104727950 -14481429 -839014083
-319885413 1138705849 1128187477 -1499681090 756822158
1987083687 -1583829318 1242545429 -292275075 1775341011
522901603 -476433212 562360373 -731357269 1831186006
-1362814573 -1790856459 1434542168 294966396 -787929834
-507582105 1785639791 -423322695 1953727417 -239835383
1178858364 1581515914 -1597187954 2102934679 -1079978921
351322383 -603359881 1150295237 833583037 1843796590
-317687960 -1279190448 -2038847632 1197295430 2123752251
-431692894 2015199238 -1118625344 -483008914 -404594803
278630944 933164203 -1056182095 1063165295 -406006611
-613579425 1064937657 -1625465223 -1287938435 -740943505
-718423525 722380269 507903662 1025447067 -79592717
487883934 -494075195 -1429354217 527851292 -426733055
-1447484293 1420137207 -855486186 -400148584 -1701642236
-186571081
