10403 448 1207884893 -283572332 -1295569943
924480315 -265058337 1214044300 1696426892 2088647433
-1964297638 1784875461 1826084447 746188462 -824845585
1064566392 -144208625 -1099675944 -704238745 1823799302
1319818452 -1568178171 -103274439 300211001 -309106617
209711925 -406357606 -1339657523 250114761 -357662753
-1384343389 387500025 -1503466639 -2053644909 1099325707
-1428156397 -1546038998 704755768 1140784155 790152609
240133909 366264982 1808796672 956281130 -1379482094
1493055796 1586342397 1061139718 1714302909 -1745051324
-395714486 1426903871 -1883266611 511619143 546589725
-1958482904 1599216652 1542874659 365156152 300348943
-1548918529 -233153223 807114374 -72151792 525071732
-918914656 376770992 -380348166 675234331 -1618506528
-1737335842 -1260854898 333868373 -258938889 1327934538
386868091 -675450078 1952115293 957026745 -828694699
-926990368 -1272659325 -397270765 -1206119496 1120110160
521481620 -1874389390 -1041634430 1419558099 1381103930
-1239619501 -777855983 -1611874641 297808159 -1962114659
-456765358 -2095284325 -502707197 -1003295328 1831399215
1954511318 1508718470 -689955437 731017802 -650518294
16998127 952474155 625178778 860565547 -1753785267
-1981525703 1290240236 2003049895 620837881 -1475613815
-1970951970 1068653398 281574801 1224471775 1490912329
-464939025 1275504402 156342059 -1843297205 1504755522
642735910 668708379 -394863770 -1065230456 2034746426
667543695 -1236386319 -1326488616 -1164181206 -306310028
-840813551 1211762464 -648826469 -789289554 1469581239
-101878657 -916751768 493144452 -54565921 -932406440
-1327842702 712296758 1275122790 598928923 -1075258161
1668270943 -2042703708 -1566925757 -1454954520 -985590741
-534172137 162268688 -1953313972 1592340064 -1238237939
233737285 1367199472 -87657951 1233390441 1619181927
214954785 -1226303769 -1865566363 -1992861763 764088880
-1721209535 581804437 1731013253 53160121 94147099
-882729879 -396554766 -1638565783 763276489 1095113530
1720066174 -998738511 -1903602950 207724087 -539967627
380395351 615878556 712065134 1949532794 -1235482446
774221280 2055770103 -1123346557 159727651 -1118161302
-1873343535 1066852526 -1864266894 1985918238 170951621
-1608556791 790083973 -917215663 -180548085 312670555
-172833000 193999107 -1372350206 -140534649 -934120322
363897894 -1133191316 1335408280 -132536239 -1282242039
707983341 -833545341 -803888353 1526847141 -2084831823
-1372701001 1035713171 1823931762 -2085977592 -1645885619
-495169870 -1098098034 1256214334 -1149223569 -1501476374
-996712833 -733950032 810829300 -650116276 974732722
281420336 550328952 -499764041 903781329 -520227827
-2110746274 -718754017 -943582277 -51698988 1748180697
-1677492189 1966873091 1315130217 -1850936382 1526963204
586748054 1266188804 1630728093 -297288862 -561222189
-2079946091 232488500 -148827162 537490264 517422777
315137360 1460255810 -808707816 1091229782 -1627303459
230011712 -1660624379 -1220063469 -1722436514 -2108071025
1766748127 -1101039620 1925165880 510503481 -379022272
1617918306 1458170142 157924010 163015425 -1956263978
1772382338 -318321270 -689254020 982992076 523491823
1985786780 -1459620654 783584500 -1657293052 575397717
-487510536 -543363377 -1025493594 -2104366565 -451701167
-1853920227 -1447031098 33964947 -1958054459 2023640529
-1668510011 -235138197 -1310948020 523195157 1338883321
-2131820007 1018175971 -1533431690 -569236832 641447845
-96020787 -2087572820 -2048260245 1722924060 2049517744
-1799751380 526957907 1804295699 160353320 -1962005016
-1242646861 941689702 -317813551 1938743188 -1332153807
1223071510 1193997593 162217095 -1224127757 -353172716
2080668570 646322043 1198017132 1671030359 -839424985
-1599986223 -410961554 2055773739 -1389106632 -1857165296
-522503505 -1359602102 811380754 -548152636 -149199407
1348022928 -2118428670 405131303 980699730 -144191406
1254826452 -703123287 -501189918 -1653308229 -871243380
169978344 771409541 -1631307785 1114095980 1286143643
340662828 1490707389 -215990849 889121063 441007710
20472794 -1360019382 -1962164859 1112926954 925367870
-79552202 -1102321534 -1698722239 -885152290 -1812542544
1922668824 1697835614 888942952 446223734 1620782313
-1663127458 -271353854 611548349 -740548970 -1335305656
166849034 479054533 1763585569 -336919137 1653775832
1584402559 -1398611459 2108827168 -665817674 1174427520
-1768465977 1111039343 -2139821611 871551287 1032224658
636240541 -38281420 1865250487 -442110403 -1881756124
-1401310146 1945448881 1191594286 -1795452424 1879232648
449656158 1219949472 -892744782 1364755290 1309223977
-1859982632 -8567917 1602746245 1332782558 -1323996971
1466084788 -1332359534 1807760894 -1303702291 -1396649714
-1242927777 -880810579 -1861900791 -1961561221 -1223976150
1266070035 -1122439162 2029888936 812386954 966481591
-302601361 1973554441 768277550 247208378 -250893866
1503635554 -1298828919 -1341173369 2043139615 -34271160
-1421100422 1397405246 -2014058586 617741029 913834012
-71418734 -1851691746 63873269 1664782292 -1312782186
1835944812 1788485756 -1870265994 -1746283441 1419832349
883477856 1008170204 41643010 -1626390618 1173617288
-542770091 1439714873 1114768640 511312631 553375299
-1315760027 1215083777 890126484 56645288 -1648383274
-2082808155 -1831584984 866004320 -1240760382 -472039744
24711078 322027293 -1447013133 -414754952 -247298860
1030864489 -2002347831 -1231639495 486522795 -220643327
1179818934 1342549455 1248316738 158235675 -850838778
1108690586 712715240 -1778122957 1149433705 -462937733
-1474112890 -177669359 -219733118 1961550965 -223835953
-1345463409 1499579628 -2002845279 2103477385 265044867
-667360378 241279181 -962447682 -703247968 -97062764
633189412 66346836 1394574413 458778579 1464574653
1035092190 -1784368924 650604343 1774624528 439056935
1600265422 484206277 -915799026 -2067496253 -1843020343
930647016 1880931613 -818173010 2070764023 -75564908
1936608279 -211201960 -745212325 92043665 -1547526556
-1360314448 823518538 714735101 870603869 1397947668
-1393335005 -671599667 -382679005 -633623184 -644732689
-297428755 1398891048 -1995594877 1080985926 -1134638269
1248911088 1462744097 1219252239 -2043662419 855054625
630165102 781499178 -1956890039 48417148 1387900276
-1179411571 190643130 532869132 -690232512 754806549
-2116442642 1774843047 1780125996 1247251948 155060997
-1606432196 -1560978334 -1269412461 -172253025 560556200
-1051420501 -1070483130 41958692 1138897095 -1437531496
2084528171 -1736685220 -251772671 -784952035 -1237393535
-367220858 -784816193 1296140737 -1978566340 1931936295
664801228 10898419 966006599 -2138544981 1633700314
-914209806 1245305776 -1251849750 38194114 -1147586910
-1867097264 629900702 -1479998495 488742157 -726979018
-483356158 1960037111 2143974304 878751050 -1951567051
898506082 1659186966 1471003708 1602733102 1386429728
1736800085 867077422 -1672910399 -1101191781 -745291295
-1996156986
