10403 400 1778612619 1693335913 -1815581896
878106086 -1815449215 1391289619 450912962 -905187980
1982729591 1943795309 51026180 1922493482 470622613
1649464879 -16075978 -1671918752 2122772899 -1767476543
-1275958608 -996899378 1390016825 1830335819 -1698332934
126300156 -1800630209 -1212020459 -1062809044 962944770
-814912547 -1631779113 2053886398 2053460984 -432273445
1449900601 -294651000 567986998 160356721 -1661291613
-2071067918 1101840964 14798087 -1092676387 -972455468
1476510970 1076436037 913960095 173944358 -919459152
-1771448493 -1361989007 -575971424 -1386367170 270827081
-855614725 1347488458 -41649108 1261716527 -1260442395
1132692892 -705517582 675394157 412678055 -584832562
1760845608 857773355 602314569 792386648 -410916602
618755297 -962218893 -2899742 194332756 488148311
-2065785523 1849147620 -1624056630 -938077899 1693677455
-1297603434 -71996352 -962896637 -763121375 976763408
-723041810 -1841875559 434221611 23307034 1142503900
1217998815 186054581 -1863257780 -550226014 -1850073347
64483319 -387401442 -1612594216 -550042309 -1205697831
-1716142488 -279863402 441748241 -897760061 -304321326
32618852 612072615 -1397128707 -1997149196 -992631590
-1175017947 -1680065729 1422432454 1215026512 -1542038157
1337345937 1389976000 -1551656034 -1163123351 -1126769253
-75243350 -847413556 1106714511 -1244795963 1438175100
-1224708142 -1176584371 749501959 1420803566 2138581192
-1760254005 -1503301079 189911160 -912560730 860248001
-1931088813 1230291714 391448116 1265730487 -1353145427
1108035780 -1175769878 1089823573 1727214831 -1165813002
-780736992 1845566435 -1572745087 -823202064 -457646706
-1379495175 1961857163 1081465018 454110140 -1336258305
-1364298667 489037676 -1910509630 1168336925 -101640041
-613939714 754324920 95549851 1992916985 -408590520
629457526 1328323505 1766221283 2036538034 1421825796
208661575 -468628707 870822292 -954501830 -104593019
830597727 45354214 -1207222416 1390690451 -812315343
-144835616 -637417346 -429739255 78894395 1101113610
-1654531860 1524802927 -1586378075 -729332644 -367655886
-1253407955 -799082009 222602510 -1874724120 990049515
-789918327 -1835881192 1516662854 1667831969 1175117619
-1006522718 1108835732 1265591319 -917036019 -931434204
138403082 246381685 -203483185 -163596074 -547465088
1977591491 2143391841 489046224 -2028815826 -155169831
-1494477845 -2000702886 423158812 -736976609 -957886091
-2139500532 -881747486 777355965 -474006217 1578820062
-644159720 -733729157 1086209049 -1847980888 -58419360
2133187554 967707560 351702220 349850108 1943359410
-584213008 -1292468796 -80514728 1310074234 -559735376
1807549372 -1746212780 777641922 1151924256 -1322856260
-1824785840 -40708126 1079303784 -1023304116 -878712580
858222578 305874176 1965357940 1042298888 -1187624518
2015481296 577950700 647244692 -1254700078 -1509814432
1442445644 1088905504 1657630594 1330245352 1616787692
-80396740 -1386699918 1475716720 186731556 -1474519240
-1617723238 1025533648 100975804 -764712300 1787050626
-501845824 -496827076 832063632 -354804190 1171249672
-1165437684 -954015076 -392161774 -612904576 -339983852
-1235853784 -1976606406 -221602864 -1795461524 -1393001676
457724562 260072800 1983722828 -1505926176 1682587554
-454008920 -1295380596 -219194692 -92685454 287793392
957623364 -1546531496 -460951494 -1350352016 -1884703684
1218652948 1663487426 1900645600 -1071138948 459568848
-1162806622 -195259352 -1964424948 52145084 1404527922
-538667072 532629044 -919950392 256443578 449062800
-2118424084 374658132 787053202 267963168 -1585790516
1164975072 -1735682366 1362654760 -386879828 -7182660
-1022402062 1973983536 78948516 -158975304 -1534632102
1001430416 -556888708 310235412 -146764478 -385920256
4492220 1773278032 1505871138 -1713886904 -748065780
1911045212 -918969134 834569216 -14162092 -1660020248
-901587974 -1746162992 -1865145044 1461386484 642638738
-991441824 210065676 1013127904 -686987934 -1567811928
-1817461172 -1383566468 -283787470 -548158864 1511100740
-1586182184 -485309318 -1649284560 -1067749700 -31150252
397278786 7061408 -530293572 -853741104 -773488286
1397180392 -643785780 1519238908 1662624754 -46123904
1691459828 920178824 -664506054 -1554689200 -1457823636
-1794425708 -1137400494 1705001696 1965731020 -131715936
662490498 1705442536 19008748 -1232115652 933559410
-1229325200 1582604836 -85805512 -1579761126 -1591077680
-2086812100 154538132 1940266114 -472228928 -198979268
-188719472 -988761054 1591435272 -1623186292 1152320540
1631899794 -278199168 -1037726700 -1796557016 -1221740486
1106716880 -698734484 2145156788 -592966638 -1233554464
-781900852 -1062800928 -1346951134 1663010088 1321816332
-1403403716 350103794 32058608 1991268164 -1010955176
-1118476742 336662768 1844815548 -796622316 -1562694462
2102983264 -100425348 -2026246960 874915874 -2130574168
-1526640244 390336956 -40764366 156702528 2070483636
1456151880 -160061766 1415516944 -693716756 -1000596396
-163677422 -936878688 -379897908 2129552224 1586662594
390922792 -781099878 -217619953 670918233 -1096058130
1647866236 -2108145171 -1586819433 110725472 -1516966594
-57541109 -883127667 -584939590 -1451805192 -251047519
171882323 938940020 -1862158334 1691165335 2051157089
985295014 -1681221468 -245845675 797135359 -1235973992
703681974 54230595 1649501061 -401569758 1124829968
809518777 -773055637 -129707428 180465546 -1812332673
1788875465 -2095375522 -1891885044 1951764445 2115361511
-108555504 -1370060242 1742745819 839282109 -2072716502
-574622776 -1578569487 -1387590045 1887705700 469285266
1060288103 1283577393 1440205686 -510123884 1892118181
-2022794321 562509928 -97432506 801147379 -300173995
1821892402 -1101909248 -495282199 871262811 -451496788
-1093449030 -983031697 -254476807 1948756110 -1234665124
1101298125 2134678839 -167194688 -1442043746 1823264107
-1358899987 957441370 1313670680 -400436351 4245811
1541711700 777486690 375073271 -487347647 487112390
1542864900 -1115041867 -806977377 -2104722184 -85023530
-509405853 963305765 1634899650 1989743536 -2009960487
1317038411 1211502524 1518847978 171085855 1219958441
1372572222 -916973780 58102141 367890375 -1379338576
-1710672690 2102361595 1335141981 1411150218 1437288872
1797121809 -1801783805 -1299877628 2062370098 -237743225
-1407278639 669383510 565367092 1953984581 838924431
1313035784 -2128971226 981011155 -1409360843 1656898450
971826016 -2063556919 -969014789 -1325896244 109902938
159965519 -1908727783 1338164782 -1565217732 1548224941
-487323049 -273325152 -1493350146 780729291 -408805939
1690415354 -1839369416 -459820831 1616192403 1697138612
-963380030 446976215 324578593 1676418278 1994422756
-1811041003 -86356673 -713547560 1599914230 1165581059
-1706791867 1644905570 -2029751344 1773205753 134074923
-1171235428 -475765302 -804432193 1870911497 -1084995298
-1094431540 -1219458915 -1624642265 -1379246256 -1290022418
1306512896
