10403 336 -2097283559 1389368009 -1011468190
2044209632 -220161256 -1976316150 2124499821 -1068986278
2119600021 1488464766 -1621055867 -1349264787 -513363326
-1324683346 718842415 -831828546 2061472804 1271478
20658401 926340116 1288027010 -293542990 -216042884
2124082742 -255169751 700724878 1933130211 1841810795
-1852162097 -689928677 -1548843057 -797932796 2091584566
-1877272611 -1280877253 -249113959 -328188216 -467397329
1509527442 -1774091857 774420884 -754529593 1547968482
764003920 -1378284848 1900323116 -461686125 -1858653703
-42163750 -1991461945 185990543 -1428579296 1179289908
-1379443505 531619336 -80605981 -1472062741 -1009657543
-1787159258 793937405 1593556474 -1928815990 1742353012
316006697 1294584891 1922204951 -800239580 1325264552
950588717 1534833343 1336718149 539212205 1157626329
-1751372970 693714139 1693222362 -843367020 -123683714
2091973514 -1951115034 1324213951 -2073127754 811231054
2008302201 1029761726 -256739174 1403401026 -482891974
-1130866922 806925033 -1619234758 -93466362 203447183
2210136 -1887224391 -783953599 2014811014 423276188
-100511566 1126424134 -123102105 -660048964 -641516975
1037239208 -1221915789 -1000977673 -1042243798 776183116
1892806655 1610244584 -1682380574 1955703114 1558679766
-371838646 1312164309 -159297642 -1713503329 -1420933920
1117681637 -598017173 -390195709 1028756943 -761757604
2015975850 -308305876 1586999245 -1778803284 909079105
94554353 -654040133 1474920351 -965241059 1796122525
-722427213 1995420531 -1877817888 507235469 392298565
217160024 236536662 -279252150 359307791 -359325555
-444004213 1185891130 1135749109 -2095465832 -178506900
-432623068 1050968504 1477099951 395498324 -2004185078
634221084 -1149493172 1699935069 -1878500189 -1988925615
-1868819872 -2079932691 -1447695772 -1491672118 1830602882
498213043 -1859317847 -409085918 -171407673 -1597225445
1086379449 -870919300 -363315869 106477720 -1432504765
1368874957 1783069750 1065664606 41030473 369276804
752034038 -2072688391 99215039 667903044 1309131264
-1096863818 -1100816211 -710092012 -2016646124 43738576
1923617083 -2128193046 -278466129 -1480725899 660510480
95041616 970416148 -1870895827 -444244432 1861416615
-90293971 -1573963428 -1585493701 -567795839 -1524725019
-1750877573 -1158505192 2074346631 968336725 550739780
1333050085 -1627460445 810565351 -137311099 -1955108682
579444875 257400046 -58052 -1564814239 1202581573
240146690 -864266567 1534454607 1471430852 1510144475
-135826199 -818689061 -1212211397 -191780917 1579355715
72260921 1765763515 -1497944498 2078909551 727062642
-1147964357 245324486 832212314 -355106486 1619680459
-2030316840 497507330 1428937440 711680285 -1792103130
259938325 198198867 -801403629 2040956406 -961475166
-1643870036 -467057201 1177015744 1990181839 -1743077892
-22951200 283210355 -1905080587 1614864018 809205970
1559016122 -1018737485 -8241295 2105969066 1621810841
-107682489 -15448115 -386469108 64110031 -1283354352
-975807002 410438083 -394717129 2023251296 -1129208010
1010032987 483407084 -19426109 2019279983 1642631379
-706984332 805950526 1959094881 1340677516 -425215303
-1336865718 -884659736 801011244 1508469658 2050983101
2141560250 -1444180134 -151434682 477762845 798956895
1532870224 -2076999334 -1052324311 -2038513850 -654179477
-627322991 -1266954738 -1462868734 -923261885 -1679716772
653513141 337092490 1567996957 2131538100 2038837262
-411958953 293876691 1088640356 1812844272 1845282575
169146897 1372422739 -835637327 -1107626136 -1119856912
-605047016 1685684800 -540916641 827216585 64882613
1911756541 -401381316 -14665409 1338110777 264538008
1110171112 -60043227 1238645670 -1666333331 1331373674
2066475348 -351764067 -772726260 434685455 -1516644675
2059206701 538930603 1012414915 1531680777 946393909
1830871130 277315172 686139771 2043139380 -335314375
-179916052 118892744 1505922582 -1736720482 -1693119858
-1921112406 1234976288 -361045777 1594875132 -1275949310
-1230083049 -1971400199 -666470479 -1254576539 -1744721631
1631047509 -1790498158 1786324860 1830628165 1120037760
-1499966749 -1932747689 -787975714 -346270874 -838422240
-729149438 503351796 -1462095403 -947791947 1845923235
739760383 1375923491 512828235 2131652321 1265741531
-1215886355 241891450 -2142784550 301792499 -394384609
-2051677159 -849506049 -763729397 1455665384 -2147009855
820401424 -132402954 286634068 1811126983 -793582590
1062362126 -1651754916 -1066366866 803204126 423683147
853578294 1066586284 -1458413925 -1260318230 -102041066
-1032200213 -2068611623 2051391395 2129204447 1942848819
40384783 -1187855990 1389197043 -1254317087 -1761778154
1604320116 1354614082 -1398708092 1256211128 994498116
410207019 -2032541718 -1594789968 -1100889656 -1149616399
1339397301 1903354388 1861137473 1240617250 -54429622
1569909177 1659550402 -1700971943 -2096470190 -1915820857
2004563962 -1228324320 -1797456953 1369264574 -65697068
-1120019077 1012798184 118853450 940818899 -1180510376
1999989575 -124167866 1722825555 1674022478 -922422431
1581619237 1270523806 866634178 2017253996 2044596874
1737046143 -630067545 -1481335741 -910300577 -1638845731
719005056 1342910630 -961602918 1837502548 -1994655732
-35211093 2109678375 -1586469040 -1560188967 -1494654214
1031224086 823488908 -1667820751 -1359466902 323775411
-1460502988 -592380062 -1339155782 -26949516 335073365
-2082468509 961815680 -1827146995 906193012 2128562128
1735712105 -570518219 1923537093 -2062108826 -180398004
390165093 -468085674 2021955106 1014590590 2071538588
-1175989802 1953907219 1864796614 449076953 1176769702
1470112319 1473172169 2081931997 -785779911 -843926165
1074113793 1675411236 229014332 1093818691 658478647
-1301871990 437960527 -1000694855 508475774 719637214
-150868313 -1963197859 1759980812 -518694449 -1725129608
345837044 942820419 -405533343 1907116177 -1313502223
1029065109 562363983 -1697879654 -812778794 -334134455
618887416 221487552 1875632614 -527349964 189854930
-1437861382 381661758 308135917 586887775 1470652329
-684120193 1122422075 -1309366443 -1841574537 697914771
275268647 -1432013462 -1809351368 1522864857 278600882
-1818299103 -1764993596 -1514357726 -1777927562 -735227566
-336173478 -1533345646 -265177703 -943289788 1404362204
-1889262537 -1275977925 -2016415396 -1248889224 -979607770
-248397191 -641159042 1194269678 595104347 235570092
-1794094457 -1071644077 371595476 -82712825 1151067211
-1179194446 981179916 1978229914 1146189341 -705156453
1641503306 1008890854 -16107258 -38921718 -1055026118
1130075634 -1726732679 -325803353 -231074583 476486947
433900645 -1958076482 -628079923 1652045313 1807359215
1079901983 -251754984 -69690644 942678801 -1420787692
565688910 -1582486925 -1542967566 1038825525 -706298654
-2135878908 1991115557 378746717 -451896954 -2056195357
-1089278340 -118600378 -1396475879 -1089286931 1422639070
-812802139 -1319059459 1566883881 1053609880 1800199463
-1283074796
