10403 192 140795570 -1608674286 286658843
-387069336 164900349 -1058947479 1843509135 -945868936
-1418003238 423341544 -1007623905 -1163826855 1959613005
774732390 384752704 2058567072 1201188348 1968523703
-841102643 -916761999 1983804435 -1957170845 676867682
-2096317526 286175392 1257428738 1292247116 485411409
-980224064 -1195297546 -235407308 -1076910475 371575841
1246607048 1159554103 -459530162 -596267582 -58243257
-1565248279 1626504506 -1461012198 1537303752 -1581486364
1374781807 -1924127638 -1979621667 -1703726910 149763263
-1663420003 2126277607 825386114 -765755123 -133361696
-807624479 -2003073709 -1988279081 -1069082684 -120695212
1975493128 1399096357 2141326483 1110180512 -948740892
2014796131 -395955956 -646660864 -1426075772 1533952924
-123695725 1621450157 1714242157 -1110655517 1452334969
137373767 609272320 -1326078817 127425454 -2080587799
-1593936825 -929102517 1984896375 -391960387 866085051
1300484253 611531571 1855943161 -493824299 -1815416351
1731397355 657344865 -74121803 -2131599744 1633251974
-798636074 924476807 1091865720 615551441 1045089646
-471038948 235464093 -1753860919 -2085178224 39512181
2019075460 2016061379 -1552121764 1844395809 -281832537
925730549 532504619 722332340 -109282100 1574839268
-711299619 261432263 1107338732 1568831511 1830765830
1801057890 320008495 -2122414796 330437236 -1288483976
-146669944 1631433859 -636363808 -981649093 1068678701
-719984643 779788462 1277069599 -747252081 -1243751081
-920942674 808301149 1493146245 -1143627988 -1874618439
1501423558 -1448007273 -516210721 2077989561 -356869701
683375205 907940797 487367579 -1746455434 -1961602942
933687815 1356988589 -223459918 -717200896 504182688
-6265556 -755661487 -779872499 -261357739 2084664483
818411390 -596974361 -1275497198 1856869201 -1952375274
-1225744827 1104271197 -1156695676 423619 940900086
-1619827737 1612389629 -626016194 -1469708250 -85047009
-1989523058 -525850016 -901698195 1297822141 606074615
299903698 1632656037 -1266918690 -1603526539 -842443734
-1360948713 -1708483569 1639680672 -46348903 -879911586
1885752158 1377051121 -870483853 -790432536 -1059263385
-787330439 -1410447292 1075047377 677170860 822966179
-1716531982 385750536 -1785805024 -1498691002 -928994249
648296757 1205060600 -134698920 -323786965 1126231236
1591608223 -1283593975 -921962568 2031735717 -151823731
-187971542 1850453111 -173762169 1665062038 -1038514768
1524655802 -755000808 -1411992901 -1252249107 1406590833
784703963 1157830264 345815868 387701548 1829383972
611537893 1151927131 -839363827 1119675433 -138644044
-202206338 744393266 -1053080132 -1181432104 1280201647
1699603381 1254082022 -1486129358 -151171309 -181917504
450607516 641444032 -1707223321 -666364392 372258882
850444872 2126711979 924253046 -1829527213 -1202682216
1008186469 -66337504 -1307790482 235977191 906309206
1394989860 794173881 61687545 214875267 1410239378
-1270339288 -734957359 138158230 1858441427 -527390688
1517663843 -670662405 390760639 801364294 960219512
1473079277 1679953744 -1266077529 608355883 1865582088
1822023958 -1078321460 911509598 382706596 672675330
-1554738077 -1167791689 716282509 -1525587471 -368331555
-2112546335 2045834493 -788237083 -1762578524 541724321
-1481272233 1925295069 653380671 988728011 -2029309139
2145635503 530821842 656213954 -1803873366 -121049911
417849690 -575687394 1442516871 1685178094 -1681229369
-315832288 -1914915994 -1060119381 441807491 1256462667
427831282 434899101 632577327 -2049327098 1251443979
-1636201890 -1221898283 -1010172409 307804367 1042348038
-1421961753 -34606071 -332698981 509509644 -1382311557
-1806059688 -71748380 -1629420167 1918648635 1257481306
-762012241 955971799 -860141071 -2007638892 215998313
-347834990 733423408 -1331061310 -351771415 -1752954723
978439798 -1252251673 -49391933 1348614224 -2116550839
-668004277 212146160 730966511 385935276 -1613611950
127896404 -1266698277 1793404794 -1620033789 1471728772
1239885634 33119341 1316614330 -57233350 -1894200274
1054244312 -600678267 75027272 1168852367 -1595444309
27816734 -5426415 -1681133666 648482690 -1767708386
-770541486 -1231880439 -1350490735 -418596150 1983282759
-1175119237 873408087 -1613713773 2032643494 1341820033
-871637318 622906208 1664293427 -1300429829 1072439969
-1070331541 -1757043210 -1033066033 247536293 1503682927
1056835850 -383962231 -311563428 1234293272 2001803298
-667873381 2091008924 1107853933 1009714113 186782783
937632690 -222196580 -463478320 125897747 587912878
684883457 -191304116 165664578 944309529 381027056
-985685330 -1086316442 -74990694 -523495804 -1420901415
-908748764 -804548287 738287494 467573738 -983009773
1032786732 173338112 -1823566633 -1161598719 1239062582
-35674815 157049344 -856312195 -1585484196 1094413217
-1984239293 -1570480873 248067176 -2112876654 2088218896
1295641940 2005130390 -1533437928 -1424178410 345242195
2096566236 1186864031 1013818114 1175661676 -139029570
-1547183239 166712415 502854319 -1154938942 1516446097
1758979820 1097079850 1212596717 1281873984 -1209480407
2120325168 1044111605 1118416115 714138041 1528824004
785675796 -855675310 -1429765558 -1657041798 1684541536
1902769225 1344966382 259856674 952125135 -1894013489
-252207662 813761562 -468273566 -1728050267 -641430978
-891533389 -791640456 -384040453 -812206130 -1049764307
-1902321702 -1529504569 -1682608643 61446871 13147360
-777770848 794204975 -707803577 -887336846 356477628
-100691539 1699281050 1261227114 4614250 -996401655
1908727521 -186201103 -262180195 1234551009 -882792150
-928275597 -1522106523 1412972911 604002173 62072594
-580307781 -1282751808 -1843879095 -1794533770 -744457508
1024107850 1405708050 2037857261 -1799964139 1816854559
1029150906 -1711232564 -1258337931 -423348210 1151688679
-1773884324 1779582631 705768242 2013189316 -2122165273
-2024299260 -967180045 -1063143169 363939662 -1801065547
-1704256194 30309253 244774835 1074688551 1929798914
966233264 1748841109 -951895755 -689008959 958829890
201691972 -2004475508 1973104257 315636585 -620344605
2030698991 -1470642573 -1250274251 -1444372249 -401456193
2071434946 1882873414 263044314 -1570023079 574797124
1473875545 -2043674823 311811542 1351882664 -1445833688
537936800 403244887 1507299556 488677938 228437296
-100124386 1500284960 48778479 1787187832 -820069051
-1170709851 -293362082 -827409314 1087919544 1792136599
952806921 2027940684 1416738766 123247203 1637357041
1548703755 1884584329 537315165 -2104699827 1416657940
947312846 -1251208788 368281307 1583360013 -722847
1628842418 294021672 432898891 217038426 -1239641208
-1506174813 -2003625967 338169882 200260329 485533379
1762196933 1336339108 -1554589180 -1030421587 1249479846
1371949223 1652181858 71736374 1494222884 -1294268582
-863148479 1538030702 737225165 -1144827585 1412219641
641735400 910298995 -471835761 -1573557344 1910054835
228851009
