10403 624 168492120 -444110922 1060263542
-834927225 -2121563525 -1118299166 189667685 1988143260
-1421902573 999868936 1715349471 -1532008202 386862236
1752350186 241344566 -1140684475 -411527461 -668456455
-674461864 -1433140963 1626322326 -123492024 1872922583
1478721843 1934662996 1924946101 431350383 80288035
1132557610 19740188 1825097020 -1296223671 828393680
688983357 1701631638 -2123589531 1668446560 -343757220
656448869 995368890 -311135933 1333578603 -555061997
104936870 1717046428 1475000137 -1598690600 662586907
1954365158 -1173972260 -531633952 1929161283 -1811899638
1818734323 -674690022 -1155439862 -57311052 -498851620
1887674165 -807133428 1769564821 2064463834 411715596
1229055194 -1415244837 -1998263462 -798606811 434725846
404649415 -830372734 -2118445721 -704623040 -622619549
517011717 -532311207 405967573 1033888208 -158620456
-259719938 1529536404 -1076676836 1612237966 482027991
-1578901558 -2018270535 33843810 341394164 178281535
1196389102 -905883613 590473297 -623088729 577144294
-1830731184 -513643835 -1353691690 -1383497262 272930563
-1158322960 -151369345 -1314842530 -2067913997 753001657
2005753416 1716213816 1912971269 1031718262 -2070192977
-286473769 -539346299 -2075890016 1429579421 1260614818
-1719985387 1199163319 1195620900 -1864644897 -1462229892
891082692 -2030560103 -950808505 1365909375 -2038227081
-1407055643 1576923811 2053871075 599916243 -1775230371
1262856745 -592235729 -815022756 1101496786 -1880811574
-1423529922 -825478683 -1828402621 -2119500013 1452759736
-1220981905 1271799123 76914516 -891456996 1769519219
2141428070 367277678 -612156730 705674139 1061643965
-365977487 310268814 -1926120677 367895079 -1166195204
-841244533 1168633056 -752198541 -933195607 -1999617316
1611839351 576431714 -818041782 -1933156862 -1308888475
153125349 -745758191 -1893026187 -277474667 -1629454907
-677605351 2084947677 -1268757610 438262844 -714077620
506730453 -1670020857 -964039234 -2137208927 -1850323875
258131860 -1291908638 -28240020 2008315854 309274162
282786538 1457164528 -1874279515 1729193074 -814833748
1420998181 1455140355 1811205967 -189678413 1806984
311097750 -2107523963 134764712 -1146028303 -1985915736
-149456038 1026221916 -2097775104 433819520 1893775420
1772282292 358549315 1499351102 -190881425 1867765645
-1175229353 2062403137 1907313345 603023321 -1195245090
-1041609026 -983380966 2133141688 -1386523803 -1392869230
-1871130198 1776073367 1400273956 -1333844948 1116777079
-1022409594 -617807356 1465610121 -632968397 -246815816
-1884880786 1729655948 -493091807 -595125086 -1254421766
455652441 -560791016 1759019044 -1829863215 656830320
1462996902 -303647330 369568896 -478961787 722205067
82717445 1712405650 -551878983 -954872033 1905475037
-585111478 -969719610 1862294658 -2061624478 -1447580384
1599626613 1062834384 327535750 -1756489313 1705806740
-1724257176 377898076 1234460950 -203108697 -944356923
-185026371 690600202 1804224330 -479191390 14415475
1347645589 -1481263985 -1870704539 1391216316 668797944
-1950278057 600480590 -374457415 -1078691529 -1801593695
1149226118 -9047116 824970389 1096306738 -2146485564
-387286307 -1256298842 2115519671 130629753 1476525161
-1916014494 2046448351 -1862164216 1076127788 1498672523
-2071577274 -1042091328 -2068578310 734401205 385213146
938932010 -2113022267 -934289328 1588329978 -2125618426
-87080450 -456688413 -1618088530 -1858095975 469298341
567400920 -951674179 -759496252 -1163446559 140023540
-1025135486 -1502788631 1132991738 -813283625 -523369513
-2033390060 -1914080431 -349819494 1613144834 -886897059
387206017 -1919305313 947482966 -2088515339 -811391597
250976657 257278351 -548856388 -642229516 -1151598030
1321097665 1624744805 -126536501 -1753428339 1830896424
38709688 319630507 -1227688329 -1510161024 795812716
-1878627618 2109897904 673641197 -1119095632 -1573502803
-479643660 -141351418 2073098855 1005912677 1065042199
-1405866674 5933433 712395423 1676672189 -984829878
-188612397 796768714 1750166642 -1008161078 -1818690642
-1763893450 -1977994075 -703349222 1348330060 959745999
-1778874787 -1120940148 440224649 1545556918 -1563429302
412536500 624524809 -412890422 -1153731291 -2090933452
1644437030 1900825469 -466243648 496206276 -1747801738
1596900628 626517267 -856717977 1393748110 2030900394
60792355 -819797643 621328190 -1332966959 493464137
392310013 131250672 393037917 1653012756 1067375111
616870822 1005453768 -1242673132 -610347499 -1867171935
1617883046 -1305122614 85921640 -889298522 -214463037
1408175646 923517931 2021047111 -388581829 -1730562359
-2119731868 967169201 1930093770 -684086602 4561301
-319071238 1979419767 -1834499265 -738077694 -873079080
1191689464 1479227251 731230776 1722755785 2118490070
123205507 211708648 1905583345 -1868948281 -156390058
390518580 2042014106 -1095933814 1114116778 492871408
-1548521534 2043484610 604050798 -73907138 713094533
-989984646 -1358728383 1528339463 1927330457 1856594541
-122711389 -1702933806 -225311892 -1009957297 569133631
-284640499 -116727037 1566268054 -1807699363 -121085295
-1030969652 -1274626821 347024266 -1133838500 -570241327
1628313362 102723056 -1056555518 1687416416 -1748627347
508392922 831314369 90046545 1758390777 134160692
-1904225653 677129069 -971352149 -1210196058 800906065
361657395 610219910 754710217 1207489210 -734682259
169207076 -1477481129 1313768290 -1226681213 717040845
1122936991 -494557340 1766274671 260908169 176219143
-162690218 -1831683787 -1424311298 210310381 -999409370
-1320121365 1588501049 1757207730 -2087292938 658532001
-754672831 165342382 -1547223523 1637573290 489717078
-1621086069 -1554112101 -2082415091 -939188500 751214245
104034259 -393834864 426734420 -883477666 -1881636505
1257648222 -1824986417 -1335528754 1442840332 -1425870435
-1130327800 843112669 -325319020 1377286398 -1812748892
-5434453 -1496287535 510746074 -646446935 2134014842
-1467278155 -348510377 -93891121 -693643889 -2050056676
-500317116 -2078484267 1109340787 -1882964637 -856090956
1030942702 224319257 -338610004 2015942649 84693299
160829974 1454204739 1998786338 180251873 1564548654
823960122 1929231691 -1796915560 -819528256 -846275957
-822999199 670740425 265239935 1233876447 2107918802
-757943472 1656765230 690182168 -595907586 -1237441408
1209044748 442657786 -1255298008 -531248659 943265779
-332309887 1628821179 12343140 -1490578862 -1036908819
1542315718 2117820293 349013490 359794741 -849261995
1876023315 607854613 89258626 -311793963 492781489
847007178 1815121809 -1814715480 1786840425 -977028612
-922323094 -1124715341 213124311 -845157535 1056729712
956546670 -1199648065 1505078101 955639128 -1355225246
-369182742 162714139 -1248042881 1528421478 -1783765311
-17640352 -1472753498 1159631793 -1182143402 -1775727658
1650491141 1390135988 744258612 -428638235 -1883063221
-1453600954 -1975144842 -784068881 -149689889 1408225214
662931256
