10403 480 675865212 686396407 1279456756
-1079214951 -1451419103 -1576115086 -639961299 -869530712
-1016549582 -1007494726 -1155330820 1649013260 -1822337166
-2102200245 1581416836 383664705 981795582 120906090
1217089854 96618471 2097221729 318209546 459375652
-1564249804 -1282502029 889520685 1238384386 1268682817
-106162518 1789660523 1577669767 -685014098 -243196973
-12470295 2096467068 857069460 91331409 -1364899228
-1157714511 738881013 2090088204 -299660583 -1306502420
-1188034585 1753703407 -1306578886 -1251724961 -1576342171
-549751882 2041307745 1318192616 1827996486 1403853209
-647821481 -1628357839 1920033681 -623423362 -1664314015
-902889424 515107123 -2061803638 -501024948 2016124477
2007190862 -1255234064 -325464605 -939118506 -1253686806
1192114921 -1667159064 -1874952448 -875833604 -89154992
-68325177 -12213268 1046521450 -531832787 -1946621203
-130530598 -1311881407 1475938280 -1306250105 -1020818878
-2040899733 327035912 163397999 -1325699140 -1592721717
1150787870 -553024332 964720171 -809629697 -1836190022
685591900 398655713 200416304 1019745184 205393760
1949005882 2056440998 1991115940 1719273063 -755873444
1073203973 -459120586 1921917465 201031685 -762408269
690125282 -630343786 1146872676 818198616 1186423563
-1268369274 -242249952 590006292 -1232096356 -735275074
-1428246531 1147992107 1045604190 117467279 1633985551
2006027712 -604169982 -307662738 1726055087 -1836112479
-221491244 588409642 -569270957 -1086866609 -1072628608
-1685853709 -1425741483 1381252770 -630970850 -528496580
238982584 -225247093 -2064953913 708716638 144814402
2005347633 1825608498 -326749420 -1978617390 1435752089
764458488 -1482141798 -1097206510 -1267734886 1967157902
-94190908 754226084 1146331240 -714766904 1800832383
1418046970 -1556418966 582596788 -1719342732 485510438
104638792 2094093911 -1940828333 -580654750 -1600528572
2144847725 334843264 -1191678543 326775544 896574285
801944093 1842589909 640671457 897876805 -150404849
1087535683 1022222070 2082487602 785936628 135407482
1589830251 2141615005 1252723707 -895692434 1052568116
-182494220 -69639200 -966994956 -1137069486 1566323746
-1870921094 -2081396464 -1937888497 -267468544 1513981374
-29447619 232046418 -591945735 -420604967 -112570441
-1445090873 -1033107492 -484287796 2013842558 425811760
-1644938123 -224858885 -1103078627 -1196733040 728426959
1618357657 1726454045 -1872832147 -1289562951 -1863326921
1296947499 2082541498 2095407334 153851415 1114611227
1410175900 833713775 -450207244 -606848035 826768134
1742156648 956378694 348741739 -2060737989 -1836190181
-1016321719 -1071520805 -1016961473 1926891877 -1979931691
-1843926072 -1151596570 -1750456975 1519542188 -1473386955
1213237728 2031288287 1784442909 -493189089 1435902340
-1725553388 -217652223 1494574866 -464110784 -1024130361
-1325663027 -1314688384 1680085077 -2023015653 -2138775794
-1392995787 -1469888366 678802904 1824701632 -1740967465
-1296106064 667511267 962055707 -1503695835 1548023193
248038727 -780880048 321187495 -1413919599 1163447146
-93507969 -707447954 161911922 1306753606 1662362798
894992245 967031032 313420097 -228150401 875518228
1627702860 1638953659 -1838376712 383949950 -339434513
-748260317 465686164 1738529025 1970010501 -1502908361
2111903976 1267156722 530786070 -2133832329 -828992931
-960971538 774893276 -943389587 -1556939107 1470412567
253957152 -68179891 -1692489062 -1664689158 809850446
257037939 -1435307903 -628772981 193640780 -1686875786
784759448 -25678524 339771440 -363853174 -1840285325
1907429838 -1953516749 343930468 -989346374 -691250046
946776677 1580854190 -1538142651 -1225578361 -1674720713
2025273523 13865775 1271937516 -2094573425 634088163
-2111630966 -203007061 174875503 1872577540 1984863407
-217865601 818943941 1347346827 303015902 -1078254220
1986210323 -772361432 -287683241 834582617 -1273929137
-1403368868 -1437359974 1917022475 115509812 1552343157
385959665 -1523793916 -1709865735 -75716057 -1837901860
-1815053848 -1432849203 737795642 -208151178 -893750204
-1609765732 -1449775684 848722292 291770977 -477133956
-1185914102 -377078594 1547612800 1239475544 -1050835440
356800936 1540395138 -1203776063 -1167616941 942349109
-1485787295 1923933395 1520773319 1423012923 -971859218
-671173727 -9941072 775625323 1270616411 -910763449
1295117118 -1643514893 -1621466666 798726575 -1547898912
492958059 -2097426413 -1454149112 -612259355 -203633996
1185015303 -630537495 -2060360863 472107734 1137223640
-1930058519 -1296467335 324031991 1478832490 567541439
-963966927 1810801283 -1005539407 -759466070 1788877919
938870053 -727983178 2091718968 1865682575 -178390783
-852751439 1230201293 -1355268261 -906814916 820094611
1471149636 -1422094818 1178322361 484071242 1913300217
1140776495 -1165071067 286428531 1484163521 921905487
-1203436386 -678247516 -536850924 9702664 1889010625
-2016547981 2038311331 353240977 -1940995390 -1458199189
-1277739202 -660467343 452985503 421561719 -1703926755
-337945627 -875178555 -1548794411 918728619 -295261236
99822712 1954858478 -381745656 -400910503 851812541
-1858047980 373331326 -1495672617 432682918 1412574732
400435901 -1440802816 1792903412 -356317727 789590069
-296764717 -209391500 325074664 1644987742 -750716661
779812642 368257388 1211555528 -808209996 -952250841
-664993616 636273972 -1657893129 815776524 175216777
244168908 -79034989 -520860586 451586329 -2046161879
1078183695 895514315 -1830501659 1408472669 1649804967
503777936 -1499103868 -495475007 679051526 -1071509910
441800786 -385384459 1147807352 1753566382 1896981526
1603844765 -2034344360 -73321474 -424478163 1601910085
-1382471040 447237713 852393956 127349036 1015235623
1935689099 -1754611453 795540657 115309630 568408160
-1078207367 -496835127 -1176169723 633953772 -1503030302
-204772942 400530964 1422565711 1448957695 2114467849
-1828562625 -1422841027 1570620499 1102013419 858665805
838400843 342489313 575031647 -1571156602 1647875489
953845674 -83328838 -594692552 959561598 -815443082
160855271 -1965036125 -1007322609 -563268347 -2101075089
918582551 1146091237 -575956980 1871714537 1398524970
1406303835 1969085935 -6188360 1537485451 1422154193
-1036902367 -1780597557 645131573 1997970942 -131336775
1519639537 -387030418 113612490 1453632062 -707502308
-1748536736 -1432637875 -1993154956 1928317370 1678145467
1498502098 -1239326450 2119676490 -500441048 -573738749
894318111 1745327266 545801242 -2080445092 1120739681
166071448 -879172295 1115258733 -312919251 -1752296705
-1455525095 61220611 -1221898415 356393620 1934307547
1607333498 -2141259498 -1468579928 1387743570 896687195
-867303347 -129301514 1405655449 310173069 -218998489
-472266743 -518823877 1817278265 -1280726480 -649509919
1562787238 1031281055 1886252898 443901039 1998096342
1919849719 322141661 1116356720 1013073215 512086004
628725302 -49810446 1670484202 759845324 -349838886
-1884956453
