10403 576 1307946972 2107888420 -1600755650
-733910445 877547995 -1126175013 1000950619 1212319731
214434317 137130758 -1674838483 -775007622 -322553310
-1523808405 -251353887 1567562402 1033221651 1749230383
1446494438 1605393407 -1989957459 687684781 966906895
-2100415576 1684801993 212166780 1144926379 -952712039
1225999926 1439133763 508149636 -1631893105 1291593503
1606768258 1820745503 379538589 -1155849446 1537106910
1178302399 -2053266580 1180903129 436939065 -782977826
-1478905634 -1909062980 1020681042 -267730902 342230230
-106337384 -838904 1274394688 1720097137 1731788780
185755632 982748905 -548101425 -158631527 427290152
-1492971314 -361366478 71450020 1425512304 -1628734042
-1890144019 -346341193 937325297 972632112 5320596
40980393 1035016398 -305518282 1365956781 613377088
-1271725301 -1415470870 1483270909 -475606612 609292017
1859110250 376197516 -1574301122 -235087558 484639051
978248345 1967078168 -1216292282 -356097543 -326417282
-370908319 -1626460 306792848 -145809277 -910946458
-2066743499 880911609 -1171645015 2046986254 1674414399
1786541508 -965653713 -2131779104 124288299 -1079973613
-694069570 -290111309 -1922313623 -1497466756 244975553
-1409008300 337320694 840614031 227034333 -813617578
-1787464007 -151673062 -1972155156 -507786030 1469705947
1449965316 -520601182 -1253852900 -1287805342 1451317624
521495182 -1791672342 -89283103 1365354331 -1131030404
31505374 715830559 1506833138 246995743 -1033333270
907306166 1932936302 264078428 2106230801 825200321
2035665491 1329857542 78367382 -2076771721 1662675218
-744811359 -1014273836 -1764738809 1478140396 539687671
-1008085582 -140959641 -1099779284 -615611938 -5289271
-1595026581 872447868 -1282249844 -1644146842 282443216
1783448253 -252339044 -1900590595 -1980315909 113727505
392470921 -1396213195 1973466072 -1253951272 85512988
-26276246 -1844641755 1056370010 236109581 -29769644
-1005287419 -1967590013 1818184760 -1707259186 -1704536230
-1797072414 470040226 1592947710 -364274925 541461680
1712004291 -1575618235 -521550154 -1213957300 1231250964
-107466985 -1765563468 -1578285520 -577460678 2023078950
2110197070 -1714996674 214847413 -172850412 471756084
1370706148 1236132509 2061151888 -1458904248 1164870979
-15548060 -2091658577 -2010970507 -454080437 1288152780
2095128457 1176658303 -1946089192 414746060 1740539894
-1054962900 -1168566230 511150357 1764238597 635042958
-448589344 -1527132816 40852077 -1990092225 929371751
-1491512633 1487791535 -2095575091 -93478099 -795488658
-227253386 950964018 1654552000 -519712357 -957582423
516839452 -182683071 1433761946 -1269285652 1382983613
-170469419 1580581085 -192577467 -2054303502 1052163365
267819612 -1817275883 1970302912 1459455861 553032740
860640661 1835111453 1266732156 -383436356 1833356307
-1524484698 -606040566 -2129301465 -175610736 -854362183
-1940815970 1024461572 -1086955946 -2017537677 -1264692723
-1200711373 314692573 476356390 904835636 1240295263
1877370055 -1367790367 328504669 69709293 -905412470
1970491501 -1928717665 -1855331413 -1987902496 763308862
-1511824290 466987344 1145000612 1677593859 -1123651881
-1985413384 -262276082 1484119168 313052235 1373384729
1491392633 -489099535 1887626823 1693372087 -2007814686
-2007954185 1426558327 -2140672570 1311751842 232764333
1351559799 -602466448 1938248499 1082304676 -297214714
1967272081 425535368 -911788825 834697585 -1106098947
1175307685 -1663864858 -2110979010 1250611507 1085399038
1091091976 -1966227342 -496323647 137457950 -313456446
561289244 684347024 1872320291 -353743650 -428108891
331928061 -1844050819 1060907182 1071385019 -257233576
-83455979 -1543354375 -373796441 1416215678 -33906629
-940215444 -1806133998 -963590301 -1160704220 1730483879
399322952 56420717 -1954750563 -1406805209 1160044009
1731914336 -1068612149 -1281951154 1041769347 972048351
-280137819 -1371968271 1689167925 -1882362964 -1050196052
806170392 470046733 -748022725 -1148784835 -685219720
-200957509 -1566751581 1443574006 -587306646 1079970286
2094628488 -1619774639 -924677118 -806953304 741125412
718522902 -916219518 1394772460 -1512708438 -1896429347
-932562818 1394046820 1240105205 -1537130607 2113474871
267344157 -1842096623 -1207402443 -889221708 -856061171
1430875544 653619495 5378661 -1184835138 259046998
1150120985 -1058505599 -1371968330 -1408216762 -284576819
-1273080994 -1548396462 119658305 1068259676 1096362045
-1134955600 207450971 876458692 454302923 -1490304787
824206195 -2076662023 -2001932785 -1392290945 -1345237669
-2080670507 1764204436 -1751190179 -1660364758 -1506303977
1507530573 -1641549112 -1245623861 -755311151 -382779643
-1492912329 140718012 -1049600327 294117106 279688345
-588698859 1612792917 676355873 1039438282 960808210
-1078176983 -238180649 -929772910 -1598188313 -1780393366
-312083938 -1918628999 -539825146 -1721173847 -2093243089
1977195371 -1282941704 1564467960 -1482665111 -1170922797
-2028913788 -869240248 -712429073 614487622 -1787450025
959228961 -864819022 -2126680251 -1526597984 -1639099376
-1468268163 -580293637 -1776475344 -801816179 -171664126
-932369434 -1278914292 -1717235617 -1458982168 223336817
-2124067751 -1525742155 1102266065 308139915 1019435435
635423813 -1831843732 2087353950 1733857250 -1448336755
45258362 2107404187 -1767972151 1883640172 1389448854
-86106933 -1001133043 -994070336 -1514947120 1282196748
-1084465084 527790795 1637411340 281269591 124010331
1515440875 -1057952497 -180403596 -1627016748 -150785726
1985199436 -254964910 -770173009 -242954677 1174339296
1292993871 -1522831248 1280717106 -718550346 47669356
1653478463 -1432629195 -121489669 1818536865 1866577913
-806923814 -1386879628 1211512448 1417637299 -48057494
-869392153 -1885388372 2072375110 1969111406 -2028154319
508210395 44141874 -1498061593 1870203862 -1150443730
1721112939 1078425558 1435906500 400586949 1208743439
1429555011 -608566681 90374061 -1140907668 411374800
1685183632 -620249294 -1869644099 610824282 -1899676644
154972139 -118125199 -1711791020 1524584282 2134851095
-1525456753 -1177578274 -1165464416 316226364 -1646199158
-264120338 755592737 -1269137574 -159248018 2051490553
-2092432247 -1289347440 948933606 1502642299 718476796
-1581066365 -745711759 1625283287 439266069 230458176
508808432 -1140016465 537382397 -41611883 182803608
-71382000 669701671 -2093887167 -1726394165 581802693
-1596500869 629337431 373149545 -1183670762 -1793630753
1225715273 1786629980 -1749738114 -874121705 -580740245
-218727584 -687471625 -60556221 402601543 -1198215198
935537796 -1601098314 754607726 -1704549436 1525423888
552426844 -1035937538 -343285525 -195938730 -788465567
543877809 -655540143 -891541269 -2090997806 -318686885
-1233493993 1371305194 1269371102 -2146172975 334006173
-1865731296 1694015558 579001676 -1111405919 1056682000
-69041263 44531380 -427675258 -174515425 -1392674101
-1810751007 81793472 1488026600 217592530 -46640099
425103026
