10403 112 550657465 512311359 -513790804
-117389854 1791363995 -15142622 314890779 -642702407
-2058466524 576320119 925607935 -1295350102 -600438258
-1239328149 1507635712 245518113 39946836 547876133
1230380281 -1822523872 -1581443121 638599754 804303449
231534031 503470591 -1680672150 -1214769855 387739858
1384750178 1992176368 -750616717 830476974 -529016539
-1372214781 -1469478735 -1963366610 -1232579599 236354827
146098769 -736216168 1027944827 425277451 -1609719544
-2110751057 691994920 1461757762 1823405400 1121993221
-625252746 -460222517 -1395779256 336605149 2003978238
694670423 -950650656 70078155 -1499085722 17279245
-49923101 1463878801 2136629199 342106437 1242803948
405326465 1778128907 -1233675569 1302713044 -715658513
1914336026 -749143767 168965 1183970456 1987131020
1825851874 -1854462668 -2144011216 1093100841 1330449481
-1722990782 1350987242 293282280 -253801069 2120380033
-1365348379 -969018311 2049690100 -1300504834 1729629963
1376983718 968708201 65646419 -1200865167 -571586151
-328206650 1958539033 -1993043569 467412267 -652690417
420837633 -1725623662 388829762 1276050465 715113415
-306463584 -504902787 651451187 8514713 -156330519
1407906345 -587888824 -1208327730 1853252970 1463265153
-206188791 2054356616 -220715225 -406839046 -497208222
1937725139 -216464736 -314265370 -565334391 -152086904
1579744538 391528182 -1815063890 -696122357 -1544840988
1381936227 -2091890815 193392800 -774264188 -1829494839
2024997116 -947611610 973133264 -1235564539 189492588
1757888589 -683917679 -655554294 101308771 -42760540
1896506992 -1708486278 1445233381 -1382596919 838702121
-291051639 657857919 575683641 338496546 -129790876
-1986433762 -1318790232 -2120777156 1311766102 -561881868
2125943691 -1025765564 -2019155785 -1653079525 860528660
1638892178 -1274517931 -1336398240 1175107557 1251657016
-1580951326 1504434198 -2035285142 2104994183 671854407
1913431541 1018884724 -1774503209 -1643048635 -699821528
-1928065929 552445063 1467766377 -1632302414 624167383
-1278172141 780606359 -1776411503 547023010 -1669411932
-6744589 320197122 197906911 284483194 -1681835439
-260107603 1661769376 1856254523 -139655191 789427191
-1954029981 -1412488637 -1650023440 -1948644686 573041658
-1499343776 -588607091 780395105 836662764 522176478
847243388 -53766247 1996909183 -989157537 -1092459585
288946474 -621865192 1294280716 1171039873 -3776057
334881690 1268812181 2131861436 2072269719 328971606
-1544186597 -65277734 -2012430819 1167909610 -1141005318
-1289862083 -230966389 503097098 2137851810 2077883360
1435203448 -1048812268 -1339782271 -887853875 878071443
-65460053 -157030530 974936634 1397482643 -803875852
-1635706462 -1850565773 897932802 -1341720335 -289451111
-854830990 1289967801 -1349796617 302974721 -461234406
1725963431 -1993497737 581563179 1856238233 -46914002
-1993669592 113145410 -789123370 20207394 792438098
1342881992 2053964941 -799742871 -841026800 1605246856
-865407947 221879756 -25407457 929551027 -1875777744
1657204526 -461162309 1067332766 1299019645 -2044708238
1276429762 -736607727 244538001 1829590371 1543882990
-1022930798 1457033755 -772633042 -212437488 1082691858
9561832 829361103 -820154160 -415553925 -1680259609
1337725561 754728228 824519865 651249731 -196623598
481039263 571868173 -1851725028 -595074534 1246078005
1261218540 -117480808 -1496619240 1816491501 -1144352356
555082917 1578353715 -1734834019 1774921569 -433519581
60141320 -653776884 216949010 1729985297 1847489759
-900693679 1795677033 767586173 -329556964 684042798
802525493 1065357391 -402837438 -1631104674 909704374
-348936980 1316347412 2061889225 -2041948088 457289625
-1408426872 -1638529809 -2045369871 1462885577 1403801863
-411999392 -804058177 1192801234 -11655219 -1001892086
-276586552 1864847360 1335671881 1544581987 -1746409072
-1647920403 -636612221 1377116885 1524415409 -714128901
-1303635173 266229836 1037648413 -1700200448 -908495244
233730727 1742705870 -1155012847 311229545 -745307483
-1124508340 2121793234 -952015568 -161674415 1386844324
-647551081 -1778926005 77877187 -47592982 1013025508
-493389261 -1130873828 342801548 -918688911 -1387044711
-1541092756 1845734686 790031025 232045594 56407829
152734315 -559839975 -1354654419 1877715476 1551131236
1658747579 -1015077426 181295846 755190762 -399833880
2047307678 34610450 221635934 1911728663 -652661395
1941026217 1211362160 635655162 -1458425714 -1890880564
-2116519661 1539837370 -681278334 1545132428 -1354233533
1172571265 -1054972199 363634339 -1905694255 237154505
1006864487 1813037058 2081420508 1483432201 1677995109
950680795 -1919840749 -1794165775 2125462914 -74112143
-188618724 2138375215 -726188409 1870302692 1665456501
-1285325896 -1940389627 -2108097295 -494260824 -649976222
11217037 -1957041619 1945820117 589583653 213643650
-563214769 1837411971 2046185973 -454700430 -1967950226
467906549 -62085534 -1762348116 1467081273 -1652319552
1204354868 -104130528 -1844030916 1100036533 2116469456
1614917925 -1574025445 -1895814901 -824921394 -1221555222
-883081170 -1324677858 -1470287224 391924901 -448194239
-485362530 385991646 -1965416319 -231859336 -572016976
-1264794145 -1062346660 1443437201 -1027200498 1799275401
-1467203529 2046585566 -1703917753 -1672618561 -1141734419
2086107312 -1131081145 433223837 1507425154 -1169078971
839508185 1840738167 -768954350 970053034 2051289277
-1228690073 -815760913 1384225659 15902891 50130308
-3000005 602690713 -766092790 814024706 -493897484
-732675227 -1482513453 -156471139 -946785560 -1924754082
-8212794 555969475 -41382783 734636155 -140952370
1558383345 1524036976 2056703212 -598742561 -926871701
659790184 -72520687 1337375319 605908640 1838495580
994995082 -274017439 -432140735 1617589016 2070653507
-1547641155 1587901821 -42825976 -1547407062 1443069705
1431121378 1193513208 753555335 402461667 -189080732
1792845069 -1943051921 291325759 465288794 -1916963744
580189822 1980716810 -1948219656 1809102599 -1099283854
-1620660909 -269707350 440784693 -1497120385 -1124270671
-116799831 1658197170 -608196474 936222230 2000353805
-710837316 1692836519 -1607411241 610498237 253681124
-737683455 -95304310 -806463062 -141792767 413958965
-1748999285 273394089 -1112090532 -1294130132 -1500978639
-1817542670 -1478501635 1731683898 1747063254 -602134059
-1526152555 -587930118 960952753 558584697 1322145548
132215991 -274992202 158077130 -1138033186 1295183672
-2068301325 -161715465 1933148066 122773203 -628478488
-2029101174 1020355369 1559029735 -1454636900 1386722269
-201849714 -1494679267 827558984 958529763 -1115553645
-984184090 1099810706 663214948 -1456440298 1152737707
1088671383 -11044896 1675224745 1156641647 1867408179
-276099753 -1860330396 999474856 85019831 -255268333
329026743 -1826787657 -1537233902 -1457849823 -1275058709
-323246901 529650723 1700857938 -1363229858 351735764
-1198312428
