10403 368 1734332971 162707401 1221895848
-1612045236 -2057868246 -455442649 338473998 -1484983567
-1463666908 -1083061181 -414002467 -876845064 -477211777
44611938 84974537 897209358 1721611946 10909151
102933117 47946834 938314679 -1644589291 -779236204
1686505430 1051193451 -471112139 -1427061029 681416160
-819065172 -1036479205 -1892287533 801502094 746240356
2004071609 -1825472901 788643136 1861351999 1781987260
2125466357 -1771744481 296158068 1575475750 -2039239426
-1573811667 1997855911 1504338482 -1584847524 -774129778
-633657810 1586109997 1200874471 -540975991 -150391568
-1061322535 1721701750 977316467 347131334 1002163502
-117689568 -356618538 -1761686919 1574450754 -617022309
1989850229 1177206585 241166086 1130584026 1772591172
1134402627 925212051 -477692338 -2094453974 -851826158
492140578 -1179507617 -858290152 1744925433 -101282074
424772632 2066691521 1956490943 169558833 1863966441
1647127741 1641136109 1764558232 1584470005 1313124205
288029074 -1486138158 1085387680 -1593273885 124025028
390743131 -342485426 -1636855157 -421857510 1421785748
-1793061253 -1829387567 -2058927039 -1444865532 -926246605
1430426019 1479246031 614368869 1715133055 1742212288
-1024573019 830906919 1057823092 -1283054263 5194993
1289388661 -1274428288 1684665864 193267657 1717935139
-369691739 -1811285873 630327589 617495814 -509585784
1567171563 -875768322 -1089244251 1351959445 -644872826
2100067173 -923197292 825231487 1152514928 -1562918108
29348110 -1597621549 -1991302109 1262642749 1836091494
-2092510297 -1449435881 -1746724735 -1782419278 -1519894664
1162117172 1096839123 852823929 1234156293 1247668304
-991781368 730274224 -1314489373 906795583 -1752697627
1158161986 1478630334 154078410 -1671455668 1750705657
-1198489994 -73931824 -870527949 1376321874 1147076804
-344619353 1293093738 1893326742 1008352475 -1900542341
-1328370107 813122093 1504618787 511159630 500804839
1924946399 -1766951919 817599812 826222849 -428625097
1728979411 1525053655 -1544587918 1580074012 -1230531944
-2140387050 2005229363 -972109854 965318308 140991526
-1878759558 1032509611 1006700128 -1055908318 1156416591
1074045689 -1486787270 -337993929 -526900548 491883601
1387432015 103341514 -448170325 1533116007 1120515156
935457254 806612677 -207510135 144214951 -104768588
601923167 -1508837263 -1342319189 -206088898 404729719
-362022190 -87362504 -1018925807 -310270823 920407859
42919105 1998633149 -1752536368 -693910129 -1205309631
-1050554189 -1468320194 2052387365 992406227 -328283386
-1292990789 -148881423 1740433031 -1098295568 -1658636648
1107554583 -2015277009 -200780728 1079924043 1291621336
-287079157 -264509210 -522277324 2139393961 2014808256
1971348170 -1800393101 1778821489 1237549171 783674003
999340447 -905531089 -185112672 1653584679 619187416
-1795873717 1906035799 288285312 -650509776 -1498999231
-1587129459 -1264276793 -400795097 -1187628110 891660756
-1646136696 774432759 -790990269 -1506998513 -443193190
-387175804 1423857790 -1244633458 1804154907 -347840229
-1818746124 1385668354 286455268 1762876713 1910444908
-1071885329 -1406963489 -874884853 1922240119 -1293791075
-796259902 -135548745 1937519367 112395367 1325200982
-1205273373 1790080566 1038230439 -1895364426 -2071093774
-1559547157 -472396156 -941471239 -1381452582 92252358
-1929842109 -558585357 392753655 1558110948 -2136704843
1188472950 168016378 728328047 -272451075 34327215
1291131522 -1770618781 -1240521437 -575994985 1710035553
-879778972 -980012763 331749777 1529357960 1334670991
1670743766 -7850216 -949049117 -192517555 318269607
19250625 -1146896634 -636531075 489733811 -815030291
-734166922 515025744 -1251737119 2102547170 -1797490579
-1555097909 -661841689 -2033930257 -287179444 179250109
-430065967 404458000 -1604976418 1724084241 960565555
-2010929947 -2115369059 -2117603443 233486324 -796053025
1654437630 1835020960 1458131005 -1004155945 -52644337
-744347481 -1394437573 -342043589 -1557838122 365140958
-582621799 -2048181383 1072990483 -414556988 -702276913
-61610336 793567682 949731775 551572509 -684252914
857496037 -393361225 370608117 1244732252 1541157712
-1949404066 -2070558137 -1218133139 -913009076 877938177
-184305205 23532403 966520977 -422056671 791339927
-825230852 -1060595649 950423380 1030308447 1963882585
430691241 -1134435076 891140906 -120878334 1873206035
-1852041792 -133237803 -736475319 199216700 -323051983
1613139072 -1512743666 -173840160 171429585 726271133
140504911 -1805892641 -1111091451 1264784256 781122221
1684173626 -230131399 88111941 2094947915 -460253515
1713997463 1973715435 -530420680 -249230952 1491847794
807233117 317533068 1307307788 484304620 -1256384863
-441297476 -1912703259 -1763996656 1657115089 1118704852
533679975 -38019147 1736328904 -913904694 1853121015
-1063119373 -1096433280 585669014 -668262151 -1990122751
-931742859 173237115 -1075471527 697022926 -46142721
1473649033 686464690 562524919 1291579746 1600206771
190619519 802989769 -587902126 1547834921 1312751955
462742726 1363483439 -1797428581 1977412282 411839135
949753429 629100606 -834457324 -1435414451 -480088254
1713496674 429871869 -1602337994 -2112888618 1097000143
1469171934 2141783121 -253169294 171265099 310208408
293798526 482259362 -300413806 -1494944720 143783078
182972443 -915489542 -214007892 -2010803298 1449168237
307788940 1920274528 2042244665 -1262426953 -1060221321
2006304506 -2033518040 -126887247 1689735849 1965886026
-729187518 -1073541457 -389079375 -275191899 1413134625
-923603652 174286986 1851421275 1999063959 -330328958
-1564945852 -2100591868 1259653262 -1376066730 2087091081
727084823 1659285990 -1710308615 -1640264231 771318178
794277870 -347088001 729485622 -2053159194 592048122
-2113446832 1207601559 -798413076 411947432 -859824169
1101604694 276249951 -1224239071 1199386847 1422074741
-1493478846 2046563349 202247121 -1722155777 1717365232
908932320 -1673002583 -168127666 -1342852382 -1429937285
1891445250 -549175772 972051675 -1727693948 365219891
1600861774 -1404546800 -202036291 1258529462 585308363
2040871339 -783420830 -858170003 1453469190 -1481341668
623743376 -927121024 1543543813 1335095794 125859346
-414376543 -577333626 -1962599137 -865848589 -691237313
2079182392 642051023 -389158968 517299336 -1655563183
175453185 -1589803109 -1117745703 1064167904 1171484160
2058052827 -1210421264 49323042 -1056937804 -746276890
-129352079 -689672728 1225184585 86386716 1555286241
34065101 -1664595793 1158365024 -271383181 600827252
-33795054 97872253 1248543353 -1984025299 1209062758
673407241 1121538164 896239304 -209485453 -603751557
-1754257525 298335069 389093877 333785593 451415376
-297278690 637479683 222398658 1683739936 -2005900259
-672479088 755608972 -498598418 -643490926 -941077333
1354726504 -100770720 -1656566807 1333736799 641578590
2061646948 -950122997 -1064919024 434818259 1271073078
-1585932298
