10403 528 465201719 1607189228 -334002331
1265335064 -470113128 2098232682 -1745915967 -1323221673
557460901 -1917062606 -1052710077 875472093 -202125788
192997886 1631368879 -1800152270 -955623368 1591393116
2114569250 -1323918882 1116485330 -983421678 -990447534
-1688617547 227533161 -721377523 1390561193 664492249
-90662794 1709928757 -240815254 773276696 -1226570989
-22257354 535755639 124066295 -932060458 -506936991
1076087061 1216192573 393400166 179784613 1980781103
1714705862 -1109353323 -1937470026 -2020615780 -324391285
1914535266 1262570864 -726930401 1345517562 -1830043857
-489723120 1554684869 -1568345257 -900901305 425280659
-1449304496 -590801779 1623247632 -720829707 1515282630
-3899614 35371044 1519494768 -683686367 71014101
-159568911 -264715054 1559638061 1845642685 -685712799
-774237983 -1474667650 1349346880 1504425727 -2001572864
-1516509165 -1186819594 1081755454 -772390136 -2102838603
-327908241 4849967 1555938751 449874533 -1084254904
1442410059 271495151 -900358734 582917640 2132861029
-1421915146 498990537 5824555 -1456295312 753723908
-1506880212 -1441417732 839464766 -1049228310 1075806064
-684099679 -1469269565 -610872663 1791064536 283425602
-750470968 -1102239435 -1635299463 618479552 624444902
824104018 -1706881758 -2025065138 -487167405 1261132546
1309780721 -1607953105 -1180196958 -844867307 -434628560
1272357509 -1714530391 164878752 -2004310268 989404731
-554769084 463913923 -631990586 836853497 1110701329
-1349768749 1374189623 306072987 -1624669248 768093430
-1803216634 1537909911 -2061968432 1537864399 1493623044
-838375816 -684519785 -1308568753 1557971413 -916565976
-891744954 1318210091 -1838265757 1119799906 1682332353
-2034556393 -581843747 -1407300862 -1059839367 1463944465
739722139 -500010634 1313686924 -92123384 -2053237387
1966953255 -1412812242 281641807 1205154407 1579267826
-1177758943 25666562 -1948901230 1335608069 -489983733
1926768565 -2121905096 1170966345 -126907952 -766731190
303553338 -1534745235 721626823 923814269 -511879524
1909778166 15827620 1578126582 -241177468 1938932154
-323150640 -1477213051 -749864746 140221112 -1694191751
-1989963709 837382544 -53036645 1552412752 445989698
-1518575008 -618019798 670965330 -2142772630 -679127674
-1571393134 -1701236915 530099709 -312379235 -1465845463
-2061650228 -1946443128 1546757329 -1229242550 274103389
516325659 1586887291 -377125609 256366396 450483343
-1418752045 -808586328 -214280439 796445691 740160460
-236046191 333973420 1266256022 -1903124728 900242647
321962656 -1731400947 576403190 -1662403551 -777884721
-1189813169 1169426548 1185525650 828003663 303768307
21691125 -2118782028 366007031 1438596851 394205389
1183840035 1681456366 -986162722 595204262 35433255
1502482977 -1956181461 2089927672 -1836712483 1143943984
1500014007 -1912852291 962968553 -1279133988 1657600791
-236923442 1549246009 1484633321 -1051800828 -1074281488
1026969692 -126209720 741731364 825009422 213252337
1994269596 -854352770 -2052827904 -1092097448 168172349
-2061213180 141325740 1977416461 1358664064 -1295621831
-507381818 1919510033 2143157809 -1186133364 -1425228170
-655672778 -650982449 -2008618447 1537094214 -2087888930
-1296171323 195560134 -1713564350 2118699671 -1804387666
-1675449958 -930789623 1633773498 875390135 933421105
-1085879425 1384159794 -1052475995 -2144947019 1113367484
-2088902411 879782379 1780366349 1090035232 1867705640
1709872437 666891408 911865639 -913171068 1286514057
-1065257760 -1637863685 2074398015 -864006933 -649627927
521501681 1897245718 1332572147 -1677283211 1936615308
-1764824000 2061930488 968158324 -1538080979 1008705215
1147361647 -1031111377 12518375 -999592872 938058763
-489486791 -472354383 453404617 -296351285 446201393
-674672523 -1077526487 581200348 1018990828 -786301062
-2141654791 737430038 43322166 1808532232 -334806141
1859855112 -1196417940 43917944 -2053420341 -1922848606
399323706 846870683 203855961 208283192 -1134013039
-2076794153 1550400681 526262461 -1711960165 1430109573
1066087742 1721346077 1606506741 -773875899 1496183063
-1625042597 -1723185399 214898938 1016661448 389973790
-1414802339 2004815724 -1604798190 959723420 -230141115
871926200 -810001052 -531000544 786100583 -756107866
-1255553704 352711040 804215552 788492131 -1992806353
-2009911031 -1420491011 675704430 650094717 1672811045
1420559800 1394698859 -1645243297 -944145254 403683540
-2005760832 -1427806263 -871986201 -343219242 265336307
-1035661668 -542323444 -1620860025 1773696706 183693077
-593739622 -997326996 1245406470 -1293980844 -798237950
-1836643698 -130819902 897220054 1022278755 -337751799
-1343346135 257906810 -1386565713 337786674 -361479319
-926755751 951109425 -1267247338 1505564832 -2040216140
-95176648 1036417286 1167855204 -650594303 1523431485
-1314986510 -225702342 -2056710921 -1582789121 -2121832740
1160303325 -2112880928 -1641885503 2087798949 -180821361
2012547667 1157254568 -496840082 740059300 1885909072
-1420939757 1693123113 1072052921 2017930204 1232377467
747221668 206776116 1380683185 1092747255 -478636926
1967344074 -779766802 -520771372 -2029492495 1310580311
867832646 190424633 881921890 1156600816 -1874818465
-427210164 -760618362 -1777905763 -246936662 -1786408473
350326992 -1962122326 -1661762901 299468171 1494737591
-2063895423 -1511285261 793660172 1907785179 -2050398955
-569103221 -1723491763 -1870211428 -248543442 -311533985
-73569815 -449908992 1926835660 433489276 -2006531055
594072101 -2038403290 2049244203 216525150 827371616
-1084961431 -698792053 2035912523 -563061117 302775901
-837008302 -594960898 719061583 1150528958 -1183710818
811421102 -62780618 -5167237 -1854548289 1145470230
-1151519755 -1937591651 927904480 2077694875 -485257931
1237510579 1493816504 710272548 -1979858665 1200393548
-1810902311 -743635219 1034488168 2074429230 -1742266958
1474949570 -1046052359 824175436 -1318783454 561460025
2137884377 1216021794 1458131689 239336484 -1749396063
-1209565521 -173422506 -1669083337 -1662737003 836462096
78103978 2046323553 -1101200846 693939550 54302335
-1283256580 -867730510 907851367 -1931031829 -742552463
-1900519900 -1648177088 620940276 265250092 55349250
-211145315 -1395766448 -1471127069 -110970826 -1239305024
1079222261 537195026 -405048606 -688601258 1476704840
-228702869 -1260847145 421786880 -1025025510 -17451104
1295964881 1598136934 1962323940 -134431871 1700752148
-383790110 -12561971 1592688394 1082667505 430381780
-976804876 -1540916822 735157960 -466321385 -1860578314
891756212 808971312 989530255 -170326213 -2027109245
-2093741983 -170486388 1364793530 316068676 1595407641
1514832383 -1948924504 1717079682 1629856311 827524077
766332399 733483453 601325555 1278948635 919200845
-8019578 -1094752981 -178529865 -458299428 -1039005591
-997227456 1013303567 -1586288374 1949987867 -2011666578
38281316 1358232399 -726507461 -983895420 535504222
1399650654
