10403 304 256943625 1763782395 904315590
2126765261 1157422150 -1307801210 -1315706488 -1667653503
-756955924 567396001 -200923415 1520113276 -1057829903
1669988365 616123237 -67333627 -1541276535 -1270003135
279406650 -1759618898 967829257 -522429662 1344388077
-379326628 -1805134093 2063153705 -2017493198 1619048002
455617933 1626991817 508221649 -1798514059 -114733022
-1028682152 524769133 768960302 848213033 1430272581
1778308405 837192380 1919011409 1648824946 893233880
-1598385615 -1694500546 66868262 2023961868 1170722730
-14842394 323403866 572211609 -1939138285 1846548752
-237206667 -1940711106 571569643 299030552 -648300114
-1841932603 -317128105 -2066950142 -400442898 -1614679828
714292958 -284127845 434762397 864151668 -1532534689
-660184012 2026581988 1066057126 1384754735 1669369174
1651398123 1679256307 705702478 291044203 -2057400813
1881133215 -989870393 -864074573 259455783 1728320756
84067788 1307087575 1058082120 474091275 102254630
-846342559 -1834258773 799794296 790063472 -1521405101
1782688263 -1979913217 714669551 342460020 -817399458
-87947073 632259372 -2126430973 1112821863 454462583
694730094 1137545751 1045067640 372704582 -1549573345
1467457372 -1023821304 -1022577574 1861244432 353651972
1921840780 -1498498945 1259925901 14922186 1316889223
-1564276544 -118979655 865712474 -527576012 -471313065
-1797972519 -1768046420 586103560 -2100545842 -1015075100
-1183687223 -1237964273 -1926225350 -958082343 -944536534
18655002 85576596 -1705418899 418621632 1858917933
1919445621 374618856 1763467509 363684745 102759105
-1267998527 -1064369131 -484351363 768423358 -2004706038
923779621 1692004246 635354745 1024487536 -1475594865
1396583949 -175392298 -1124700410 -1939189975 -189775819
907529469 1334013569 -684571282 1742328892 1495504233
792996698 1687142493 940979993 -714316719 -860035072
304335149 1006667422 35044628 941524109 606991586
-280199630 2020415368 1121219614 -751267790 -957134810
1060439077 -1869681441 1312116548 1913323089 969185090
728188247 84845100 -965871798 -1548958007 2095156107
-963735906 256887938 1343553016 -1164531894 1508919871
1779199689 -557732112 918254851 736705440 213040112
-166934534 1741427379 294688514 63534607 150171223
-1792112862 -774229001 422053895 -1890920685 -817383845
-732355209 -1154441189 -740733760 1109179664 2142917051
529365924 -1296358753 -748784990 -1772126971 33869895
-1015881612 2012290588 -270084825 -1427242069 1228465843
1921198952 1271815471 972036547 1591547657 -34737958
929408696 493978807 -2048486401 -801139376 1911701537
1379093918 -1697668837 1573232879 1976711897 18680352
-940728403 546807297 720945795 -1346909546 808497832
-8905710 1105177888 -1602163940 -827687860 1149939557
-2071447839 980379344 707902570 -68513653 -428804380
-3289320 1361919322 1026198790 -552934747 1465812918
-530732518 159490258 -326276868 1894855559 -565823775
-459285818 -1999722193 -1556646992 1385071883 -1686840013
1801156541 -1089927282 971398861 2003660781 1911018279
-425226272 -1516990484 -1949200012 -270488842 -251309012
-144333646 379697087 -557969351 -2080169575 1603745740
-425248876 259909972 -1695032573 2098370423 1221712396
1250608233 850572722 1961278864 289544628 -595941437
-1020380560 1880222657 1742627238 1866946445 -1154747636
-1698721422 248993829 1630129266 -1064557854 348592721
516606590 -1749618338 256540305 1362483213 -1119628125
1251430228 879230236 1157889259 1070963136 -1673204128
1722090611 753840322 1929941088 648775050 1978332149
-1303340699 1939630222 -1303524635 2078981672 769588264
-1184691966 2739637 242362898 -707549643 1629394806
179238909 -385570944 -783050772 1165605275 1083958288
-373445330 -995919897 1732776308 -1383422288 -1562968287
-1013528585 1509547199 879264512 -867032254 702510295
364819152 -1013546110 -1851338955 -567146764 -2119011988
1143137936 -1841375273 82690343 1327933424 -233474679
1665278766 -1888666352 2043302796 1303528307 194943444
401543181 1433071682 1639493061 -1317875324 652560398
415657757 1083204166 -1354137254 1951814009 1421197354
1797485198 886453641 233317901 -1751451533 -1543864188
848985764 -1989854837 1419281576 -1407160300 1321609179
1038067022 1056150792 -1967803398 -706533971 399081537
1526538982 1344828637 -1705731880 1643116304 1864104310
-2048155311 -828235262 -335488735 -1383515494 1872643773
1701354520 1987550540 1719755047 1773107872 -768352859
-1186343363 -1656555834 -1832187813 289184357 1319611846
37364390 -1987518176 450539383 1556069407 -1975234104
-1282702633 800179155 -1782107981 327654931 76781402
-769755692 1844004029 -1967701918 -187609574 -868899414
1500979089 10450601 -313436041 753449781 24343069
980864554 15006900 1541443234 798321617 -170210538
916248992 -1080245535 1819756039 1560062244 1863804953
-1063519755 -1522581248 1679098634 -1764870724 -1099195243
-1907013213 -559816272 -1479441379 -2058632871 1349778421
-1745421065 -1521601428 -1235418630 34351791 -1587058176
1920879782 -128510592 -2017554814 1221453040 -507267120
-980417659 -1993655501 920010045 1092744656 1385455754
-452396851 -233364286 883128824 790338492 -566902371
-312109145 97710323 -709318762 1354195943 -1730806147
-1956037330 1316190296 937843340 -28671498 1267338704
-1516498201 -1255684957 -2042828804 -695485698 1589349025
-2097823405 -1076935758 1342933734 -158296362 -1289028401
-1421752991 -1648147678 883531613 1366254814 -1784880988
1801811605 806918555 -1267858230 987896853 -882270075
-1960684093 2017638840 -1205457524 -362000238 253119869
853277744 -313598980 -524848651 -886066477 1158236993
1982761039 1827470439 -1968439322 -523704470 -2133663491
369521069 -1644279574 352272336 56808493 2063127575
1717314467 151878862 724331462 418461375 -1930648498
1521678825 1230055147 1099155118 -1083739124 1422251667
815480928 -1446206126 -88451122 1507853031 -1503131663
-2129493039 -1727656520 -1703056451 1210342815 -385445808
1848822914 1689138890 1736608180 549843682 170037045
-536799503 1122265362 -2021900904 -1322901421 -180277259
1976192208 -117082016 -2075986468 151679277 -1229587141
382945272 -1168992257 -1886128728 -2030037958 -1957940925
14959861 697992296 970060083 -1272290241 -2101867107
1917456418 -245037714 -680212432 100207431 -783947042
187275454 1858178415 -68033083 657962221 748954070
-1392793804 -1817098764 -1898438458 -1241213658 -394568964
61721296 -1956043467 550536579 1685739349 -289663568
149475061 2026237580 -1066839447 363262087 -1778586041
-429982244 -1230418809 410281224 1997146405 -1041559255
1085874613 1213341970 -2038023184 -1834017527 -740737939
1209861165 -395798460 1937871239 1881974480 1573845705
-953353762 -2075985915 865558389 1582269743 -1505918979
-1553180079 1589658205 -152084379 911052076 -1669560590
1322671322 -202680865 109422142 -1127683843 1883079206
-1539168366 -245552398 16080497 1857253134 -411073755
-1065902010 1658705168 1987558064 -1908300214 -726866028
-149972613
