10403 32 -814089443 -1911528305 -609818204
-682057982 1527432046 -1798863316 1376778393 -424351167
1323933198 -458653134 1467067514 493863903 -1442908887
375960875 -401987554 -12140205 -577626862 -52199083
-178691531 1405238666 -817190177 -819940027 738187981
236901346 24459475 -1943593733 -172981808 275138530
-1248105137 690382405 -269878285 -1010888189 1250952405
1044115346 -146964849 -983601791 1415193677 -2005943021
-751780776 -75154073 -376114286 -1286365176 -487702760
261746658 -1433408450 1250889404 1305983361 1199255999
792610519 -2145057470 41884406 -946180002 624008256
189868886 -798882314 -1384611581 -1517443756 1717798919
-1538364189 -145690301 2023501907 1502269617 1138254230
609865496 -1061317910 647343586 1007497259 1590999207
-1231405125 1401960865 -120379855 -4349490 1813754155
662512613 -781767869 -1200378673 1165067979 1229598190
1441352326 884293520 -1273132718 -551954436 -1314685783
-1118650417 818865745 337131868 45710025 -2127954490
-723320139 1467417970 -1532831652 -18941592 1684013672
654779022 -1720420711 -1507504860 1308013132 -951998472
-338944892 2037286133 539853433 1302078747 246481449
-1205927726 614394402 -2146762096 -56394893 -1606551583
1992442707 -503165736 -926088865 1492401352 -806583523
1401417104 352773485 -669214399 -112813317 -823117904
-282988137 -1978520118 1261352798 559352380 -1053406004
-891533835 1786584804 750955196 539807845 -1738166487
-552616018 -824607587 -732487761 -444424404 -2102238921
-1142103803 -1410210796 -5909947 -545113079 -911849712
1480689168 -133954676 175380698 681498659 -2024569336
-485429999 1756170671 1521522271 1147732939 -790129449
593795215 -1625136594 -2032747285 603195061 -1842295181
638587117 46790422 723393854 135859505 511875653
-2099024999 209521667 1351919981 1118356097 -12234252
1086117290 -532567738 -914407962 -1932923780 -1553114135
1293443899 -714465610 -606163976 -1751120981 184925370
-309704504 1837463607 1153811620 -431560554 997678772
-987213441 842348366 208069535 -10304053 352093594
792506670 1897156569 -832943205 -1272769126 -813354627
249141563 -1677566899 109269834 -791677223 1860586568
983030567 1983790791 -1137045094 -1025271749 -1846399232
-890745318 -605318149 -1128053105 1227839458 -1336662340
-277352058 -1106612576 306344184 -691202716 576803868
1445097617 -1559338913 518994176 -1558059396 1194060086
291435784 1749969766 978713949 -923007736 -123851835
-1669879950 -677124754 331953440 -1393845857 1103776918
-874449672 -102928828 246299193 -1278507591 -243663118
-1443085625 -1305741806 15038019 1011033883 70436084
1205186441 1994005565 -1681914431 828328899 -952906600
1843307984 332015012 1888085987 -1578154762 -139453437
-1276223250 -614253001 -463277724 731420621 -1623117983
-713261014 -1676081252 -1374425575 -222039079 1291024345
-1949786353 -1862084483 433704120 -77915921 -1796581285
-2018411406 -14926180 -1924691374 -1926009857 -1214070976
-965628502 -621094291 784491209 -1678512288 1269796251
1549876822 -660162801 879718487 1422903708 35077838
-316049385 -1301938615 1758456893 251306224 563431219
-259800775 1338236089 1294182989 816645443 1238801942
-1444994671 -983253280 -2022670279 2012211574 -1119193917
1512171378 203522703 436239294 2127953692 -1950201435
330146619 1612872981 -657072525 1195703103 1138513572
813528065 -1489333837 -645493339 -1348930902 -1823800330
1463920749 1788296651 -1293469974 -1048649503 -287174699
-623359138 536981084 1948513023 -881729661 671123894
1797894219 1695353021 174925104 2004196997 -1371016490
844028956 -332416260 967932300 -2047704108 1689223552
1178532222 -907651585 -908822580 1053609077 1963655331
143801908 -1595295861 1082410084 316949541 1586879815
1654864460 161079845 -1131247353 1220737091 982579699
3044812 929236495 2003308126 -1359967827 -2133183839
-470629680 -2077107724 2068993660 -55549663 716881960
-1533137062 -897375869 -1191749782 -1673963811 -851243076
-1535539948 -392226910 313880258 795375744 -1947186868
-259989713 265594534 -587152823 -1929588974 1814783583
1133792149 -1065834747 2083646226 1422617430 777042032
-1434970334 961671249 -1258364945 -775804203 -1469606630
149517691 -622164147 -1737338572 789268823 -1865811048
-596709385 -832035843 289952312 -1639042007 -764119024
1083971149 -285277083 8277712 1395810425 1572310695
1847488195 27698255 2085137174 -2133815817 1495448443
2022906018 127811877 -2129660075 -1502438296 -872707423
1901727757 2137298287 1476958955 -1999455522 -1073102001
-373894148 1567538294 1993193784 172165521 582648193
350039091 595312373 1187054185 -1700494645 690499944
713770858 504249632 1479612031 504157178 -2104273139
-766922113 -1090811916 2133797130 -8692828 -1348687793
-322060463 -511046958 -1474517901 -401174869 -1441444339
993599284 -206401128 112274192 1852342484 -920993018
-1782718066 -1656340660 1010873278 1979678887 620304328
969625838 1764954143 1916180542 1601899011 1366412215
1308523988 1427603966 1315912803 961904951 -1173103597
973880644 1373532818 -543756656 1313518576 -1593538255
-819867351 1626584699 1999496208 -1611205215 1807747714
1580789044 1807596314 1191408410 1993312350 74340366
-568401905 -666008142 -483973278 -18267150 1787398454
-858642524 2127384795 -976848065 242585154 -265967506
1104120376 -591509838 -227828061 1575525089 660988591
180011777 -536810440 1654656834 1405430225 -1479691196
-938228337 1558165765 397507001 906276217 2145888847
638101126 607084710 4980107 -806453321 -627449031
1452555367 444736268 978555725 1567873491 -2141923153
-610966112 -911807160 -929341349 -988678232 1855050049
667285858 -1369486131 633886143 1851250400 -1200107406
-1663985137 -1398977208 -1507251150 910147850 -317684532
151430879 -1608294525 1374854825 -642089416 -917659942
994590363 1340603033 -1398807540 -80817644 -1821517762
1244055965 -1581241375 900941692 610238219 -667057766
-1434189256 -459527078 -1674124632 162548563 -2055218162
1889596840 1703131884 1914378788 1721593244 983052094
133008351 -1554192804 -2006409525 -1345832816 -1697603150
722338718 1186299309 -1830049316 89409346 -476563577
-836857702 139305902 -2144800359 -550412287 -1172360304
646373467 440455348 -1927160865 -877567343 -773007473
-661718561 1153832240 1998941869 1125509549 -1242469609
1522244021 1147968271 1300310799 -367173755 -324145485
2001359600 2108677104 -322740358 28103579 2074155275
747598215 1403277140 446696979 -1595827932 164958210
-78135491 742199787 -2062323571 -635687921 1483042384
734776310 445495764 -1931131908 2104563009 -679399254
1941430128 -1695917344 -808146864 123570769 -1050769270
-770061210 -1479443887 692459354 1103949483 67804467
-908867719 -1952233076 340905453 1033703013 1470372078
1908070224 -901982617 -2144682243 2087842245 634015461
-941999087 554114122 -858285029 245196567 1403214942
1558158367 1393057869 84521340 1863550118 -956982903
1101888931 -1037194859 252191957 -1946126928 850415583
1489424697
