10403 400 -65151907 -1871472455 1288268520
594008689 7551024 -696555055 -239279837 -391627917
-5610445 1226378816 -638584602 1253810566 -1835899462
-779860051 -407432126 -1948014170 1186307700 -110551594
-1251664282 -1325563427 441483818 646469586 -1735689872
-318461166 2134319943 2088006157 57519549 863246531
-33758401 1979831098 1070664177 1756781076 -2015871708
-1706807206 1142965907 -1910467626 -785077182 -2098085777
-1812059170 -1460467113 1508440725 -243902358 -336884453
893032442 2000166086 -2102013390 1599850685 -1686914364
-400175802 -2053891465 1971965936 1762115845 -1611094158
-924660261 1324729896 2020704238 -1848212295 -1126113788
692092505 856417385 1922051998 958802929 -1169227761
-1863725148 -1026749236 -1161518055 1137703246 -2077257692
1873190101 745306692 -1216421153 -1295109193 773939700
1716895045 -1096386402 -1566629875 2087305954 109527468
-697490009 -230622009 1513476300 -1442729074 131240728
-443732718 112568607 -850235968 -591682804 -357670652
-1385411109 1080010205 1342645899 -185396158 -8932618
-125095309 2085698689 117333173 -1694202546 -1402526287
-958114751 -2070275787 389788652 -987359455 1973893880
-1923316480 1793798461 1015202598 272798592 -1717615956
-441624988 1478026571 1968916783 1364715732 1891720950
-1808322787 486980351 950625702 -2048927862 772893753
636388683 -2038688477 -1480407522 605223656 671308044
1678107184 1794145895 -2142452696 -293587399 -2013921045
62338197 -251676962 1444907499 -1664361340 648734679
567632133 -1160430598 390348388 2004321861 -1052642140
1448504447 -810923129 -562526612 1260999133 -717782775
329464504 555690949 1921332656 -1002393943 -147316217
-453539384 -1752819870 842569117 1967817871 1256698956
-2080223140 -545208665 63916214 -1853360018 206641226
1989877304 -736093171 -1427308714 2076257324 1615046461
1280398854 1155259541 2092713620 -1409673302 1729071737
634306132 1560854820 -19307284 -2114207696 127846885
15921151 356717736 -1566011381 932162982 1741112788
1636908412 -581922536 -501573526 -908216233 2060541236
750915051 1665082264 -939980977 1999144167 -1260995776
-1214364629 -2072680273 -455286652 2037397731 1046661040
254040853 838857098 -1655235813 1159367181 -1443356274
255725425 2100552245 1933289734 601143291 -1761259783
1546757040 1647341352 -494850461 459045038 1849686608
1427004277 -86036105 -821772500 347188597 1994653389
-17898598 -717773748 -304881638 419307654 1672626111
1432575389 -1046348960 -1308314856 1858147003 -1413269190
-1073142245 -1079256664 1851098147 -83884774 -217044921
1395390650 -942600707 -1758328707 431877060 601554689
-21333106 -1993521187 929755110 2097862582 587587629
-1060802212 768928334 775378587 -1724828874 298690847
-823146282 -1216548378 1000229178 -398611006 889594771
-1765193036 454423297 1101861705 2128104701 -1286879028
-1236605727 1718600523 862701097 1212300819 -37374019
530917801 510157945 -1500026684 -1353284386 1872303566
-425059655 1443334097 1491803584 -742024995 -386608638
1065109302 563957343 1371842512 1343414107 1164435826
-1232867360 -599003558 1102048146 -2070641023 2066891426
2055296278 -1685253077 1715841898 -1814503151 651123530
-537441338 962727064 -1866557413 976003305 1644359052
1883861816 -1426569868 298181716 1211160230 -186726184
-1587990460 556172663 -1786684272 714359544 661845479
-1516569214 -788308069 1580634918 -587356485 1188479312
756381596 117810889 41601595 1385931898 2144866433
276969974 1725686943 -209975772 1556990668 -1654307857
-305572833 638668471 -1742833965 -1176107483 -1191891011
-52196912 -1662698088 1680808200 1326120293 1851638140
985794338 97316871 1084159980 595372740 17043040
-1522310663 1702169173 -1516626853 379668660 1776201721
603873375 500223056 -1434552594 -308508294 -254112318
-232749145 -428615076 869363158 1196889654 714877303
-1785157346 1984813453 -380110748 -1575416949 -2047993757
1256029267 -1550763156 -1258203944 849752806 -1393035026
-542871830 -1768913145 1158331466 295636134 -782502031
-1049958225 -2066488696 325068019 -716310722 796297799
178601240 -1308720877 -1518984496 -1923044759 1289001774
543344923 -1398429371 228545391 1358530236 -1838341421
1005118202 916006429 542166759 836611852 -1010255565
678060201 1340499554 -420210048 2124810438 1219936510
810852113 -1233688668 -1343524652 1994042584 -1898791991
-1985914493 -712163378 -1868977639 169541948 1013268195
-469462373 1379294416 1063842922 1644051450 -816502799
-941833083 1966856294 -1299192632 -1360207992 -1534660098
2111089343 730080633 -1969149079 -773273931 815488021
-586247508 604993900 -1546316737 -790751914 -1125437683
1553691627 -1314758567 820805758 882262612 -1718311689
-749659725 1468170658 -800862178 818996646 1885336597
1701914286 -1413739804 -1767962873 -1431987801 -1774467779
-2067968400 163127999 799268621 -1258116602 1565464964
-648644989 -2024198481 1977156852 -2020439348 -2034956378
272467453 -1006493016 -1875637621 660554082 -975263973
22489538 -1409750674 -2081711340 893999520 -526942949
-964337574 -977765570 -193404242 -1724153493 -478485518
-303975043 2072464312 -747274610 -499316888 -513275176
-1865195380 160328620 -54467902 -709385213 1695584570
428324748 -1940681745 543594207 1797424433 -1356722494
-1127132430 -103144458 -707005709 1726720380 190707855
-2090798988 -1533442404 -1756398500 -1796024998 -473344675
1003884687 -1417487673 -1884299366 -903144023 2056528976
-1473370930 1108633196 569053919 -480809521 1521956199
-321212939 -2014211517 1159912570 1772190666 532503044
1538574223 1623013850 -1389412942 849762430 -821546248
-402806395 -1158436494 -346872348 -1273607292 -860395874
-1205822822 -1530323821 1611470434 -641475138 -2132353861
-1265046260 1098880711 -1323458667 -271799809 -1965632635
843010499 971708448 1224807115 -376275747 -296413955
688134586 1532469136 -1440040776 -926091533 -1704885595
1696699350 -768654327 1794810843 -1792456084 796457906
1421237611 -506127265 1578929209 42644782 -1088644370
1273449885 1890441814 1140972975 1872259357 -1276121113
126596268 256926839 675106940 -372433709 -1313022364
1923173269 1470601022 477017476 510428844 1954307622
1919278402 -1173200326 -1527366289 -1018001790 -273053139
1284337361 1834233397 -756033088 -96060057 253343181
389813900 -1782346762 -1760876602 1209588294 1790342309
-10443504 -699326029 -307202757 1194552910 2103689631
-1941979279 2142195501 689662512 -824625723 1975827302
546195290 -148002309 -1725824949 -1352791335 -1429307221
1019243834 839371944 361484911 -1952833319 -938907752
433396099 682374867 -1787266483 -429090292 814835607
-1338592127 -146239220 -1821991721 -216286422 -1339582748
-935705270 1162876908 1206454753 -1408892263 116315097
-1841717929 -538780294 -301871920 -1250226381 391233492
2025179233 276862259 -134346481 1243821877 1946621402
1669797943 -1908933732 896780041 -1247836012 -1530912143
727375141 -474845765 -433215770 2020261530 808987946
-612409013 -1010965578 166668656 -1717687580 -2046908185
-2030541557
