10403 64 425954566 -1175480023 837083729
-1079733353 -771599733 -906186250 -1350592184 660895724
-1317655875 1179113959 -275652599 -310391178 420232672
1359173286 1857364444 -2133161840 1298019247 1414516569
509119295 1798350510 1283491571 1544622433 -1763535696
-225008910 -1082374978 213265437 -1327711635 663605839
-437753339 -2103843473 1979587379 -213103116 -1387550914
726452841 -547896907 861641840 -1731356836 -1284567752
-413038197 -324443934 -1665079295 100322195 -1278336837
-1708796885 2024302055 -837619267 2060543433 -280517401
1941233237 639293112 -736191009 -475278566 -961142711
920910818 -1559106231 -1007387566 -156748930 1871578872
-263847559 -1428669723 -1531277694 955543551 589253583
1437586502 -1424184958 -99358453 -131595997 -1871464346
-1524449400 262941448 -730609514 -1173899837 1141846143
1149504576 783605850 854895817 -1598964691 -56422692
1300038097 -1946047100 958263198 -1624441741 925545020
1549484908 201049140 1962096065 751134691 -453841252
359739247 -1314460900 -318121679 1383596536 -1683485609
878700610 -849712108 1708706045 2022753395 -110891034
876080226 -1792151965 -1443815303 -1677484701 1618108730
1843616777 1534237824 170754621 -479156322 2142518978
2072208816 144996038 -1636674190 2112639242 845887240
1536982280 -844884541 -1516446381 946792612 2021955659
-843956602 -1584993285 -1836746734 -284578648 -510626134
-617608240 -692976195 -656138739 689435483 -56030020
1699106920 -362685566 -2118085052 14350060 1071252066
81654516 -1104864190 2144051392 111688998 324284514
-1017356428 -1970253876 1366683800 -1299041238 2099538239
1410108300 -601819729 76097556 -1055954626 638816029
1890550689 -356714950 -1712713409 1919708732 1956708705
-319058028 1863552429 -2046300975 321287157 950970268
306457873 1591698129 1889575389 1480104134 -1702450004
-404165155 -1345108122 1942266064 1368626727 477690129
-2016023317 -1437513268 -410606801 -687824677 -2083623825
686046595 1473525181 -1264003357 1988991337 686787616
1952810490 -1374061014 2084218407 -1706214650 774454081
1708216701 -666335051 1872307966 -1316376749 1558046616
-1197017946 1658115216 1276801883 330245277 1344308407
1198503987 -897357244 648735053 1358716282 -2072142875
-1464337878 1848557951 165699729 -833161536 994847964
-17770050 1207408524 -208704230 -304245456 1850086336
-1016326940 -178285054 -421831713 317078216 -1693241078
2146528662 -924711708 -1512125599 762785586 -139908255
-203850493 -1652267718 -2020793824 -1613970836 2041353022
67815593 -295919854 -412808798 -1119192497 -773760341
-993430485 -1812766702 1930787263 -1460643750 -1012431685
441304844 -812784932 -5948384 1322479273 1590569418
-1032067743 -1527558235 220093716 1318870341 -1298263754
1223089023 -1223492557 1638771374 -620952371 -249965831
-884952327 -10069257 -1844091537 -1763125377 -992590774
-1075151929 1196778873 1279545872 -49197964 1501140313
-967523284 867976722 863595554 534421242 235984471
307345691 1978327599 2076540949 649125363 28464328
-719116383 489673751 1620827601 -2023528302 -1971586840
2109628994 390755267 850896775 845052208 -207340719
800836708 -1984984488 749018846 -982898404 -433886715
-536451601 1838126770 1834222361 569501259 -1823514702
-1607439532 343940375 -1402800895 -1782968986 -646594855
-807178421 -931347332 -308232290 458543614 -677364042
470080909 477596924 -487086090 892152320 1742360329
715566987 1797718990 -788581428 -443922881 -165508683
368016465 -382301573 1530074551 2057894635 -1744886564
-190235030 -632308661 1390687065 151221205 1658510305
-1875954735 -1739229884 1356769936 942589710 -627093585
-2091903777 -1313844720 1680872414 942247066 795700751
-2038366081 1850435030 -666498936 -2088893797 -1764081216
1066833494 1862612493 1542874576 -937321988 -775226619
1898458347 -68972641 345755011 -338395718 1818441760
713073674 -2129563232 941420372 -2018593460 -2002893702
241130075 1415657579 1864769081 725411719 1526837670
2107945594 1373828712 1681099080 601979582 -626476517
-970788901 -916334590 2042885815 1935440914 1475008169
131751073 -1431671214 1427642093 -1147844031 916118003
-663073364 555023463 938723936 164984183 1156009183
1573379226 280205572 -653916951 -1732183695 -1057031627
639688161 -1353024495 35874149 700970955 2035503044
891851023 -1695313156 -485626293 649695755 1722690731
533203998 -138996871 1933222560 2030737490 705046303
-1954370237 -1120329457 -2049610477 -1163608097 -1160129100
1150834838 741826323 908951361 1042840386 -447950771
-1142480615 -1090697462 986528652 -1288810929 113280959
-2078290831 -609476758 1573586052 209407912 836679918
2144258771 1528474852 -520248159 -804613508 -754859695
-845992575 2034118028 -812823312 -1886400456 1263060732
-1924377326 -1048744377 -954581867 516005236 1817216818
1378006941 -224721193 -1155739942 1165240430 56879517
932940442 -782655260 -746630205 489242368 1557126884
1826555554 273699803 1822186581 1577386863 -529111876
1706675300 -2102220925 653799827 2098967639 -1421550824
1777348868 150666531 -78389627 -1043065756 685015584
-1779990572 -203550358 220924684 -1707408763 183427599
-132833751 2041006703 1671509928 -962020844 230615701
-780289673 -1826986281 -637131814 951014648 556281521
-826568760 1231270604 -501388291 317228859 -114351785
1630072592 655862259 -1486792406 -369669476 -248005108
1283732009 -1010253278 734266252 -561823031 -1308497481
1327233460 -1031610746 2018617707 -327216120 1410370685
-1485570300 2145611317 -663573443 -1608525031 437679133
557074111 703142622 492381614 324524242 -11983696
-1869639312 -1074348793 -1064800191 1236254601 1467505866
-319546072 -1301762130 658844918 1677855301 1616266942
-1112252814 -664543670 -2011420469 106619042 2065806029
-709768161 -306326230 596714024 -1262198286 -607549394
1193263778 -2113309235 -361319460 1292855161 1191643751
1357941450 1703568387 436961969 -2007708712 1431103614
688532948 2073014366 -39908620 1402523439 49447397
-455957468 -419712809 -1673289365 -2037957252 -657447311
151250314 1115832431 -95205472 -810607193 -142427558
45839969 -1472368383 -1463036380 1885771085 -706552399
1119696618 -786227289 -254635456 -1408519927 25828516
-777682823 1432687974 -540792294 -520126582 -1971348044
-243156427 -1572704243 282554339 918584911 -1977784470
1204404433 -1295704967 -1044217546 -813098965 -404266233
761363602 647817721 -1159394719 -2075508642 596096807
442219815 1331381372 -1128646293 -320048152 433997794
1843507536 1323700645 442189973 -251438417 341119674
262616245 -1936680545 1450737046 -2028919457 -1100660082
-442860076 899195111 -1483916959 -693993058 2137716611
-423318306 1404643535 -243864479 -1787200679 -43562313
-708770954 -1748138034 -56202949 2058298583 796548697
1204184864 -1001228917 624668319 600283739 -2000885619
1106721799 -1949833325 1133515038 1355668702 1510420179
-1363134198 -815073307 968673747 -315875855 -1937194822
1870902701 -513564456 1957582290 308032532 562842416
-166364836
