10403 160 -472976935 -1532753188 1639818470
97825949 -1452544331 -1217932953 1904358361 -1278101148
-1597421362 -2016540249 -871005877 1171150539 -1646427946
-1082823740 1187380363 739220022 -1475800302 -204143237
-1440511599 -1776735217 -1129838356 -1200884428 598786524
-1181287209 -721589558 -1788214344 961474677 806344195
546437822 423100085 -1378825123 -1112971145 1058153982
251227974 605391115 -701175409 -1482335634 -1523978904
-1188558648 341097018 -32855676 1025690474 72985493
84404177 -1337133546 215968756 -2146692797 354892917
-1299605628 -1018438403 -636571918 2079445144 -122613924
49941735 1181363732 224361829 -67793663 684606234
-1014254464 1233050255 -366078135 -2068604715 1489221610
-256668992 61177727 -753643629 1950329904 -1689794689
994453620 -1038947764 2091512630 -707948924 -1514308982
1563689062 1515460209 -2127178556 1757742873 880219201
-1270417613 -1285930730 1692182831 476029658 -1664466752
-1335745034 2037558640 -1227717087 -1333272068 -1410145564
508412827 2013941223 1237563330 -1444411520 -2019221221
-1547296387 133906913 -1452433185 -1850704625 -1401605778
-1169673684 -96440355 1445652531 825339545 2113899017
153407686 1140446641 1967611860 1071830136 -243075972
220812627 -1437975928 -989492741 -1202247133 1389207490
-53112788 289384778 1969016418 -961770815 -2097858719
701897334 1746551476 1312763683 1986242302 861191980
-2142370053 -269698459 -138055275 -1800399338 -1801270168
-1345659619 -731978438 -1856285014 2100545527 362227110
-2036523166 1121716988 2132166191 -1197751895 461414244
1306551941 -2144287525 -1767121270 895306582 -256076738
1833042108 19043483 1782906320 42533448 -2032392013
10916128 205686369 584132029 294378250 -884625784
1796716873 304674605 1923828526 473474427 841867132
1148833419 1316934035 -2110105837 -104858920 -1713839674
208896961 -1157577271 -1664244339 662361033 -1020378638
317597315 115517602 1821880006 1964007244 1026995637
-1822002211 -142107003 -563054808 1625822457 138796056
-32806321 1019513909 293455878 -87421940 -3831056
-1169965649 -1888453330 -921508497 1708382516 441510217
494308358 321685656 149995481 -2048034644 -1409541502
-1860518955 1344593670 -1356704025 390028220 -1912241447
328296868 -67909212 -211783062 -1223265229 1148461738
-1150175660 1282545336 968489747 -1609073945 1016664777
-752499590 -1933624216 1058282971 900677522 272448265
1037307957 265534889 1575196675 902723603 -2072859329
950032388 1743666075 1669574000 2007034078 -1380168097
-301997432 -1923600493 -1819029249 1930638506 -1815692457
760941549 -1389680184 1133191366 -1220370485 -50218565
822638034 322527901 1942151339 660278938 1210980404
-9917508 119730993 -2105531118 -1035302245 -662085804
1930029648 1737128093 -613837701 1934530397 -1692367024
501206782 1030041256 1040786320 1002190093 -192015328
323380509 131857183 -931230272 436072353 -254972150
1750770465 -2002937225 -225762112 -1241938784 -986027879
1001783737 1079897681 -1897582600 -2039720695 -1838772509
1537599853 1637746698 -957125662 -441402845 2014946353
-1475035651 1413941573 2123971016 -1252811772 -682193879
-1833488231 1424988846 1255610106 1111246454 -919858043
266706818 1548593823 -392477452 129103049 1060762283
-521677866 -1908186662 847880097 -1962320465 -1759346409
-1157277071 476646869 546399690 -1017340087 816826234
-248463131 -1029828127 -1531823200 -547369554 429527364
-1361630163 1281073648 -426904964 -1272214765 -950834827
-1580733207 -500626731 666065579 1404661053 1504309840
807872862 1307675693 832748692 1100073997 -1682829675
1802313349 -118005606 867954766 -1724511398 1709350762
1043274872 180068900 217845513 -608799776 -542759269
-1019260025 -648026266 783217860 662238482 234538459
-1150663139 -420004947 -439134854 369740566 -1417723698
-340615368 -165983705 -1938210294 750604086 350384568
-2119954395 -1476162887 1251487882 1454949172 -1677830807
500097025 -567565639 -791394685 -1304261944 -1676881601
-255526659 -970898787 138094903 1573066795 -1290828915
1308572145 1793369730 -2113438381 1430017208 1155161222
-1299118437 1357428853 -1908969316 -2054556318 2035019604
-1075737147 717253976 -2109343617 738538882 368679085
-1768538882 -1475388096 1643513991 127005014 1686533384
1074275317 1905235308 -1890166045 -1477045640 974905080
-1383028779 -2018153898 -214002198 1207086753 1859158549
-824484545 -602681932 704830347 1189792247 2029122990
-1501643527 -1298051238 -599893850 2106051709 183402435
816745725 934597727 -2009813160 1618299890 1443844680
446560723 -819155845 -370569141 -34102555 -1638201012
888093786 141880793 -928351338 98455429 -814691054
1376694373 784137877 -2055054066 1587428752 -1870199278
-794617352 2118589500 1870993202 64554706 -140068413
-261004142 -157012689 870866807 -2029723477 588337826
-1477114814 1044173039 -1591573285 -1608218173 -1665405127
-560626022 -70281153 -841558373 -1537028980 -291542974
-1335011345 -1089299279 1319006245 -1028382053 -1900838245
1832073772 1008978030 17897451 -1994263528 2123707885
-1608903203 -1787258653 -511914532 -1110639984 -532279112
-1874865513 218440111 -1160307240 -467081851 -65836589
1597073317 474617256 1081580176 1683877477 -791222280
1317374700 1618279181 673921175 -1107601245 1498293782
348556420 -160069957 -245650990 1568698711 360312235
1789761598 1000837097 -2067464668 -1170649420 -546145359
923101181 1925962093 -108146761 192435300 1379741195
817714243 -905125223 1969557750 -139310644 -479873567
-1766580580 -467582074 -1462037184 -1310963741 -19247903
-1620997703 823275377 -919624691 -953714207 90136800
1368402327 293327181 201275324 1715779615 -1759649460
1269302342 682108376 1284776433 -2114599195 1699771469
-350969951 -1565878441 -1767164545 -492798456 518243339
323457876 138180782 320198773 -1247873982 -126826898
800092847 -1878260377 -951551174 1189617693 1816175759
-814335653 -1434395683 918135747 -1257794632 1114747260
2063382611 599580991 -757992743 1084645947 731954418
1377132054 -1253154566 1518400113 1314464323 1289049115
1172649610 1384474510 1737677400 -494836207 -494936712
-1864565489 20578764 -1288186238 15564214 -549270279
-552636735 -1868925025 -1345572664 851214624 -1393317870
-509760719 1992418848 875509685 1471656231 377732622
-1593241643 -594048622 1770354395 -1228465043 2036023015
-1593546832 -941271626 -639500919 1828484638 -1217747113
7031296 -583689384 -878305851 395943876 991041715
1675123333 -1343182201 -531640398 -955791968 1032960005
-1514723652 639823584 -1203262737 238696794 1660026272
-1184444077 1906270591 1243678614 811682934 275882531
259102543 -1392815872 -715305354 758556182 2105512154
-289883550 80686344 -2006479132 -2065431107 1412658832
-1395957774 8417891 -666702234 1588419776 -1540962123
-922278856 -178543096 1102924740 -131234028 -1636626121
893318410 538911573 -373417659 -1553382865 -1266957967
352757903 -681060467 142063599 1117321407 -957225032
-1490707003 2072783629 -536627499 -457269564 -1511846099
-1788345266
