10403 496 1613708785 -1512190406 -997838856
-1766588714 -567042896 -527700317 -189495135 -1942962188
1673006968 -1298007298 -2002443557 -1139500378 1758068
1830504959 -1263801265 79167695 -341012096 -911409913
-162622921 -1683852774 -1174932478 1016225984 -1946138101
1615363986 -1806213819 -970129420 -547229028 1068661891
-700880387 -955365459 1844236404 -1534747338 -1412333339
1544479867 1109215794 355423521 502423827 -1205672131
-1160231269 -510261957 -12914315 -2118618138 -1420222256
-1017420822 -1555481131 -233593012 -1791085663 -1513208009
-798620114 -1326275725 -615605989 -949100665 -2005658533
-1593315745 377231120 1253656289 -1091724043 -319451884
1564850386 195893173 900445731 675173044 -1391625003
-2067725154 -1805482385 783572272 131388579 321440912
1041166509 -1704711851 1403555255 989200904 -851707210
1279363787 1809346515 -903795535 551070987 -1660764339
-1464619635 1892653971 -558792810 1118292450 -1479754843
-868382296 1034662847 -661123895 -1168514459 1178491250
490599039 -2017748706 321758372 -1506660980 -158083243
-1728918672 722331594 -817512260 676228863 -1817610596
155630443 615962157 158512403 -255110537 -563480780
818751542 -424986743 340918865 1929545767 539562632
-280921360 -435920382 1400373260 138095219 1584902456
863996951 -1284503425 196131257 1441837973 -738458779
-1106871017 1205455651 517604041 2019673428 515849373
-760184554 -239546935 2118321696 -38861625 -34793405
-823669342 -1828771960 -1810310241 -1927741314 1087932678
-1511702121 -1045323196 -766225992 389785646 -880884810
-1459374852 -1646090811 166221813 -1693067686 22620723
-736004038 1882171125 1528871537 -1295002369 62489442
1622986108 1645143639 -1465164198 2140335619 -1018719115
-1728435523 -1521790733 -625161485 570592363 -1868598183
-572943839 1173626939 886556116 134876691 19930580
-1676690872 -577859008 1967299012 2025937418 -995640476
-1347448727 -1243404209 591707205 324756896 -1988646157
-27035531 412612002 -1976177791 -1872188957 -892458763
-206173600 712441 633029207 1420560432 1841337591
-382157425 -2100849009 -1708176608 -515104751 -385664774
-614764845 2007559363 1371816641 812841311 2051990759
-1391383360 -1777266326 53753225 759983873 -1062893608
1628087975 -1225501140 242390692 -827138801 -1536512290
-2083841812 1900847826 407605593 2031873739 -1681568064
1369092729 -486491466 1819734440 1628788649 -2110311183
1559829525 -815602753 -963605002 -347507612 -640544221
125937783 632287373 -1036591903 -917486672 1581869135
539766700 832577214 1612254317 60393461 531899562
-27714272 -604106921 483460290 787155758 -843066857
-929225481 2093065223 -1333005253 -1459479111 1648713972
-2043817299 1294110542 768486681 -1939997617 -520665196
-1597281358 2147136264 1358585551 -430222125 204214548
20256371 -2130811640 -610476890 838522114 1979187419
672862828 -979607911 -715410748 -1164732068 -516237345
1552705262 -1694869716 308122349 1395477277 1281792467
628560424 2088844061 -255300419 847986195 556276259
1213577799 1487183908 -1329346025 1121459079 1164499607
40319124 -310341793 -914045354 197629255 -1603375468
-1658020238 1900510705 -1577018582 -602337919 -1917318507
509854154 1607662392 -1817433102 -766597836 -1252529854
490572334 -591454052 392648180 758709002 -474844889
-568867033 -1353558538 797064888 -799276643 1290527002
502940055 -101818561 1411953052 1231543540 -506592179
1816948066 1096761790 692747062 566440626 1474808433
383369561 951148005 -1171608360 956064205 -230877721
-701727991 -510897489 -1350318395 1176423726 1298383709
874551709 1610151879 -1493476238 366975620 -445343259
-2127620459 924756461 1435169167 -172585147 62255243
324757934 507925076 1754648586 -1209796716 -1967932985
1398189222 -426514024 1713283038 1600608553 266661358
-942171972 1371154637 -271427969 795972613 -953158439
-819222725 388960352 -1317957935 514995327 411876133
-1274123154 796895887 -2090966488 -2080490430 1113959993
-1196633223 1416486499 1318045463 -198191254 943040656
1070594520 -171312719 -1595790871 1648544219 190620168
-1942931196 -1721851069 2047621295 75379446 -540523830
-550916388 1310676702 -1781535052 -2145057818 1308901499
259949515 -127038828 -721029697 1130827804 -1707087699
-1260593282 1397004739 -1121261274 1172195766 647892316
316988953 -993039382 1610738541 -1607742892 2125464033
1528781556 -1387257917 -1257240014 1093367808 -553744084
-1429887245 -1303905622 285302618 1211609224 -1943239138
-1634473238 -1183727823 -537958784 -2112186019 -547402164
-995192014 -390341094 -523314059 -144293196 -1037442412
-308475444 -554189359 -1213041278 212377900 -296047331
164861035 -917649250 895161080 356720844 -1685260680
-70665074 -396921483 -1870468465 1720750387 1445212931
-544099347 1705106971 1056849753 959602011 191144331
-815344880 1979964784 -722866467 1097613190 1935283799
81136583 766675343 786660541 1750009276 -1317862510
2043246554 -1132943047 -1670939228 -571216856 2109571077
1140069050 -681726420 372692804 910306874 -310808147
1297697418 1850464087 1593655320 -1382200997 2144827972
14798637 563022423 296163490 -1083717567 320086993
-2029723837 649383172 545812280 75982836 -1148149026
1891811303 733273558 1376069549 -1187310671 1326408758
-306605091 592042118 1434547973 1766995620 336956397
26491775 997510627 1931751171 -1284472715 -956852934
1298984293 -1954806517 1481525326 -73229978 942131954
-2071277800 -1636454991 -468680648 -1210579663 1672357513
1023710692 889993550 -1575151592 -751849781 -1761510179
1228339884 1829872342 1209824596 1238893365 1595929798
-962659544 378519062 -28082086 1073362643 927055169
1394565871 1996089015 1329003891 -323946680 602428406
-1763696126 316209868 -1280826326 429328470 1657230653
-1661453463 -472659416 1508590679 1288944400 -604084705
-289793297 -1041657469 -991989714 -2065940314 1612301304
659292295 -284875690 -957229300 42181572 -1899733905
1023412001 1982015813 1996064454 1061089906 -573222534
-486536310 -653484839 -1361513155 965211527 1594157084
1010316238 1783295581 -723489944 550581924 -1141058167
1190542216 1110892367 1420584976 1247630735 -1305597517
1930585997 1617691642 965555560 1373846160 555926982
519622544 -386806338 356685401 1736282109 1113389019
705142232 2005087865 622421678 -1775802534 -111635096
132015322 942552596 -1075306851 -1269602580 1578522724
-80773656 -727090909 -1654918517 292782216 -552823820
1205862178 -952502708 -1850390700 -2002035943 -313857412
579510249 -2043122504 -578922015 668996716 -979562925
1251447211 256005151 1047236884 1420512246 -886827286
1677065890 -1077892146 1474724643 834094296 570478101
1992596959 924338503 925562506 -1354077672 -222101424
1784261149 -2110810985 -347172722 -159458227 -1583320430
-665503800 -802322371 -538659843 -734337971 -477045013
1447033714 214649689 1038254422 -434928321 1069674813
1738021128 1126889859 347332968 663933714 -1017647597
1742233897 -937941825 -1384205113 -869430722 -829077867
-1591173457
