10403 192 -1041509098 78473300 1767405830
-198872800 641722912 -287896944 -1289518060 -1993992310
448153528 -2028346826 621003530 465654073 -804417214
1172615418 1341490613 -965621910 1396060699 139213840
1692579055 1695544396 865093181 691990624 -812007360
602268542 440088761 -1943989735 1736914149 1030847496
-484118521 1097741566 1301728363 78349890 527879001
2105686574 12866286 1026451608 260468234 2048482246
2122783014 -412888154 -754595040 -1352287703 -932425869
-1526921385 -1831968726 1955676452 630857432 235079987
-1869267715 -1908678176 -2047251735 -458327731 586637351
-2111253622 -1144290894 1809284797 1093295565 -1921468497
-1428715941 -1849187438 -554331011 909699357 -1245340088
-1876636097 619901578 1330829652 -1843628269 -915906124
827238453 -1757671412 -1365863557 -615409703 -1708505782
-293744366 -2060863384 1456605635 1916096617 -1821753711
-1828142486 1730630762 1239323106 -438335916 1620381916
-1669479351 -814819919 1362358577 2138966108 -329553538
1322998949 -446020843 1332236410 -2059507983 1528591783
1826726983 992632449 987970192 -1968087764 321939315
37191733 225134781 364466775 1461853533 2143181646
1070355679 1111074419 -1846072616 -821976028 1542845371
-323158978 -1719016505 1696902362 -1130842342 1259962228
-1822307620 -1232503738 -648613768 1841656633 -983168180
153494378 1716744828 -572966293 -1979041092 -2003488056
-1089185508 1465215329 -1899211794 1893055153 -1894000693
-501836552 1248124198 -1718132642 -791185428 -1307345343
85080309 -1224524593 -442264740 1243623173 -722501791
-1757483484 842399268 -1371999603 -1607783197 -2075371844
-732793479 -446629503 -1112714908 257382943 386250575
-132209475 881278617 957554520 -1629522528 -820703751
-2095634245 -526035550 -853953654 2058259265 2128721903
586915504 124244521 1705068514 1743652478 -1325349515
1037494616 1933841227 -1338682074 743432446 483168303
1916654544 -1713634778 1976950401 -609491922 -1827714732
-1458769771 1846184189 769216832 793183740 1356703154
-606781345 -1212821689 -1382280671 780308129 -986410517
1385110618 -1975668295 -24542256 1119518701 -2089824091
699776432 -493389924 650555907 -2041238474 -869051610
181414047 147094743 849831457 -1571187467 -949008237
-871897626 -1332082545 170079704 -649702299 1079366928
-1045736345 1763089595 -661808482 -70265617 1364842881
-1879279028 117112255 -1328635207 599612323 1422651018
79653911 104309881 -1251026574 102399910 -1547518518
-585043697 -1918170863 -749632914 1499389230 -1260293221
-1145296098 -954584126 -490387785 1089948407 188104540
-909780842 1385427961 -56691544 -63024952 1205571052
-737607752 2077962768 802716430 -1332926809 -679560163
-1129277169 -1967246265 1875121598 -982967711 636025904
-377030930 1674016888 -781397012 -594705399 -248131718
-94818189 -71100846 -1793566290 -1036036067 -401641479
1068732352 -1647084239 -1580125933 1031084934 -1479579551
1211113087 375167964 1124965249 -329769041 748699527
1341514564 892029602 304424000 1938248710 -979581616
366933684 822937340 1372124148 -1693890415 -645145145
-1218862327 -1127136027 -1067678545 23450629 -1261254968
-2109071059 -671034093 962766579 -859835138 2046173463
919275350 1543379586 11297862 -724745801 259636075
-69236100 -1772543203 1546897811 -1662577844 -547294189
131448716 619048775 532142016 -1121759560 462105416
1295967327 -916399046 1216665404 970772611 444122620
-830157415 -449232372 -863563329 -818758937 -670030087
1230409531 1955132318 457896462 -814549414 473431242
-685865841 -851667876 -515816727 -1337012472 1123158894
1930303969 -2103359882 365208592 -914054328 405388647
-93937739 122482318 -333596437 2066662979 -494038890
-2136745158 -428390964 -559208456 -368947198 -13831137
-183724086 987093398 -1481375887 1088865597 623195053
1602347950 672108531 -1586058116 1232780308 1866131359
1854319125 2013231240 -1097211783 1441951193 -341382787
-248031605 -1191992182 1060813303 -1639961195 -1569111741
1216180150 1649833400 -932898741 403983612 -55206917
1547673421 202971846 1270991017 -742190459 -901624369
693067629 1119621111 422979546 -1478073737 -134688090
-50408234 1587336763 1713587733 1245883259 -2005876963
-1149143613 -1068593760 -674087145 -367834693 -616143916
-1411500243 338482492 1151086524 867588300 651660437
-751961427 -138607362 -1147728118 629967681 988139535
1490334264 -1269561218 -640626383 -1108385204 -587671630
-302029513 912239592 1757932492 899986636 266095506
1702086094 1925844031 -1919070200 244969050 -1362203553
-952984875 2117283945 1544462307 -1690347686 122228418
502894724 -1312328355 799103720 -653206139 643344589
-1585031365 -1181657812 -1718232544 1909365477 1413141394
2044758143 -805743296 1951510371 -57664199 710145455
1190624724 547130291 1746322855 -234331806 -1394253118
-2059506688 -426015932 -650902560 1185166507 1521833489
1430349399 -416145964 1569516274 543304628 -2100344574
-1178062512 1038065829 1659301904 -818838921 -1708996182
-1023612311 -1325629603 644163567 1805379695 951789333
1815544720 669624696 527389564 1205033666 1517042112
1794833138 1683595333 -1519061087 -1002191945 1340124745
-305361943 1745080679 -1380714873 530512550 -1218548053
865381057 -913001384 -2098560668 1604265854 -2144728410
1040393851 -686826655 1775092395 -1372024748 -839853842
-2008616328 -1253742885 927486194 -464405700 1679343387
425333999 -1079952379 518737585 793432702 -1546360433
118758238 390511250 1064495861 1851014305 1760774385
756653617 -6855255 -997781902 -959004686 97619038
-1216403456 -1316204694 1280258070 409858829 1637161326
-2033267820 1027671573 -175770034 -1507393972 -216613736
-95389043 1183264 206872331 -485685465 -1267055905
566595624 -953464656 1097014472 -109109889 -1192010789
846999182 -159367306 2096572904 -1716594807 -405315884
1859452698 -781750201 -986826609 1006345015 -595245681
-370541732 1277615689 -1179065728 885516140 -1122754347
755836259 1230873722 939857285 -1600522978 -656541906
-1141100545 1087988628 -19226689 -676027544 1848738939
-2114911179 1858315684 -1094112545 -1522903531 2036397974
-1171760605 -670484765 213505503 68924928 427391665
1591314132 517896189 -1588653737 692152631 2034668724
-183169175 -1341523717 440039625 97444822 899381737
-35808494 94778999 -688173089 261365342 1453516970
-1006957777 396001955 -1513707312 364209182 -1154262331
-743707343 -1401018673 82076306 306934415 312569704
1499262593 -1685440769 338585453 149710761 -1690546599
1733198247 373737716 1219067964 -1319109202 -880184669
-1019292299 -1336934799 358816322 -1590264472 1687563474
-292425520 1502550559 794016319 1673737378 1500391814
-664907595 1121882855 149948447 -1055675141 -2018899474
-705581765 -428317599 720707910 -1365212671 122603986
857114137 175899308 -229549792 957627579 -1833292842
-938334887 2042720425 -314039402 -1180800343 -1029577710
1505963015 -78839398 647875129 880586024 -1770211286
-789217031 -794157832 711054787 250029881 -873542966
1431395911
