10403 304 938105250 661780397 -816784827
-33826389 -1794974365 -1657818420 64823528 372861697
-1715578210 -1877953604 -907211356 -446322808 -2125624429
-475165042 -1199143219 -1276184802 -34973920 -952681773
770781497 1571333898 -915454080 -845851136 -604293505
1922428868 -1481976725 437112930 1107806442 100436746
1602903891 1634705685 -781228104 2015955310 1116752285
-1822178560 1132626981 2130004310 1483879837 194337391
945779766 -1441666484 500462545 -416789739 -1323969533
433729108 976424574 -1224798655 -1733775927 1039463193
-943557418 -1623118220 410110893 993214811 361543585
-927217788 -267525464 -1252356729 -114450382 412977180
-1524123864 826382975 1358210343 409729449 -295203713
-1577552698 -1438599735 -58028648 -391157517 -1452309730
1284336907 -1283196103 1044977758 1410439075 592206377
-1039506910 -1719748470 542702151 280536784 1086924668
-1068316080 1910810132 1911341875 1554471172 1255763739
-161219772 -958393381 296325368 -1044650449 1790025143
26816948 -737850889 -1137634981 1560652036 -256816389
-1525718025 -2131606090 -1660969687 1964943143 -1785264720
791553749 1440969409 300660117 -547654959 1691176068
-1268292747 716408584 1735082673 -965862925 -181681766
-319674870 -1831290147 -350445954 583102301 -456302305
-225402390 -758109160 -1405749024 -557277580 847435578
-1101903704 654627914 482939232 986637739 -1511377627
-1078297297 -854315577 1137237710 1350298907 -52792241
-378349482 1452215373 1507787281 -268911723 1332225487
-1058838648 561209392 786690777 696881314 1111067041
-1573605251 214929868 1667636249 -1687941587 -760579222
1846737059 1559002349 -960645595 537456062 479522242
1075615736 -1184679760 1650717518 413700931 1444043366
-1044585258 -622203030 719269266 2081549427 314687826
337376079 1760151530 1041086342 682465272 1331188252
-1112180492 672057678 214146348 1866679436 -1511380131
-1491558173 -752888033 -1497240811 1513311537 1421630674
434164508 956967265 -1027443896 605590772 373968891
-4403827 997562429 -404750475 -643729236 -2018893130
1586937432 1870665610 560524438 -1139817687 -1837500478
-517936043 -1919779716 -718004566 -1582433833 -309422898
1645195335 1387981609 -378585941 -1904301632 -412572484
1020132015 1093262445 1597246508 831007548 -620823199
-1306744325 -1209973738 -1628762244 -520781404 1765198555
1714073271 -1154787412 764705768 782643063 685020537
1125749845 1231328648 -2051939337 1357635288 -1327841735
-963260194 -1800409280 1185722956 340187522 -250914856
-1656331283 -521783601 413362906 -1867511830 1047673074
-1306578188 -1635958466 1787279204 1692096603 1487761460
1627858130 896384200 404472038 1413658 1346420737
-440443310 1387090487 1350213928 707902068 161594448
-805951145 -441772484 2085371242 -978435514 2090925647
1361994698 -1514940541 -488660491 -977449485 -1347333530
-571383701 -1069095391 1181393981 -1996395455 -375452321
-1895139667 -140106954 -1278957950 477717981 544104824
1682910521 1569696893 550053553 893626091 649814559
-1046379222 -204996989 1185536888 -432491713 -1267908797
-593586401 -1642971584 -272647146 522890807 1754345550
-619756916 -1285883802 -736279870 -1517568621 -651226980
213677322 -977908261 -924275189 814166416 -1868371302
1572862154 -494336290 1205117266 -1602672482 -1298409131
367360936 -639684413 -812421233 827997182 -1193095874
1028774586 -1696148444 454133927 -128915116 -1192314142
-746052870 -322008667 -533822144 1179504768 -636405386
1333306188 -922934185 -760547962 968880576 837364360
394477965 -1905570825 -1093556450 565068380 1790123132
1703902991 1309625821 839158546 -112888208 -1751586039
141418715 -1991412854 -1542469220 -1830548159 -1429034499
1729559705 -1113948760 -1772956327 -397417006 -821399182
780833268 564150945 1121030704 1184642330 1508935323
-466944106 -1247848975 -321984100 -96414811 1964060739
-1959609473 868766369 -1951119060 -2012625580 1805943012
647424925 -458939367 612329621 -1952056938 137250771
-800177783 1673627836 -280507574 -776759718 -2100501595
415536414 -640711346 1427181722 -756740563 824600646
-2083654541 -187591420 332647168 -112076392 -167820181
1321835894 -1798441193 1885239879 1467170658 1247866068
1538746888 213430603 478579766 424649165 1000322962
1064615409 641635318 265891002 -207702599 1884016446
915608755 87452882 -1704135647 -176328926 -484663331
-468736935 461071659 937565205 -2133004157 647340016
-539279002 840257965 -993780050 -1625814155 -1560761995
-1773580790 -1414026754 1814405879 -404044985 -471796730
1271853682 -1057804569 -1956579604 -1492885656 -913187016
-1142454502 -491286475 1207503858 129366539 1747675601
-1072287928 -926627543 1717502651 561374247 466336609
-436054550 1647014854 673098718 -24610238 335996504
1261337223 -44888265 1343452927 1109114551 572379184
1869289407 -131007917 126371108 1133455575 -2044428923
-1716287815 -1299517313 -1342809961 -68623166 -704077223
799133703 -20099642 -1540783912 -353348592 1732498945
1922496524 -2115250418 -1868831604 -1399081112 -905767526
-12851127 2012281435 -1587153405 1565838637 250065800
-1768319888 -1906356491 193428944 -1346303105 270930817
1276740012 685220958 -1148475531 -882121924 29804869
-1666059815 1242056624 -943229014 -1014650937 591266830
1130711863 -609572031 -1219351422 912354832 909964546
-1071090797 -1412329531 -2134240816 271619591 2041228138
239088597 -132745248 2082664025 1537926260 -1335360857
1554715064 -1579391471 -140659398 404339910 1459790505
1861096029 1493366686 1755606919 -1061912918 -394920068
906203512 -1029591851 -942509691 -345004365 -1073017581
337420325 1372145721 1789790337 1310683569 -927883713
1903059144 -1527283274 -112815021 -1344014167 -1942756331
-1683310584 1073689598 -586273142 -1483377840 1280214830
-271656959 -888818710 -111360552 1242067099 -1170381484
-1929526590 -1481561529 -2012009476 -1172736411 1553741372
-1048311721 -432649846 8616237 -1762305283 1894084678
1099635063 -530493628 -885368341 628990182 1183905523
1651528209 1751982301 1213816158 1512619608 273807886
1131091435 -425689652 -1057381480 -695797505 -1132313141
-2074425549 1973263717 824256928 -694569411 734334060
-1620653143 1436418277 -1760152207 2040202605 -481040754
-603626143 -128726009 1626426895 -1136904791 921662280
-1104625542 36368732 1379651055 2058393793 -1141838571
1453214739 1780301802 -1890542531 -644020011 1290370038
958667921 964741827 -1438574990 1286769009 1948488859
-1482091417 1373624086 -2074081662 -1777692269 284197220
1829593519 1733916758 1761798574 1863452118 -844866896
-2086655345 -685495103 -1277794870 -1857852235 260218816
-889259979 -1252827938 539608881 776947610 -884899857
-2084924578 -1655453642 1201861844 575584580 -999060889
1385815478 961325973 -231928884 -1927708574 -1822909922
-1784997428 -1283671884 -2141087837 -1538076401 807140473
902412275 -1813081286 1153722205 -46671815 -131385855
843529082 -207287464 119156363 527914652 1992690727
833502715 -1782309070 -1116325852 2111881986 -311270911
-2064832604
