10403 576 173376699 -1971719264 1394440807
-481586019 329537942 -111943587 -775575510 655295046
-29479967 -1631229938 2112123401 -162860921 1196154696
-39791217 -624495976 1365667892 -743661201 -1885135564
496385107 751583313 436050330 -603480911 -2090506722
1021956322 -1577700995 781858842 -253006403 -1436537405
-675340476 193314715 -24336988 390321416 -433291981
1522686840 -2140543089 1058336933 -366144658 -1203462139
-403730958 -1386316162 124075545 -972713626 2068116417
1150141135 -1956425264 2118518183 1917978640 608828876
-1707115785 -1200416964 -1829582901 656733417 2007023618
-2123124055 1076649334 -1577050614 -1809177467 -1330602412
-637652490 -355135568 737128930 1286235547 -165515655
569636061 -1906150885 -1307999470 -816772472 2392098
1735978332 -694233719 -1262226037 -1648738009 -1399789555
-434481040 1800686834 -2025745372 -775199810 -2103538961
-1937635467 -708423775 1176363223 1961707710 692641460
-1304278634 1038672360 1136286365 307026519 1822964827
1690769753 45733676 -60562258 -1149915800 1543003258
-1152877437 1000697393 -2004424539 1017012899 -494119654
273219344 -433809174 943901076 -1420704351 -519033789
645791983 -3118523 1602374760 1566073866 -1989003780
-2127469002 -1946391305 1425179661 208471497 -548099201
-748822362 1040270396 709171006 -1410072288 -1013726379
-2067519345 -904047293 1727590801 -737202940 -555214970
892539520 -1149687982 -1673568341 2115530153 -306282995
1009960459 -274415454 1214348216 1873498066 -1502927956
719808409 -477409125 -1125074889 -717207971 1330783488
179224450 461482804 -1216768914 1186450815 -718095195
569294257 178529383 -1650863186 -1811973212 -159311738
-2113016232 1453588461 -2051343865 -811208213 -2039904951
336906332 222128126 -1284631944 -197134678 -1528031789
1426955169 -1908554795 262470035 -1445230742 797777088
-250979494 -105385052 1763362033 1094864019 195408127
428172373 589209080 -765859558 1240733132 -433209690
552130375 1752363005 -1032165351 -259956657 -88832042
1467608812 1103574382 -1181541936 423376869 -1951370561
843572115 961034305 1825529460 2089018198 1301729616
-1092285950 -468255045 1416164569 645775613 1590212027
-273408398 1136378856 1327374658 -557027396 -1336040343
-2053370325 -588635833 -661953171 -1565637552 1589362258
-1928879164 -1022679074 234857871 -73229995 423440001
1938839607 1372577950 1190135316 2016213366 -1468662456
-1017402627 623676151 -1258540421 1078658553 -1550283316
-1246389682 -1583240824 394487642 -775341021 -1684145391
1812155077 1419637123 -1141450822 865961392 1976002890
-1766918540 1499872257 -383340445 709819983 -674943323
-2000775480 1519827690 -1724565156 -1315641642 138081239
-37780307 275198121 -537613921 -1034577210 419138844
-1385837922 -276205056 1008137077 1224979503 1080962659
-719700431 -1174987868 603573478 -1116924512 1384832754
-506330037 -1188415479 -853247315 1485092907 -1804576510
925918616 -682964238 2103880716 -1337525255 42889147
-1132379433 -742493379 -494982176 -1185926686 1219296852
-1735024114 2017890719 1840805765 -31372143 1330462151
56855182 2089146756 -1353550362 -627770824 -1883853491
1152746919 66112267 -322413975 905084028 -114609890
-784493544 -908733508 -1820096832 -1129762262 1716230315
1265260331 -851643169 854410541 -62427702 -2140033850
-1774973618 2035494268 440676581 -1643289103 -1471552599
-1940740213 -556543984 -1310983736 746624748 -485490258
-531102369 -1170584417 -1399726901 -1737198391 1531288966
247661226 1815903794 -204497848 338908017 1816662397
1569945933 1211984319 593730308 266061028 -54636456
-262158526 1284301107 -1129047789 722996951 -364976811
819702210 -1978634738 607168582 -1712477260 1506113901
-779777735 -481658863 490544563 -1382824472 39453344
1916740276 -1068704394 -1164894057 -8141449 349225427
951323745 -206288402 -541985790 1471541818 1387333904
-1888955575 -1689484971 -1151870171 -2070259273 64593004
-1610942356 -1769863920 1589538042 -1470114149 -1102268005
945471791 -208669827 397702330 -1092465674 28615838
963606124 -773718987 1162774177 -1903978439 -1404380197
-1530321824 25874456 1786972380 1687420062 -55612593
1182929583 -452947205 1197524313 1649861846 -197496742
-1087424958 -1681405960 -1283375199 1745085869 -137221507
-724985425 -1436828204 1170104820 1504761800 -102003662
-1440373757 -700697437 1872285127 -1305553531 1545248594
-1693910754 790370998 -363991228 -1570402915 1917205193
778575233 919923683 1231947096 1938528144 -1818818044
225385862 -536956697 285604519 308479843 -1206237359
-1844888994 -1780926510 1490681002 596686688 -1993248359
780776869 -358435659 2016589831 1658774620 204786204
1471084384 846786058 -1867445237 -1087748277 1020945727
1177466893 152248746 -1640243994 1692363630 1496498268
-1801225275 -1331088879 -1094441591 -46848149 -2044602768
-391721944 1749118220 -1522146610 -1838763585 1934874815
-962377237 1520556265 696470566 1364124362 342929106
865005992 -1765997743 -2014305955 412615597 -1617314593
2071058084 -910752700 -1629043144 -1013995614 1822186195
-1243802893 -282042121 326400885 2077538274 -1336912210
455420925 -1790154606 1549333895 1177780598 -1740994339
-1301647770 511187249 -873311624 1214041205 2121627270
1295127375 1722527754 -1459347887 -236246874 65225449
-642903556 276517149 1175186186 1268831471 558614310
1155987581 -1580546538 466822673 -1562550296 1996580413
637016670 -89464849 -707116966 -659554943 1275914542
-377879231 -397266900 1917891165 1203668370 -1858202185
-1312065962 1158709181 1604531686 1975266961 -558046616
-293899019 -1571531034 413017103 2055011338 57118305
937264182 -2132800983 2065795004 1903789389 700685834
1708958207 -1520613130 1954125293 -493106042 1987553121
1697767496 -1003251907 534077502 1741732297 -439850663
-1551881302 -1904319616 -1953115431 -4739447 1837424752
133942562 1628660453 -332932855 1650945490 -476136228
949722037 -1823636407 -648760380 831325818 1062413153
1879581761 -1003060574 1296063552 1662163161 -2124181663
-1889553288 -916407902 -1498257579 582492497 -566969270
-1812003724 -1833704979 483739441 894057428 -893738646
-899283799 -871949511 -887927142 -778213888 1123851625
251857161 -948107616 -1396027118 927159685 215436633
-1119772638 -2122940148 1115422213 -173145271 1345947604
1245498314 -1130831535 1479613041 -359040606 370631616
1824919209 1301444945 1170386680 1381421298 280368181
71765905 1114136970 744217524 457461197 -1669959647
-2078841692 -940725798 319628969 -404544295 1112022346
869738784 1146816953 1613166537 -1328968368 -1971800894
553085733 1716897673 674570354 650987580 -314821803
-111597079 -13336668 1787160922 -1420595679 417583265
1841120514 401343456 -1348455495 -678121183 1680423736
-1240695710 1688114709 -1898366927 -1598555382 546264564
-1939442707 -1653720559 -1150813740 300916874 -778770679
682980857 -93735462 1207265440 1288334697 1921049353
-1006835872 -1391164206 1975625157 817249849 -1255159518
1623554316 -1529185147 2022519337 1868104468 797041240
-274078446
