10403 560 -1441485012 -1008790539 -1949728979
-1994056071 2121001054 771416116 1318287035 748608578
852036751 1947808772 -1941558397 1793982639 2015583623
791224491 -1792968906 1637628877 641590533 260634152
787512113 -138079613 725868626 -349534432 501519589
1599817659 -1478370663 -625362997 47217283 -558973804
-904085803 1364829335 1918017725 1469346205 1026343378
-1860264188 1199491215 -410801683 -69422101 612141060
-239477858 -1124009514 122441650 -1680297681 -1517548092
1316974638 584138480 891076859 -168571081 -1679960919
1542017516 429341316 173081120 -864249568 -148762678
-261398827 -1266900754 1489472846 -512140804 1446892331
1479820731 -706142578 -489582958 -1975689413 -320253710
-345370571 366982652 108217405 -422325479 549921777
918309398 1540492074 -1546491859 1188369462 108497785
-401779052 -246791985 1665525422 -1034527094 -486077538
-1268945389 -730642501 1909008635 778756577 -1861586884
689869791 -834997149 1287913779 -1917395327 1812102029
1203329448 -1220130660 656509120 656017663 2013976596
-1140165174 365451936 -407772471 1439576926 -1626363549
1903014 -277166397 -1208013374 1912526773 1096174002
173950791 -429348299 220629255 -633154836 93500250
-2050697190 1613700214 -1454619895 1773903331 159560135
-1528196477 691944853 673671098 -1692604447 -691347536
765558381 1922735734 -218713050 -194042468 -708904941
480995963 809458585 -1726623762 1797091991 -217172780
1755785348 -572188397 -759124197 -481120712 -1730852930
-777643057 -1530776892 -210940851 -262716565 884288010
865317241 -505926252 1614607199 1986997212 -490251382
1268599890 1334430566 749511022 -647362545 -307596032
1807931351 941621556 234935396 1843011489 -392057180
-996657840 -25838426 -293119486 279483133 392037600
-559390647 -1116355411 1882777998 1777091140 -164512041
2040948611 -458744359 1526327952 -59544043 930309847
128773242 2120008955 -1143025749 -1962217794 1765869067
1834274778 595121659 2030188964 -1267806107 977553316
1501624193 2043974677 288296233 523092471 614028897
-1208909892 1069916306 -956888129 -1329576882 492768310
1839837388 859454121 -725125746 -1090396652 1263997987
1116797847 -1306770221 -700404986 -146993655 823895113
124992224 -590670989 -753287802 -1799153255 241789108
-210423677 553129593 234596142 1044877645 1998680597
-1675247090 -289735775 1967046701 -1862840727 -1859969645
-1006204121 1308401473 466855220 1714165621 -1048166719
140695164 -1830747638 985520970 -1176855409 -1348132444
829488455 418108988 -1643988470 694595225 2075275658
1918353140 -1143732659 -1132225176 -1730514514 -259972868
-1441741563 1242302050 809907050 -133472510 -2077507900
653100916 -1008739561 131752996 1630528476 -1339829615
-34952415 -981677154 379384064 1147356160 -922627582
1486113862 -2068926746 -1779515908 -1039961177 -212763009
-1577945454 37827104 -1814100676 -341633718 1409656458
1446575767 -755046353 552714145 750634823 -798456308
1934681092 -1094505509 -987700416 397093658 -1714082669
196245784 2048568099 1651382476 868988805 679806205
56963742 -1703082301 -1122954040 -331709398 -791720613
327513168 -187925096 1573631250 -207033024 -756386113
1881603892 -804911393 -1908367352 -1225307144 -1911123139
210574097 -1910812554 2019851743 813708789 2047058096
-825903214 218221399 640440060 584006190 1337006209
-1710058815 -1843608143 -1809231874 118634288 1511859659
1048860700 46218626 197073346 453583767 845267056
1154879826 803405375 227632420 -1716408523 -1623953023
-1373768077 703447338 628069822 -2040585049 1952450069
-1539038876 1415096424 1322516777 -2108238844 -1076772262
-209202991 -1762261379 -2128085919 912840046 1784290059
1416319212 1536220816 146199174 1490428520 1805242611
273667522 -904379998 312161232 569291738 -1773019649
1491824778 -1894978225 1075910804 708687863 1789919649
-1425680262 -1884600862 1514790943 -1355966155 517725647
175192394 -1162098774 650150864 683707229 1134136785
-843053705 145981620 1917116626 2080591449 -1921325416
27705852 -955627495 2104353187 588632021 426476864
-344317403 -882940106 619071411 -885801366 -1946348037
1951792565 1356944015 -852576241 -925584172 -231335138
1122635935 134125517 562853597 267028748 -383185691
558135293 752439041 -373278260 3331808 -2130859033
415758768 224688768 1177696030 -1326617039 -157869603
1162507950 -2068281330 -511585788 -1156496783 -1467793727
2092263652 -1444921323 -344196701 622963411 -30997206
2122895858 2078720989 -1629010245 1529577070 1825034328
-796263469 1028922617 659214531 -1380754432 229564160
834114177 -1610492723 1103318649 2110502605 121051612
-788113898 -1958708036 -1937736347 681296226 175093939
-1265831164 -1099865668 12251878 -915665814 362177189
-2109271345 1807108405 412428213 -1988526166 61086042
-1469042290 -1201342900 980298295 524648538 -829930300
-1165547518 -1545253151 1953507607 -1181802637 -411162347
1498164564 -1961472253 197720131 1554906023 1127426220
531282862 1816161543 1913540108 1202877134 686630103
390960448 -1087654531 921475515 43853361 -1175512667
1431397186 578201936 1526333448 -389630105 700184394
-1138037228 -662841679 -574643808 249414496 -128879923
1830843579 785842656 2147070013 -1571858182 1521375380
1824732239 -486747405 -2051606087 -1563718717 668293771
-804690515 -845160291 1033794442 -1508491559 -1917973267
481549947 -1489980725 -848055823 -1574070624 -2037671052
-377689415 1357017264 -1831478591 -587838718 -839139379
-376968075 -1628577540 613164465 1545736040 -1014777690
-2025036986 1991860814 -135755705 -1883251898 -385041644
-1366255123 40242416 -1601200380 126812938 -1783438902
1107800028 810064049 295766089 60438828 1676033216
-801479561 649243946 -90723290 812618284 1175583513
-857251810 1982206850 -653022133 -1510505607 530058958
-1018657460 1533865815 -615962502 -213205524 1742326809
849816369 -1673176971 978526639 -713741325 1897664621
1643090555 -164819312 -654986563 1588061435 -1705500206
320996417 -1312315878 1358530204 1970551808 -1278689386
-1267180621 -1388881017 -1489750584 1193039884 610949060
-1622121522 -705806115 -266379487 404718937 149837027
943103787 -970851405 1343361877 -735650503 -1704398155
-542749809 -1603036659 -2048815583 -1068669326 -154639450
-863428840 762922990 1595783712 784374991 1827793937
-852687745 -1677790607 1501045725 1120259987 1621629126
700150570 47070864 -915145958 -1617236337 1727727759
40440765 1798851082 550020613 2131654327 -562685838
1470510301 989049392 168419784 1589666498 -1088401270
-1767702939 -1475677329 -970471496 1385281951 -1731373844
-510266216 -1523104878 731497966 -1738560271 663991395
116402749 1060629711 206473361 -808659911 335988962
1267274278 43933063 1383242185 -666396103 1088390193
-626552300 -436533977 -1280255924 -1545699260 -2095350800
1006783812 2039824352 1405757025 12592275 -1197977081
-1083235997 -1923517909 1058377234 391464969 -452931241
-586544681 -474825253 1560040959 535786073 -1027654202
1881931077
