10403 624 1458829325 -1175375235 -422167290
-1289771333 -1940131090 758161346 -1803919901 -71285358
-130258302 1314474706 -623867990 -2126598280 995266958
-160931688 -362709115 -1526600427 1013009162 1629724128
1846314531 1292382487 -1442598865 -1591865991 -1204699544
2108732638 -41398676 -405624356 -834284267 -690346948
-414809334 -1057486231 1555309933 2009620331 -1588607046
1143226021 710611666 1947737709 381260245 963855462
-370574572 -732649855 1388014250 -185173383 -163892413
-134817367 2009201825 -418710409 452694557 511872382
-800894824 356647606 891940276 -293423583 -1740588538
2059552286 440005145 1277992580 1789107408 1092826359
274078763 352301104 55513980 -1065282345 723803510
-2028498945 -1164923837 208698536 -2015180982 -60331949
679199007 -1272499101 207931461 1194662397 -1208310581
2043815239 148345424 295442856 1431339187 -1983110481
-1602488960 -1130922573 -796376175 -271189110 967883826
-1684252680 -1708166217 1795145682 -812293258 512282620
-2099311683 1940684339 1268172765 46254351 -45769354
1893712192 109565971 -1834770064 1098262713 423719987
-1355246357 2061280547 373979835 -493142180 659413027
-490730423 -2134185602 -1870386219 1483936052 -255471538
-1041304268 -494635315 -401496327 1369232821 1543556498
-829166553 -1230149618 867648781 1338678702 1343217875
1316781413 -1535452122 1775873418 -1037210984 -531262027
1423281768 -1844684226 -901792127 -251403135 1652757670
-1321515666 -2077553581 -1201875034 -1903811147 1321171687
-2007440496 -1986652937 194836703 951333716 -11236192
-715051157 -1553296867 -11900971 -1711326512 -1509137143
1969723949 966871505 -2082609977 1046077838 -1374945394
659534256 -1870187806 2064350549 -1972042604 735581606
1382189499 -1895198879 603170564 -104495098 -72301402
359940479 1852300443 1155774785 2133229733 -1179763330
1961056037 217382734 -1940847217 474592463 -2098756423
-2047892134 -776745620 1146243128 479386350 960311620
1957467159 -718780778 -1129585002 1899049975 -110062534
333453869 -1170350809 -1552977775 -988244033 -560643875
1278985496 -193501169 -1964870054 -909512615 1048356344
-930799084 1824607648 1486920406 1901413031 -818668055
1530519587 445782136 1388496617 -2094284947 1835181429
1955241519 176114773 -464992382 1694104956 1484655761
-1054330592 -1135748997 -135879290 -1665574209 -659794897
-875624277 -1324374997 -572758345 990730939 -2037537540
-1420632095 -1310029699 -1931261625 1712659787 -1354733017
57989429 760513357 -1889441045 94683553 154639227
1983197398 -1688995300 -1394892926 371725288 2021374846
-1642338252 883007929 606187413 1522189735 -1281513496
1498565663 -1643301542 -1022690980 596669973 -400051220
1204113449 653049867 -862159273 -847821869 2097958632
105734349 -1566192389 472635488 -1343762681 830494782
1588413298 1385388915 892106077 1799491849 -2082545804
745411645 -664800505 -1439189232 792669075 -58205614
-1237836505 1848043386 24236805 -106516164 -453188315
1902275983 -281186826 -1677857085 -1539633789 1986864404
-802606959 -1375379705 -1493375177 1241276500 -833255622
-1112209601 -509530363 242264380 1627728919 33634796
494344868 655173670 149644978 -278942499 -2008338483
-1115928248 474193662 957662343 1106029883 307136768
-1591376860 316584338 560892662 810104415 -1477782165
-1674258046 2000483243 -134001895 1180623157 233861496
302600143 -1364616086 1280646497 -255435578 -994591670
-92101883 586771196 -2096771382 440319623 1940377797
1272676506 -954829489 1108537102 -1377675668 -1259288666
544103518 -488247770 728710873 -354126320 -1050532273
1677030355 -1876870364 1193615068 190396233 -424180792
1363622802 1906074983 1632029395 1055139557 2111571549
-1400931560 1087040944 564420954 -779275594 -124456174
716757438 1736042430 -1165067193 530989332 1494858205
957540453 1962917721 527722731 -35789783 883120530
610965922 -1601241816 -1330025624 727948257 1221213520
-1000751878 1570704758 -1523210881 -1877472145 816617730
1500936588 1648931238 -1563619368 -1921314370 1892685135
-1130783605 994207830 1994615553 -446002196 1597086088
-261789626 -73042246 -511775890 -732824351 93701084
-1756800197 -694734452 1931759768 -1132932178 -473081102
-205435015 -851314407 -1319933557 996143073 -22671005
-772720413 977389644 -1979472804 1173132728 -262341251
385028240 1907863361 -966943133 15842407 2011430933
-931362498 1456573153 -645115815 -1954506367 -1652442286
-2118979346 536676962 1785965906 894211196 2045638076
-484932038 -1941042838 1699357446 1458272209 1162803199
-1940077590 -1800008142 -1735999142 1685147029 -1720668326
387115329 -1448716810 1035749552 742347287 -707589085
1982091396 1466428952 183088690 1022683413 -740871095
2056292582 -430759137 -742355932 215906217 -2107758504
1744879523 1087854918 76043988 -2125237933 -1656908133
2014427593 2093126313 -1888896717 -417007238 477424611
-846393743 -1241154075 1625081921 -1045512446 -90474634
325284116 152588560 -674047627 -575286750 1455467491
1343917570 -1286466936 -1568355299 -1627329363 -608164801
623352838 -493255555 1559659528 1759742314 1293988230
676310557 767779022 591373889 850161111 -875031254
1823737162 550270767 1420372314 -2064305512 -1187657796
-1527448136 1226489972 -323111365 -212422983 233627390
809226509 -876559480 1648260205 -1234668470 289394827
-511220886 1455078252 288238497 51146192 769600777
-153490025 169654500 831661078 1942648566 -359080837
-1811954446 1925796869 1303560733 -56854804 -932220205
-900605191 -2028449194 1656778405 1962994745 -11667402
246189960 586407707 578991631 381129911 645278786
260590575 -573600765 -851840577 -1147038712 1354451900
673217447 -110610378 233299421 -1256683800 -2070047958
2136444445 -830465990 -815686886 -573200218 525085553
886085436 -1876434348 936635224 -225393690 -2032897198
-852459283 1114218040 1828966191 -1763241480 1640335031
-1614693270 -1620336036 -659946909 -1395532531 -2007749650
1654444328 579245599 -65610847 1712584522 186525646
1222492181 855233486 -1628727890 688375986 -1836639484
-2128096378 915209408 -1770312049 -1174836871 766100855
-750431890 -1533019425 -323743559 1930107159 922884055
547786332 -86097842 445523763 -1904667355 1059949749
-329278915 -538736598 -660586326 1868132466 209129435
1729507987 -2093302672 1244342689 -604246387 -1416614868
864118057 637032660 1293375714 1059185976 -258995813
-1654302574 -1530907855 711380148 1259792355 1127790895
188213179 -1220544483 -444112080 368023951 429810538
1067428070 483180472 -1880028877 642652341 974475196
672585243 -1869338038 -1040260357 -1473960508 1165947144
-941455672 -889813122 40720169 -2120867295 97154162
-1432131480 179691078 -1828120188 1326940660 21452728
-1763507860 -1215211927 -1692401838 432225771 903164899
-301800858 -1831809318 -1803470401 221885171 193634990
402095883 -1170071070 1058215803 172929072 131194464
-1772706486 -1157569542 -624841500 1595539146 1776182039
-212701223 -1864785583 -845096171 -372894103 625053143
-952248155
