10403 400 224225756 2069731485 -2047298604
1814241782 -2060264476 1276808140 1529789416 1050830492
1490250348 1625932438 -513787464 409503824 53648670
2135419740 1876902470 1919765883 1958465863 1380161309
-1085778789 -1488031619 1007963441 35825870 -1058866127
-1425044075 1951877255 1579654960 -596934474 2045480422
721627446 1355499607 -32260563 1609028587 -2128716631
1126338490 153411626 -2028695066 579305498 -1288808457
-1559793833 -304440620 -472495206 365881748 988644113
388829984 1231400773 987365609 239705000 -1791103950
1176228201 46616297 -1897953389 -223355098 1967402356
-646544031 -1638008886 1604749925 -1641370781 407084102
2057917712 2046080968 -984680068 -825654582 -1868149098
-1737157960 -132609295 792290076 771401465 -1827084340
-431555517 -1119431668 -54118579 -365686988 -403958372
-1401652958 -1109454772 422629852 -1254489881 1344165138
-1416677279 -1472969688 1605418262 -2099556345 883873891
-164980918 117106571 -568786409 -1773306908 -2075601888
-230253652 2121404532 -1629771327 333310572 -336263604
-2130791470 1478820450 1547969774 661090312 -1884812467
1232023454 1415157954 523868288 2116602216 1701328157
1536782510 597430059 973014042 1212253641 -408666982
1428329344 599348730 -291365177 -1158575398 921377998
2035584265 -341523458 -1113338603 1381989869 -1308039822
-2095329849 838232994 2120564231 -792785094 1545690722
1200831296 -238910174 602586667 783298809 -823491306
1540173788 899835472 -215980723 -127952818 -213703986
-534776329 166909271 -1494240212 -1010781719 1773023807
109636537 -722658779 -1600116974 261695650 -1144187802
1223502148 -1576689664 16153510 -1143346065 -1589528578
-1561456277 -407323989 -688770817 346599656 -1454897191
368114002 -1172049401 -1602623835 1970570068 -1677961681
-2050429527 -390583323 -1947339382 252137100 -94216220
-1090397016 -1760125382 -1827147705 78265709 -1878604803
-838267991 -968159691 -80639330 1655212586 -865021745
572513396 -2096021710 -511720196 1038273648 648328561
432264085 -670098972 -1175962358 1390038495 1985356528
1067502986 -2074158792 -1091962772 1214683077 -680866856
-1224434340 1100525997 -1106292425 1920042126 1702228826
200133941 780478781 1091794523 -1915298498 -948074210
1377924985 -857418655 1913761200 24371824 -1934646683
-904751061 341492039 209708810 123727091 -1941711633
1373778816 -87635495 492692978 -493628273 -926763015
665843132 -971278326 428708539 874331980 451388001
-1044737632 -808959497 -1745015203 1360734882 -1413346251
-1127051283 95874756 -406476040 1596421860 1250879979
147956443 767426843 39890855 -542155111 -1736023745
1952922340 1255024270 -928212261 863696174 -889586069
781963935 1211173726 -671706047 -1554903460 -384636890
1202933518 -456763234 1170867147 1183800908 312195348
1631258797 -1218260368 -1451196380 546086423 -1467809451
-1010349858 1881762725 -1179871962 572329373 -225490919
346354117 -1512805342 -472360906 -201887721 1684045159
1980980383 -2031389614 -1832951802 884986162 1391936271
-1625521396 -337994756 2119905406 1519069881 -1506656483
1605162511 954351921 -2134287059 -780070810 -320839216
-854251780 -1260741663 -103109256 -1638241624 -1294268460
-995780560 -28897598 -532331021 -855836381 -1012203187
725359482 -1742299630 -127457618 1304022251 763002303
1292623769 -784263119 715998662 -1237572255 -415413032
1916425353 -2083789388 -1021212705 -1116094001 1683452195
1582370377 534291397 2048414450 2092991141 1331188218
946908550 1576228993 846314725 1121365233 -9710506
1551067855 -443752867 1284311064 -1759665856 -574759221
-870194405 -1637478271 -252845485 -457428589 -1899580943
-1197269992 -745229338 -777618629 -1434404140 -1051990889
-527787664 1254931395 927292884 2117209650 -945252315
-517806940 1117132320 -2020326375 1428812910 -276477413
713010256 -1265969366 732622793 -1139584440 -1247741830
750666677 1058221275 -1648478305 -102368469 265397757
-1418290119 -1193176178 -1017050451 2004325750 904964236
-141179750 1121521798 -214802083 386154101 273274363
-1344191317 -949250825 -1041522030 1077848192 -310297673
533011300 44559666 1856379551 1367338269 861197539
1359925092 1876623741 1726120095 -1285399771 1287462140
810410932 -1829743973 1719343910 -1508390095 -1477427220
-1257888375 -1689071559 1530476976 -1312119108 -806452177
-19414782 612574275 -331245074 -734092880 321555012
-1315008791 -1461320581 1045375135 1084947393 28202726
121856405 45668108 -11897053 1082971113 -380382387
2136967886 -695732027 -690485343 1380127805 -1857506513
620263445 1680552645 1019011910 949776346 -803227131
-799597323 -748302452 -1832704440 1362801283 -29736226
-1917006526 -286279235 -1667741689 -1733112392 -2005730102
-1853558166 -181493222 1642932020 1266665041 579905575
952890968 -759738366 -125939006 -205119606 -390928722
121427716 762142914 1532438167 1863063532 1205636240
998553662 -1827314518 819346133 -193558879 209998355
-1636476818 -624804530 442750883 173257239 1005753990
-90950093 -295478083 1640135731 1637105694 849500115
472158155 -762638973 1144822805 -867665148 1229539233
-1163216966 606291104 -1678161110 -925728628 1663499457
480555067 -757992198 1783776586 -1127747271 -1205104302
812991446 -361045654 1557276079 -623201353 -1731187028
580702819 1924487377 -354645203 -415643644 -604153263
-1951794395 -1466031586 987096958 2041843463 978258658
849544660 670452462 -532995709 -1019540788 -56203340
-1461580823 -1784149592 -1763873957 1770146459 1537719462
-1028283483 -1983162737 -388137468 446936718 -1449548371
-455197321 125443824 1079032229 -907180177 -1074018988
-1395337350 -1838395068 1583866356 -229981506 809738322
-1788058063 1678462465 -1109878871 -1170037430 1868695010
1459473082 1780733965 -1599662266 825028943 2052342469
-121651605 -1893943065 244810453 1187147390 -1659093375
-584251053 1967703256 670310431 1573441568 1962741058
1981081040 -780972142 456231158 -1976420506 637517525
1998146168 728752078 -337264958 1614913144 -145396617
-1873468975 -1419555902 -903088226 521410447 1130847943
-1714393020 124583344 -1030110047 -2081401593 305430511
146438675 -397065571 691877944 99125447 -198775976
1457664749 -1252575648 620010167 -46908175 -920114650
183948462 -885425189 -2028345456 -1258068391 -919277893
-1261967095 1497871941 1559228052 2084844233 -1359143503
608823801 -82516457 71449007 -275397270 1336059983
-1323145291 -1355403666 -979626084 -100198403 850274816
275226793 261066319 -1192930032 1089478695 -1365776946
-782071189 1066822261 1680109663 -43973261 500317579
-1676599648 316745914 6080286 281852912 -657095561
-282173545 -462689693 -208852721 541471180 170205482
-1777580133 -335124905 -288781813 816133189 2053332904
911573669 -1183876727 741806360 -2056511190 310657235
2076578531 607567628 -661992518 143430534 608195456
-439259409 879328552 -502057175 1872191912 75044531
-44874518 84194398 464486852 1980754561 1793249084
92810490 -268115634 -440261211 1800351955 -326388545
1176659719
