10403 272 -1410420096 -124707955 -2037499189
-23855294 1790644660 -1486158329 -1487258076 -1942647252
-1732061520 1829482279 -522791051 -1447994331 -956360726
1963489733 -179475099 -75789580 727498408 1039001554
-1692405691 -1950227309 831981601 373397865 -1583273323
313001837 500261941 2011269449 -2130143657 -549130787
1068326340 -1980298713 -363172878 -1192608156 1078013813
-1644105464 1025222547 -1531147691 -1141662124 1031538076
-1214950174 -1891407736 1245766924 -123617242 -275653614
-1952043479 -1243374488 -1311831764 1141284610 -909118567
-1963838838 1160072297 225362490 2060862018 -438831991
561668690 664105244 -295951419 -1761330193 288821777
776443603 -1827298088 879871574 1552032591 -457917052
-317320922 945600327 1713314728 -74283955 -1722147317
-1060035311 7379986 211374362 1555419083 -1713104016
-1414679984 794880406 1869555686 64325545 -649632016
-722564298 1611874737 768963294 1935153151 530948474
1867414897 -318778514 395662716 -7286539 -1330174610
1363199664 1674374055 1444921080 -1576004795 1473578586
-1955066694 297636754 -1419745663 1905926912 -530838764
1399903792 507801841 417304189 277191603 1750626022
1031635433 1913061530 -544695128 -258235097 -307205444
1395046876 1073376740 -117414358 2036514179 -122970417
211478779 -497822581 -357760795 -399806635 668785472
934397804 2088521317 159664689 1704184152 618591803
-1713604783 -1908267880 -949685665 -2033953963 -508077632
-199389543 1820990705 -1157214002 -2027036497 1221427711
1211247267 -461344846 -1657288413 -1378712730 1818528107
-856549517 1889719755 133109559 1163009154 -505633918
1435630462 -11066701 1212891734 -1439552268 -1543286742
-1912217908 118919061 -16491768 -1687420385 -1293042025
428734156 731307828 1893080330 941950555 -1137303279
-810153769 143460128 1885025204 326550628 -144426407
-347257963 -265135864 -1037544530 -500757437 12256185
152560308 -1095346348 1863306087 787325218 1187007697
-250554210 1002233803 968135956 1160381867 -1634585318
-1114532595 693571971 -1531512641 329311532 -1009453177
2100326165 500817286 -637784649 1820416468 -1171009208
366646392 1495934493 66236452 965162744 895510785
1696568622 1766503256 -825595600 842658620 -633588107
-2085186798 507013414 827681200 1772551174 1396089019
-1649734727 1752894798 -553876721 -207170101 -2070379289
1547440922 -1088164464 347566116 46750669 -446580657
613885506 280629223 1985818641 60741634 1794997211
684735063 1871960041 1846584725 -237261098 -1996486225
549267048 542283363 1449161988 845406061 -1970422863
1894664913 -685984810 1292880050 245132702 -756610778
-460600708 -340356232 -1184447774 -776335910 1065034792
709174555 1854119519 -1208292384 1131592249 -1759944778
-1633693251 336287368 856802314 26427258 1716971406
2007370181 1715181406 -3754695 1520056656 -1828616720
1565802044 -1479765753 -50634135 884676234 1847814466
1132120623 481288249 -1390429550 -900197866 2008445767
-669994379 479633078 1445539575 1077916083 -1424782289
-519848287 593739242 657679324 -729607144 -2118121592
515842867 -1937592898 -1338248949 -267266945 964128892
-1984639946 -273305206 -1456184687 -1152222552 -880103040
-1987346536 1195297096 1076061189 -1474119255 1583076474
614503334 -1299955248 868177609 397711372 467179241
412065110 1083260339 1821312076 117002533 -14341994
-688897784 1480118884 1336156157 -4837935 590684625
1999547720 -1042725121 -699982637 -666034388 -731004858
-1362998061 -2068477206 816986183 -2014366655 1610364259
-980359205 -1302599103 -1703769902 -1992422081 38355405
700786318 2051829479 1414165577 -1819166458 -751558239
623082596 733582547 -737921940 -72840542 1876532053
-131711730 -1356065888 -848392547 -1932121850 -1229391624
1668896965 -1782363573 -504575418 -725024869 -239487977
-29193519 967140115 234613638 -945598425 -204316005
2109165887 -1320842082 -2133010135 -892735953 -320480640
-830607539 63187585 -1386316183 986659383 1196373247
-925993516 -1487827585 695862654 -1073029297 -633169787
1251892025 1874155443 1490652717 -41675940 -108405746
-1272676811 -1853264553 -1057034683 1707971572 604782779
1418096500 -1879407150 1817110452 -724932506 -259803025
-1912775149 -1571361274 -2019226467 791147630 -1956812261
907149547 1798516588 -719005614 -1163541269 116478131
-134995448 774998228 -412545489 1239499976 1195177825
45661773 -1343736276 -1437523829 -486823422 -579799390
529178741 -1086317324 1600396990 842598696 -1564548796
894872110 -846277560 1112013793 2056172547 468830110
587705498 807358545 1701205270 -1023356256 -1593325422
1325819227 760829650 -1663174635 -1965406091 -338028148
-923740018 -130830085 -1841129918 1665447114 1810912338
-1740833108 1037032238 -1684016656 1161760225 699042105
-129846024 -1250373315 814722415 1647702528 -99093437
2092956406 1317411215 1835365125 680502495 2012772114
490798805 886206416 1240568657 1895084048 1468066835
1329028899 1897751001 34600704 107621739 1564277383
-608082258 -762988543 334755489 1404809762 -1294696212
-1247937828 1881767220 -1735830362 -244007631 -1988310261
-1001328913 -1613918791 -1440238957 -1474118126 -2024654850
-907455534 1774255591 203199196 628792420 1301654019
-40174143 1726459575 -666233385 -1298904829 -1531692433
-60626353 451966306 1086281648 -536157999 -323446442
363373249 -1528014130 566112231 -1563526164 1224120883
-1211186427 -328464329 694862883 -611468084 1730753319
214380132 988912226 519187807 -89324691 401344466
2049618482 -1901033536 -1407673957 262470660 -1698407037
-199432150 76579895 -497684111 -863354777 1202348181
532563257 1586467009 939581090 385995903 -1006232874
1167263093 -18612061 -1776719925 1885844473 -1830947911
-2141436863 2001612587 581235268 -739480581 -36341020
454400383 1124427775 1132396546 -775146795 999846791
424038281 -866765771 1634618730 -580818965 840712723
-1336249496 -1706970199 -930851288 -1412622954 1785799504
1207070986 1353691642 -6159416 -1616293010 -1883574232
1070502340 -387334959 414494277 1403273516 1070450629
-867093986 -1566284057 377068532 1313957917 1494860316
1907574286 -118869079 -1175700406 -1178796768 1982082451
1765361788 -1987580083 -169721459 835127445 243857598
-637891017 1222789561 1235750869 1766872874 -209907693
-348215654 -1943220110 1960239013 -671334608 2027323803
1348626110 687924074 -2043459861 -870124295 1885075988
-1186742770 1024786004 263471955 -192460936 633916003
574076484 -2038013597 -1423632288 1328265521 -950460308
-1266461397 943732768 406892948 -1857869416 1546775684
1764387550 -55491954 -1682436559 2071058405 -1580692225
-1975663492 -1881801475 -1527623043 418632758 -906136852
-1035460869 1273743948 -284988518 935136605 -41478062
1169092233 -2055222184 -2121317953 -1108950949 1323844408
752578091 -1504936461 169956078 -164665474 -671831135
1403110569 -505865944 -1150861119 1819751252 -774189282
-143139945 249253957 15689116 -1816438650 1415260697
1579300352 -843361159 1801303388 -1782816756 -891744169
667832424
