10403 208 -1392102349 -1683826265 1576503845
-707357624 -2051642585 -90750482 -1969485691 -579028023
358900322 -163299678 360721560 -263491081 2017640406
-144288799 -1369011202 1113754662 731807209 -1975613039
-932057460 684871785 1806271308 -918563170 -1971937415
1134929256 -1589757630 526190300 1077015097 1453386051
-1523627058 -1572987431 1577906219 1788763416 -1328320751
-1529918244 720580587 -1106829590 1711875343 238069025
-1847540953 -627654342 1603568086 576293963 2067812522
1848031872 1954275684 -202598816 1229990926 962291019
1298255985 -1775512357 1300489817 -2015706451 1408636396
778661926 -632492448 -1962709291 -612615777 1994454953
1305286756 301488649 631268640 2005292978 -576826487
96560228 -58889461 -1138581033 1830121021 -1622499253
1796501554 -1412804344 1336811681 -1119521841 2093666742
184407649 -1478709623 -677447693 1640469855 -1829506572
-1373640482 1803189539 1862496078 -766680607 554841718
1920102785 -1123079231 -348388644 1538217543 -133483282
-1662753230 798615072 -1403169000 1651260319 -1740403797
-1082760362 203587503 -1420661922 -384355653 -413282210
-1042257353 84375150 -1897146157 -151462840 -1892760142
-1788774277 -1920111264 -1584005550 24248350 -574720974
614303187 390102426 -1179255565 -1221157724 1583373770
1737387062 413706860 -290533370 1715488488 1025799370
395392224 -238504753 1655469427 -745595638 -1971751303
1705557154 -837385797 -1556353989 845097859 1548998729
1289219698 80829296 1609630541 266237897 538791120
1585123855 -34478974 -1102113365 1037924700 -270285738
1980446168 -2057253686 -1221901630 -1230638922 -1074644072
737196649 89576743 2041786916 -950228618 2045613054
389841906 208917607 889661940 2469707 -1095626482
-607174945 -467261197 893588134 -705705251 -1846357114
1729273934 194947797 -1979837615 256412349 -1530495337
-1326078184 -445169848 89191277 -1197692585 -303768893
-2089328392 -506361981 1717519960 1945401508 -1587724881
-1810248067 -349443587 335113743 1528367605 2033686209
-285232636 -1462869750 -1425025842 164926169 -1903908653
803752580 -1313268518 366070581 1704622282 1784072318
-1037242039 1681436341 491204073 -985812807 2077624769
-2077323507 -1081803386 305144008 286923068 942072261
-1318572875 -989746155 966212067 114834938 -248382542
-889945842 -1657242755 -1788455922 -1047086759 -919679150
728452452 -1260246187 -1282593933 1812581851 224979679
453786875 2129830528 905838965 -192338068 -1936980369
641073199 -1895863142 1855994923 480562887 -21046304
1846696184 -246474129 -1638870680 769321348 1992767867
1565798545 -485485143 -1331491559 1864804054 1428241071
917506892 1689984038 107764724 -1895218120 498652222
377243160 536346170 2142801048 -1618004846 -1748320142
-1723251494 1659803907 837794144 2145484742 -957413934
-493381109 1259993071 1599266316 2093134503 81640523
425559316 382188596 -483692525 -956895794 1277222353
-475144641 733371937 -1790223808 -128892219 533548230
-1301656000 241158295 513345980 660439639 -923365917
-1335578334 987322274 582519197 1608864295 1009792206
2031666120 -859965510 -1667038087 1945296661 1379093484
1369420439 -977144114 1553083816 -1174430683 -1052044481
-1535954911 -63137302 -1680596266 -1582926428 -1592400847
-1632577536 1156384474 1638128151 -70549642 1883629525
-1454878659 -1733097455 1472960242 1728747479 1664345938
666866062 -698171886 1741254138 -1491752356 -196321961
982027134 1742730363 1885092904 1611693468 1547587889
-161214077 -296558201 -1249964354 -429272162 1131959281
-721738483 1406379910 -151918350 -1320617168 -694016938
-1604086767 2012652541 -2095816269 1724242957 -1420169126
95173639 -164099891 522673930 -1497973673 -2052497361
-1760322878 -32044985 1894562355 2127490627 -171767184
-2040987085 1000573639 -2078212328 -1545814405 -2045253908
1084919137 -812509218 550563079 547880068 1778857988
1360724686 99345566 -1798742493 1848395960 -2067480570
238418489 1916423557 -1072373919 -354631843 276328568
1799622986 1649125025 -594673270 -138598167 519307796
1583867798 -1128953393 56016618 1340524866 172030057
-1816186914 -1266040969 1017605161 134635798 -184628513
-1917696040 -1621064342 1809622456 -1379209716 1922044621
-367210872 1768359817 -2088349268 1704003011 -1507546954
-884837159 -962766308 -2033053669 1275076862 -1095595335
805437986 -246237502 -279694687 -443336395 -438070838
-778737007 1291069080 781833540 -900780805 -1325141768
617027435 1284478608 1471217497 -538273471 -1531684478
1311740725 -1162721334 -864410393 631147357 946660196
1292731143 -1299047928 1904412941 16909209 -2144953189
-486438280 -2057252651 488420137 -80564428 443507757
-452543666 -110045695 -714588709 1719293741 427907628
1445114196 454511297 930341012 1941076133 -25437899
-353728244 1314903212 547533827 982606127 -629836983
18650358 -610593446 1155794130 -2127951389 -1530979608
803334425 -1111647245 -528271512 -1148467335 -1219433908
1877943417 763582592 -2114206449 2144108691 2047960329
415789483 937292009 -240312013 691080690 -228023042
-868872488 1956582808 -1358041767 -864778044 808394627
-1171517021 2074259830 2134994270 1168824974 -1297617611
-1942019800 1414006285 -549995543 842930538 -1466851566
991763767 1313028726 -454753540 1852205810 1716495351
-1081886923 -468942525 61591194 -375298170 -368135794
1362048210 -1533770008 -1390363385 1296278013 -1091497514
972622385 -1342706138 -1149521591 1144354239 -390295799
1075693935 -1302555004 -2068317242 953295243 -1019932751
1364822401 -208370908 -304664279 1470645755 -1418593367
-512090704 -924218144 -618460161 -171583921 -1329535584
-1462806008 2045636502 -719036662 1878675859 1441874124
662240333 1868391001 -297642656 1517751291 -1589254299
918690022 -1744426347 -1559596069 2043969936 -576014633
424215580 2023160456 1681521216 99473025 2125114495
-1771425901 100391213 208625665 -193024600 1148881971
403036853 -142116477 -1512800148 -867327777 1074378715
673726806 6805658 649431470 830563206 -359681828
-1834909974 168058555 1266068777 -704014011 -933430197
1977349006 -1117056027 -618930433 -470832722 -1442075356
-1637224517 -1890829904 -1840657161 487359157 -1977156167
-2141883084 -1213052966 -1208281556 104883688 627171731
749064552 -1913311438 1131558192 -333201789 878683438
-765518399 -1770368774 -1417227084 25115556 -245407666
-1621499925 -1057615022 -802512038 -892680736 1897896263
520919279 1965353578 -2112537860 431228183 2074939987
391226691 -1619477961 1137588012 822631025 -1229140710
2096207953 -582587675 -1637499632 -643148359 -2074980996
1628109465 137249529 -1626407833 -349605424 667207615
2132826693 398220595 659454159 1803116227 -1961305750
1468586130 -502172201 1251196005 -834854913 -393835212
104816499 2121142976 -1878825728 952890276 -935295898
-675824412 -1637601753 -600969663 2044520397 798539125
535681599 740055871 1845298422 175781193 227201648
-328605581 415287608 -1166346617 599116885 -369733401
1638995974 -1766320082 -427274184 -2129682862 -434230058
274805639
