10403 144 364381772 -2027612717 1216287954
-245607273 678378282 -1102849877 1470082486 -1213796771
1723101196 1414947480 -1736544935 1957553516 -110047484
472590650 -162338641 1909453454 1312651436 -1109992006
-1119856461 554838190 1952107225 964268355 384669713
1690147005 267719396 -1642722271 917250125 -846307852
-699115534 1545627480 -1605318299 1941141991 -962798871
-935508510 403661843 1680831828 1142664336 -1923974212
484828648 103701250 619937131 -2016621658 523067048
1249841468 -1437630042 -1901575710 -1718889107 1868247482
1303530596 -1317856516 -1628809509 -1978724906 982407620
-426378435 592137086 2101848810 922482704 -1810805816
61816257 -1902830580 -303240466 1922221572 762306036
-308756915 747072409 -1399433959 -2099897677 289337050
-829878680 1200597689 -714263409 172721331 -1019079566
-311218416 -211850536 -1928710711 1952345820 71362177
-1464666159 -839882307 544660230 471120491 2031502654
779016555 507111726 -737855333 1629392126 -1619630474
-227454884 -199781824 204591257 -1059611003 -1580535898
1012965441 -741387220 2142693521 -1104174031 -800299764
362424754 503940556 2045440670 1136865665 373397102
-538442188 -346502531 -2101630653 1746993520 556739515
-1324530973 1969929730 1444099591 1243318176 1279183772
-287006555 110188010 262190271 1472523321 -1450216519
1056469865 747297822 -744731946 -515224931 -991196973
115439939 -1369883295 -660110429 -1533219194 1619801331
-926219765 -263813747 397930785 -1515380711 -1829994166
319756350 -1534141281 2063409155 1349643239 -2015759110
-849989283 1102873774 -1493239244 811078066 -1036498455
952938902 802831196 -2052249192 -1559080780 -1421455249
-1769246512 498763829 -1030657145 1660608151 1167276154
-1912143844 767433061 1683079933 -230570722 117987000
172664306 1409891865 -1587780540 657857446 -29001262
-2033370414 243693496 726954002 1183452343 445208787
1639958436 297972276 1515794100 -2071039290 391970242
1615250236 1065791327 823185238 -1730136454 573076398
-2012456957 -1235944459 -59906336 419616119 -824567027
971373134 624287620 1171764980 -181189363 986528189
-835366128 -156653690 -1604229450 5372096 -1478555584
1777378956 -624456986 1348758274 -933934588 -101641486
1461271007 -1272561221 -1722976538 2050137216 365567801
-2018598413 -1114057118 -1037471586 919475925 -137655256
871537271 -2139600346 83680413 -939178739 -108646932
-52371267 1144102672 -625488944 -2002223917 -589297346
-1952211700 32677128 689586954 -1911200500 1203513022
999239633 1717441663 -248021902 2059458738 91709051
1701200497 1479660140 -1672248731 -1614126287 -1050288985
98417327 -1732196121 993057803 -416930005 899851498
-1076967860 -1408809595 138742062 -2024352357 -2098808618
319951765 183518219 545431328 1934813452 633092962
322590039 -1009981610 -84493946 1079352981 1623841333
-816339698 2139833382 1825488542 -1392977786 889816052
1138296897 1689067769 1518346944 1699294280 -1001655559
-173892100 -424857811 695382958 -1670659052 181104591
836931180 1084994785 -1288855665 375579319 -2090686557
-171473705 859469659 414255924 1839148977 -1236518306
581282948 1222962473 1492955497 520182103 -2011720600
1657637082 -76689154 904779743 -694629473 -1083582432
-862036093 364076742 -1965092832 -942225829 464751477
1479473106 449608133 -1601852492 -1156987948 666284337
678570120 219498413 -2050913190 -628399661 1630632802
1973121323 -2140316181 -227680282 1095933147 1239198113
-1752891064 -1008205268 1712253765 -800647571 1725856419
1633375780 -1191024540 523593750 1156225315 542509850
349799668 179191645 993855018 1486785045 -1264929186
611040620 317861479 149272811 1470570637 -2047385557
-1330215182 -754878363 -70658356 1163421717 -346044703
1987026652 1902030208 621235741 -291931489 850401885
621541968 -1434778317 1783415635 -1557086573 1513684745
1307532073 781207572 2142301288 1294626838 1910972436
1551802932 1295086966 2092279836 1539129943 -75215106
1033865790 -1312501478 510437348 -1586301024 -1153494527
-222884301 -1747058662 71290234 -1875117294 580381657
-1969760115 139244673 -596103028 1830117617 1698607295
732270523 -158054344 1268955501 509594464 954671746
-1528435409 -88103096 -1407978253 818036129 784283244
-1979986920 569406346 1977144304 2071826244 1879585250
-870441715 -72938407 -1963976366 17444860 -1838955808
811652840 857664204 -1170975400 -1606956497 -176041020
-755928258 -1703112226 425937024 -622483471 -1636736570
-1223601687 26103117 -1138074228 -649619567 -477497904
1306225205 1335475824 1396950111 -611302593 -755605730
-1805479810 -28999652 -1561155858 943615200 108209475
2014581518 -1054464142 933076336 1317220429 1859366808
-364993297 -1385968348 -417027871 2060963037 -1665203377
-1933962488 -2119576343 1042381412 1432462309 588154161
-1163553823 190588318 100416352 -1784930779 -88302872
-563838093 -339653291 -1233906060 -1019454178 -1891879670
2030007016 74122619 318005504 953978885 1192560070
-337671770 -1239231363 -1478280535 -23198099 -802267778
377226679 -1414125888 -2024142048 -1129908821 -859804424
195933388 1747758798 1632753393 -2038374760 -2015823711
1871159012 1085069021 1456238195 1322200157 886136090
1961673409 915477593 -307243238 -629907723 -597412014
-2136620950 977393307 -464912824 -1614323420 -1667933846
-708277171 1833870358 217835242 1547650373 -1093058804
-37541384 1288439905 853369409 893643772 1250773385
-965724843 1850289917 -1140636821 408311253 39089208
-265939120 -862819721 -60326056 -2138197572 -1450293523
-1405802536 -1218123496 1184972066 513731661 -257705975
1848003818 -1490944399 -1521583541 -1002190935 766955500
-1092459183 -894611587 -342506226 1392459214 -144758511
320048204 1872508378 1413707401 1636233396 -2029550909
-1314335114 2114697148 191304113 -1882041619 -180012493
1363721685 -823333957 -646769729 1799655437 1745637706
165777945 -128135852 -1870502858 -1534786235 640480977
1758643977 1545926737 -614358072 641447185 -662393036
-557672899 1436283868 723288858 -1394152317 1440624642
487586806 684148142 -2041708092 -1653069679 -1997060725
-1682063528 1295465753 1392847001 -159609325 -1369713394
-1759983594 425913011 -528613092 1485164134 1964773347
-317983922 -1584268620 -618068149 -801226635 -234499130
-1302183451 2018909707 -461304955 1029026079 -663766492
1008407606 -361308193 -782517855 -1386686368 -1988136583
-23003759 129380467 325892067 710189225 1956554425
-603083403 69974924 839496123 -1313050411 1131465598
-1133290130 1308150807 -1694832063 -2050004706 827594023
202830786 536505979 92281842 -1991705218 703104726
-471963009 -1157276172 -551366311 71469159 -1318728309
251977414 -96581275 -927325418 -71271736 -723632066
-596655150 462021032 1539920415 839850329 -736857989
19848829 -531612474 -1084431171 -501524068 1710994566
-270229153 -541413145 467733701 1039975894 -846113461
-400382937 -331133170 -1147042445 1609888092 -219693588
681204391 -43953812 -1921446182 593057581 853375050
-1875270441
