10403 112 -766256926 869724126 -755625035
1253677365 -1136953444 938203053 1602038563 -2080977900
-1967157665 -1733388104 442812248 -1683210377 -45358852
-134162494 951109171 -1532866777 1178439170 -810862650
-1251335432 1647878800 1975023215 1180977111 -1056763760
-776641851 -1622163523 -1834079075 1618907075 1146896629
1916531048 1714028077 288126042 150602173 -1619550379
1466573025 -1396097733 -1343496631 -44474887 1570859658
-448874896 1245389993 2064346986 1191976838 -1976924912
-1375751857 1557224875 -503483144 1885264551 -821176396
888229791 1494516708 -1004200734 592356864 -703206589
-5182099 145783075 907015920 393981057 -208071671
-2026193351 -701088469 1334668960 -1698630985 2079450360
936423292 1763913634 -587283188 -1540717530 1029414439
-1322146958 -2050149497 -271249822 1326913478 1510635154
1436910009 -941380090 -1382902589 2016009121 707286145
299322507 -1674216312 906574454 -77884376 -1039847163
-1819963978 1220442894 1919728087 313793028 245615864
794425247 2094599313 294460374 196250328 1991559492
-491726544 366145158 1784836678 -1765479286 555291662
1534637399 1961731631 1393569429 1551028250 761668762
817309877 162331438 -1330344622 730620789 -434985555
-916106213 1176096598 467815282 -616736807 243510548
-984751991 1125104158 1590140255 -112640444 -280116707
1223095168 -320788189 804468496 -1035762936 -1395536383
-1534147636 282856287 531932554 -1370019187 -1237830373
1589829762 -465930808 -1733323863 1602389042 1888277873
163431680 2079843103 -1375290431 -945619283 2039402254
-1371255523 837039006 1729067623 540691762 1572130059
-1063247951 2069351639 1748713795 1512755501 458496914
-1137778350 -1334835958 896207178 -1740856662 -281401784
1629082262 1586127997 1203679350 -96272289 -669036036
1190484160 -2141067682 936401967 104689279 2081590683
1400679428 -243835295 270097989 -990413418 -246049798
-1861312074 907301774 -1916636934 1248924375 -1018185446
-1105779874 -716898286 5344988 -922398206 -1418801904
-66747979 -1809939633 194805040 184054723 -2108772590
1379953537 604773778 -1795196456 952816606 -651935339
1529989323 -813136861 1011310989 -292792792 -1748117458
-1068517183 1379857997 -1136243007 21496298 1886124238
-642961328 -941998176 -2029989828 940052859 -1810319710
-1459291293 718544059 599699208 1820465562 -1065142635
1807812509 1094502103 134035837 1201074098 -509331284
-1806721550 -1187910636 113294447 940219163 1026263438
-614272346 -1164913986 1529372061 -1372774138 -207574471
485263683 -884438188 -215832460 -442206799 -1055855037
264795803 488728139 275961392 712033152 -1090311149
233878217 -749257036 -1292296863 -2114105695 -716660893
874310786 -1062608134 1803699756 232692052 664066974
-1207272864 1351513188 -1716039971 1273023504 1160304898
1735774711 1630434163 -8825187 -775400060 2109666952
793845196 170665783 328652639 -23567971 -1955852718
-1388357118 565770595 -1061239932 -987082035 -1736181040
-1047677762 -1271186835 -757384850 -938317154 1825343510
696476223 -955514109 -993051235 -178151897 390638954
-959951438 1382625222 755744073 -1550525940 1987115529
-1572884737 -57232139 -252618522 -384258916 2099884588
1062836522 1059795343 1038404177 1515153243 1764006283
-230849899 -1443545958 -1171349665 -1971132586 -518044296
778941235 -2048345433 -1156656348 -751852001 631699240
1096841445 -1865679103 1712467182 -885161242 619649869
1033563764 121238607 -1480949387 365014626 -1570365829
342677571 -245481688 1332210197 -1172714409 -2111452526
-1149755002 -1643933146 -2139203301 -813715039 -1756184276
1425522673 -669136662 -163737905 1896157785 -760047363
-514672461 1613597865 -29164042 -58559805 1122617259
-2005460062 -419257921 182419277 -1996588321 -497687038
377476575 1203436221 1583849455 -298712356 -346792268
-1110279258 -905959104 -2124699530 -1181884220 -1209730277
111714502 1092959576 1838297129 1168251310 -1608854808
1961092729 -951407091 -955460134 -1819344780 -1593774635
-2033355614 -479711202 -702935125 1560401616 170095053
799473121 830974724 283893073 -1994908806 1634048625
1670701261 -2109712288 -1911674188 -1660800641 2101251472
461981065 -151963428 -1802986197 1333977361 -930439001
1112430849 -140400941 -445706831 1579681203 887760601
1232268427 -1734150797 2081445916 1562484635 -135546122
969977916 1619070100 737955714 153414248 -658868571
437024902 611452769 1409683224 -1413844550 1361778122
-1095132745 1916692801 -1382650704 1528877118 616466629
-1032452233 208553666 765697721 -1090433352 203770298
975392264 -1567148936 -1473866229 1770761076 -127797462
-1082012134 -78806514 567543319 1139650881 -634791224
1476493676 -799308588 1767341860 -1592957679 1564499657
1494326541 156352583 152646753 2091494221 815632479
363735223 799309791 862749604 -1368274501 -280543599
-1844885046 121796478 -704917883 -33089472 2078042431
686733728 1973326680 1052671473 -1487713456 1064389499
1756359835 -334138715 455023618 781223569 302430255
-650791731 2012582582 -120049366 1446613206 1560978479
119264779 -1748540246 -814960588 -1180778834 -582586144
1978119382 -991548076 -1062165805 -570644432 -383122391
-883646476 341616501 -723149024 -197490347 -1056289241
316414983 -872439367 -1392006830 -352356992 -1405371631
-867069715 -1063979592 592216271 237340189 1400975983
-1806201171 -374271639 -1333580708 -1431584927 -1795353064
2040511345 -98219723 1104963870 -342912277 100887876
-149921747 -15116731 -1375205634 1889176824 819026142
275176679 -119317101 1957757711 -444939644 1100504636
1531272919 -2115229340 2102341955 872565723 -848940429
1425193578 1494615269 -331689462 -7586749 -1385201405
-1997526714 -2067557719 1001859376 -828429775 253032184
-1893915915 437523067 -1821164809 967343313 599493126
-856256938 -1283692850 1680753115 1797506475 227527878
-1493576349 -533960073 139468688 -461456293 1672224223
-404905085 -1240720143 -1495467155 250989155 137282077
1683106329 -692111982 -1481153782 -1687405279 -995224110
-1475666641 726938998 1856047890 -476086394 -196345032
561215100 1135325140 464424949 -1870699308 -1884385512
-1789774871 -502918608 1158498191 876426977 -1078132813
-195394845 -1427690056 1708275863 1517608578 -1494697116
-2145833705 -1173633066 -121079764 507798364 -2099132015
510367142 -1216286194 -448991039 -1176650531 974520375
-1513410799 1205297401 438296887 -1645887231 -973181139
-933497849 1973780115 -1938578424 979070530 -1960816163
1902110738 2092233426 215397835 213166982 -365809856
308179757 -1861480987 949456496 102523442 943981622
-1783397338 -1601198687 431083785 1223272535 -1174887109
-937876805 1033746509 -1564324902 -1380045519 -317854143
-411338486 -1586452519 -600617003 -698468003 -863776577
-1169718763 -1415164035 -1080960879 1308491543 -1982564236
-593743079 496806235 -1191543722 -1069894375 2138873198
-537655979 185262397 -1193194319 -1153383989 690445349
1990997253 -1484134755 1408827973 131356545 655645469
-1966337167 -1032951197 223347256 1490256923 -600115494
1913207887
