10403 480 2141977095 -1548044450 992716927
-1330289032 138075814 376330498 -713145799 -520617130
-751108872 -4972620 -418784522 184178672 -948145398
512959966 -1217304626 -812918335 288383019 633008288
-2127008715 823004481 -61110213 -1469091144 875462919
1047135185 -929261826 44879236 1245091083 -1804051795
-225130471 -1179076762 1723078387 1242067377 -557120051
-1159963282 1242962611 -279412014 1932743688 147364677
2095466068 922116171 -1890052692 -1798595377 1475614839
-357664638 -994710710 1814192499 -1256907998 -1698629985
-106025 -1979106628 1046107734 91635758 1504830693
-1047068131 -2133987622 -383067172 -381821102 1496883342
-648934199 55024081 646233213 -1427636037 -1486963795
-1708945430 -85470675 -940231257 1715378007 1770111721
-1445121948 1332886836 681154997 -1163297915 -431168910
-1662689494 -347958063 -634470214 1044112689 1411423283
1028371520 700229752 -2146940947 -1317549271 -1118953132
-268995758 -384298894 604195733 -1471291022 571283661
-453732137 112891618 -2112400356 -523935773 -600769465
697876970 -156839363 -1050844225 -1400772244 -1674900168
-353244134 1942257356 -147532399 -1504179500 -101022389
1482229793 -737506961 1309854178 -17331937 123155401
-1411964190 -2125546169 -139801611 478959407 -1531432020
-1633627344 -1696716 2055802098 -664042945 409794734
-833578299 1094576658 -1129689516 -1303485539 -1707927336
181217016 -300881528 1436798452 1361368850 1820146537
950661654 527963130 1544740418 -489995836 -645374411
-1728999817 -603962634 -1518386128 -1067706549 -997018833
1822987456 -1924959673 -1711501778 2047236942 -1042732627
2117275469 1505632690 -1549290198 1904935509 998910381
-1238498793 -2098356530 -1472346877 -1679954464 1254436902
-1252644541 -646241351 1416734216 -474688464 -342240567
-2028407124 -1615640952 -246093949 -942446007 -423161661
2084280513 -2131058668 1660643369 1836575934 -1093084890
-437148022 641526375 -1448881329 -1091740347 -1541965075
-219239678 -1754353879 -1041820955 1624534723 1308301304
-1314962637 56684791 1320278599 336233812 -193004296
-1024588929 915409698 1562525180 19302598 -1779561528
1607697225 1593866201 -593476980 -1253460875 -463690071
-1444483960 1358567255 -970088003 1313102293 -747701319
-1720768511 2028268881 -987565807 1516109354 -1898595436
-1032653231 -1949093389 949003435 1573335459 -1377542087
847216823 1604397900 -42805126 -402406184 -64100339
-2033154130 -714616404 -1575318405 2085158766 -790340920
2064503167 -1068976830 721433135 1038312384 1536966820
-895998728 196156020 1657461967 -906403562 605628763
873121242 -1596960417 -659903280 -372552087 1064828877
1091641963 387081214 1893421387 -12936540 1576510975
-1011275729 1258857108 155762837 -278315366 -264775736
1910486715 905610542 -429043181 -901518804 1729569684
-178732592 557211442 -1701315765 -1146819188 2102012424
580914086 -1964172242 1142491540 -770181955 1452983294
248029656 -393367117 1538028658 -63065828 -1659408463
-1369657280 1498620573 -1935035378 -1572553203 1677532845
-1957748984 -1844475954 1209040811 1699656198 1601283715
-404792108 -551010779 -2012334932 -225734486 1172866063
-684840146 -270115802 446571022 -284789444 -629587946
-1367135240 -850657840 1054078893 657421527 -1698074986
-1280222622 -1657936539 -1836940496 1305620755 -1503516513
-2025926040 1517220410 125184893 1390920882 1707495692
1690986312 -690486197 -1130148261 942254374 -716462715
903912862 -1970465884 -1931876199 -1374293258 -448536505
-1421593177 113733630 -266485838 -415602878 -832997005
-1103447789 461983997 -140420590 -1522049081 37202033
-1727304796 1545513450 1416470270 -532042711 -571676866
1973272425 -1693312975 1494257631 55260535 1802182320
-1831184108 -1856811331 -1544723405 -196641945 2060197749
95322675 1962097523 -1122864710 1227715080 258545873
-378009169 -1098091988 -1198931311 838932096 1884706202
-106904578 -910741525 -1589012033 31773348 -558154468
576305321 1095583892 761165056 1309860755 604167267
1452427674 278401711 -2022153360 448225040 -823269733
-931251739 1885124616 -2142705995 -1888295183 806667105
-535550360 -751406206 -1886712669 -1491496366 -1402128535
-110759595 1579518580 -319372373 138633712 -85292424
-332321201 1371958265 -1606534627 2089172476 -1227745372
-2069616796 1335880155 1185876810 194466630 2031040379
1386765953 -424436059 -135328476 -1472284109 1789495284
-1602061496 164613260 721356172 1849504661 1347364389
1447830040 345037162 -786031654 -1775389590 1812957326
-263444954 1954172447 595089135 -1338148406 -1057356874
1678777939 -1717636964 113782243 105043987 -1904432141
-623192990 1737872510 304446633 886685839 1949107990
-287663545 -1867142151 633021508 958047500 689143195
739164158 1274853965 1721369037 -917823866 -619264344
1312171919 -23151384 397225270 1107921114 -1637048895
-593809531 1642506312 -334716221 626013472 -2116687730
257462563 -537992772 957913705 -1718331943 592497780
-2024590336 919444188 1568528349 609655945 820593375
787473752 -1949640139 -1560054537 -788856766 1379865724
29944064 407046117 -1359030656 995148188 -1727369774
342117456 -428177638 345653042 -1986371302 1931894889
-1866408952 1697006385 1453125557 -1593822225 -1621022137
618353154 1999369780 854206723 -563417739 1291607554
-2007989578 -339412338 1325069888 1346339782 1839983551
165197986 604590186 -1642259281 -681366851 48606013
-465351595 357560187 434651341 1248907926 -2001642501
-1661577940 -1782137713 645862327 -498875935 -1223262233
2100907278 -2027917868 1780813461 -437304832 1345334832
-563748143 2146306155 -25610431 1284247983 1367179699
1407836152 -1239241050 457192802 614738778 705806420
1576361542 1086159868 -1488299877 914857095 -929715705
-503754423 -1878597634 909832497 1765746436 -1795860829
598330032 -1889576075 650211810 -1688488126 1725124379
-260959559 -2036085816 -1735563154 -1459312212 523995981
1174509083 412842731 -1858939164 1558493036 1696776044
1957343226 25010308 -923139186 -1106355316 -71266600
-1673336429 -696081251 -1155085098 -1696687941 1494582293
-2042080309 -840472641 2141264357 -132024360 -1924891526
-1715084297 1075237535 1149690861 -565385304 520371458
1684559625 -1708843542 907916660 1203548239 -2140529286
394688323 -292858122 298310612 1225259180 -624399326
-856294960 292977517 -564480177 1548865052 -125387291
-414907296 -1416013076 602628870 -1461820729 -1359736565
2077865082 926565881 -1566406291 -1114996075 -526418729
-1655115551 400281346 -1989401636 1980973644 -266165595
1919947989 -1656830584 -2058780410 -2089888429 -195617378
-655668852 -2099784673 1794346408 -912162749 2031929008
-1420036488 861396633 810227763 600989035 1921859178
-1825710480 1285902197 -1049386435 -372619313 -815743164
-747983571 975803677 1511939079 -607099688 1753262058
-1964069875 346888009 -545070606 1101114018 566502695
-1419097738 978183268 -708535776 -1632804938 -439476499
-795857078 -1277454317 -1747202865 -1552368191 1254413743
525588765 1802828669 1366094141 2126949024 866740152
1894840758
