10403 256 2124460944 1619041533 1555319930
1216831150 1294268655 -1238537071 -354179779 -754111008
1923692842 95729428 1358366649 -818175096 -1279299975
-1422790797 1088218709 2011340064 879523216 -253856983
-414938604 -927189408 -64600572 -1063466589 1479727447
1878509245 175713269 336181522 -345502021 -1746238133
-1436191789 -1428795946 1503618350 -1573461223 1545995790
1869105997 1107059211 -1388096456 -1357405780 333784483
789432369 1054742158 -561940878 -555891195 -1125213553
-129694023 -1790879009 1789857051 2077948243 -1220564822
-19053712 1047103363 -1408588354 1527080950 2121066161
1977575570 -688738628 -1022557197 -761407977 294864374
1064190542 -359188324 1138023195 1952255957 764490713
-1135703505 -158441080 808531495 1300040264 1351660971
1686969600 -1562625439 1257626443 -1827112965 393935048
1824714526 1027397227 2054044098 -225559925 1777272833
-1982247497 -1540410816 1193764027 -1177631343 -3580322
-728655629 -1387670684 302788439 -955418762 -1727933156
-814707188 -551410989 954056457 151338066 1628360805
913994 1443534917 2083655543 404229408 -1666137703
-549535598 321815380 1779940742 858553596 804530856
1983583843 -1999966851 -303770421 -271105253 -768646487
-694687691 -2069951585 1192847721 399125466 10179090
1242151028 1442993446 667196905 427167316 1527588386
-732680069 435564433 -1150698248 369180321 -643161303
-1810129020 1394468315 1276240490 1669614525 1857665534
88315098 -530765687 -1197779599 -217438337 2146987803
-1860763610 679836858 505159746 1103568725 1400287805
-2113439291 2032606138 925335950 1015701259 1505994493
-354025567 259172084 -1972565089 -94949516 -1676167329
-803119678 -2128490612 -655110110 1281379408 2038339463
-1949183522 1304021213 2045316814 -1083077573 1595869970
-297998963 184088273 1476799851 -1941305678 -1765775249
-2129398079 -399078776 -1768292088 182400083 235745543
255799306 -741331911 -1670822304 343380761 611665820
651409089 -118450667 -406026554 -69377142 1329655024
1612799281 -600047951 -895399559 826746274 -563194552
-2041328373 1067702398 1736657366 1454930306 -250132285
1066782365 -1904782633 -913126442 -946837240 194520638
-153912359 -905345076 189550683 852702373 642325719
-291676159 -438028687 -552737432 702781257 900556746
855546487 1676538091 -1896464616 -278304879 1994510046
-1944735333 1971402593 -2061703895 -1852048994 -1806975092
-636054733 -1957513210 -1216258731 -1559112269 -325246569
2090518445 34665804 -2095533024 -1656296988 -687785412
-499016958 534733110 533155051 -687446696 1296771620
2080377822 -807908208 -753254548 -1653951683 1318308074
335275023 733261344 -1832088249 -1740483039 436007517
-1835687813 1633864734 -965164891 -842881648 332061136
-1846691168 1559821304 1325498052 -1569249630 -256551794
538381180 884501214 1574755101 -234153399 -713230421
-1279674373 2096119230 819486337 -359390639 -1762943765
-167295152 136109282 1493767469 -722884033 -199480608
1710990722 -1773768079 -1523921156 -906699619 1089315854
-160981587 1819565315 1955663918 -135446678 -829347077
288383204 -202579309 -668139949 266556884 799943387
1205123978 -298622258 -706444814 -1931148746 -208707371
2068668309 413469066 1948191857 1182652852 -1284550187
968747167 -2024378490 536069682 2092132684 1321318995
1757325617 1598105120 -34763932 1553974160 698975548
-1005617003 -1383019999 -1538056049 -806994625 2113909714
1450270322 610295116 -944103350 -66217625 -645472419
905907470 193149252 -1856715691 -1594623009 1164907035
-130981420 -752773884 -94860471 252522165 1074083822
-1781902060 724642647 579735703 1030534660 -1190270310
923072759 395351652 491774990 -1003432304 -1891331840
-1437792844 169621086 -291501317 1126688979 -319464434
254598673 236053441 -514241993 649131287 -409991031
-693464857 -1313566200 1125018523 1239402396 -973227969
831346624 -1251430314 360963208 -1695142295 -314271274
1126756076 964897651 -1754604898 -464116418 -560336435
1897016255 -1162097827 -504008426 -1453014169 -244094587
1062120902 704937990 -1461916003 1306019480 1310348812
353110411 171806343 331202602 1222695428 1804578827
1212760404 937230269 -837448435 802973180 -1060165813
-675322059 419491168 337258292 1144845001 1380136781
-1405186330 -853232837 951180060 1857062314 -1960908863
-1060787229 -1861601544 1391091199 -1221907667 1050597620
440815508 -647145340 1339460297 -102171272 1092766050
-1834324859 1520732163 -67677145 -1438758557 1714488764
-1605745998 -1751309 1757565866 -652950023 2025776237
998862441 -1612679468 1278461316 1440395569 1894546878
-575093700 1701753423 -284264738 -738498930 -445580389
2096469081 -1891515297 -1861781243 768679560 906788561
976316721 -2062775988 -1842678073 192013402 547072889
659387306 -597930284 -521122908 1172952274 1744452256
-1381232380 -466841172 -2016580024 -509815661 -1831551657
-2069887421 115468756 -866142433 -725252514 535994447
1949064592 130288795 -600706478 1188092524 -294993206
1447587284 940937223 -385731127 -1776265315 1878894861
1638183897 534652937 539524104 686568656 1564400343
-314308689 2043980064 -1861881683 263334929 -608565402
-699729534 -990407586 1595867100 28162342 2828486
-1924277727 1821521447 1056739924 -1344117541 1750576403
-1275011670 1517995684 -1595148273 -330287198 406585685
-1467043308 -726778902 134140838 -835830510 837966661
-1594001197 1122172943 -336177539 -524271323 933135079
1312395335 -426657088 578462467 -1844352471 -1608497547
1464934789 1684470605 -1794449805 1046856189 -1440134220
-626630049 -1461794895 -1571070674 1281710646 968604679
1516646479 -1398523449 628278963 -882626408 1860703170
213678840 1384035108 -1383762365 411453619 -1020783438
1488557505 -353870041 2022098691 -1611916474 -727212437
-725612054 2110955346 986863232 -1750666314 -1725523759
-1802851465 -1959034098 978978759 1282797521 -2079834179
393219226 -1698405052 1982438197 194799354 886750415
58071166 -1975918300 -273785000 -1526729675 1179577648
1865536968 1370311469 617745357 -476593333 -1925609600
-1653097598 724158727 -1532379541 -191677249 664469989
-1821742917 -1191757258 1676967753 -212104641 -521758013
-2042364503 -1747442020 -641448868 1044213873 -1381078020
1737918648 -1332455332 1586995246 -1183405463 1454484020
-1866447255 650385995 883396846 -1425233470 353900304
315081760 -1527594004 -34028040 -1688289914 149803691
-2053463963 -2124097787 1224389405 509819732 959149409
-2115592466 -1838202637 1916608248 -831708371 1422225742
-799674513 -824323136 1894604049 1121315634 -452561062
362807588 155674348 -1863679857 -120899162 1699440590
-1794906682 -863551109 1603475649 -1433360843 1012611863
1221568143 1068773343 554886653 -1267900081 1899642356
1408885767 807656280 1200208172 -1183747796 -50433041
-1380060661 -1117570034 -1242932226 948478484 1445119439
-385599046 -1289219984 1425516811 -1434028781 -220879013
666510620 534509772 -1652564524 -701513858 1567244754
-949287807 820674839 -2079374237 1865840878 623708309
-714207061
