10403 48 1721393482 -633841884 85758698
-441013347 1707085583 1832671271 -2090968999 725761308
1712687150 -176956261 -417703239 -1700728995 1778524636
1757379109 807179676 316459434 1325527348 67600368
1807882869 -899333511 1167167607 650154805 969998927
1835349099 -553807260 -1899590139 -1768624900 987419536
1462495617 2019227352 -202746239 1139481603 172358322
53476383 682320917 -543071145 -1215964831 1426700543
69646923 1533489343 1623494100 1743960560 1189204553
-2119291 899196828 798130861 2137559442 -1185255980
-449095720 -488758733 -916024654 -181287383 -1114556755
848036496 -1088539814 762074869 11227665 914965198
1237974917 -162572650 961321674 750286591 -388537965
242465112 358350371 1893575725 -1055815705 -718793557
-1284547373 -1340043488 563033072 -1743550333 -577039457
1291100207 -22684209 6518304 -267464300 752894837
-1441073942 1545365064 -953984982 -713212911 242743291
1630292322 1174573937 1908360829 -1382364511 -1350169857
707846402 1487334744 -313441296 200567587 1172035128
894866936 1848467276 1132969102 697534114 -1876161882
1324302987 202031594 -617245888 -1434642232 591368210
-682942806 -1947716490 1134954748 -922043490 -103233065
1159659100 -1203089471 -1252355647 -834251765 -155140492
-1374506267 -2046097518 623745364 85233668 887612731
-185652806 1904186596 1997457090 917000634 2123624670
1366242012 -376073379 82193846 -987539825 -516014908
1197055822 1278936370 1961397463 2035854032 -616877161
-2111348553 1581698229 159239038 76777318 -2026610567
-1255873784 800740090 1983361940 586218272 -1483077815
-853558267 -2028135748 2099575335 1507374413 -408408668
-1164746012 1499992352 2015963922 -1399992153 -429437765
-129052904 1735621841 -1321767866 -297718335 -1977218668
-339945235 1948588515 263411710 931726730 -922698930
1293072662 -1251020163 -1683603744 1016696083 -51763150
-1252812410 2019085968 -210675516 -1781753781 -796421411
-258437020 -856276516 -1839081100 857040254 1212673420
-206513892 -1137319408 1929430374 1426969465 783128043
1426567519 -1679396505 1456591260 -1211160249 -1497283613
1065220005 1949858626 -1407229312 419348634 752676202
-1504088323 -1218700961 725053325 -10895871 1890042324
-1592846130 1435847222 -2046848426 1253150106 8382072
-1467862123 -752857044 -605982630 1811282437 -817291360
941372 642084786 1171139737 1414022701 638389375
1165288244 -858805247 -1001058474 -165482678 775551460
1614705540 1364786856 274567666 -1947048763 -1674384197
-249237610 1796958239 -2031133740 1702464598 579454075
1561364198 -808078190 385767617 -1670548509 533925677
-1890905621 -1472118201 1268441488 -160618564 1536326030
-437360500 1072078621 998023946 1978154398 -835946324
34219589 -195537010 -1256340599 -464601978 2010029471
-2062110307 -847774295 -413881463 288981766 -1618616459
-937890480 1984357359 -1660178826 -1696438220 1839145547
-227106879 -1309547225 -1396498369 -1968448704 367666787
-1814522065 -810026828 -1634913633 -467063890 1625249284
1236049788 -910256688 -1333995384 571768124 2088450538
1388246682 -57914373 -866769591 -1904831753 1754160450
-296638288 1442461877 -863353345 -464371368 -656548809
-1159855315 -1649489265 985748498 -762990248 707148310
-1576848136 1128866278 1945491912 2128833453 664950151
1696870969 934034832 -1532602801 -1830783565 1457703699
-2094435718 712551524 849768770 -351375284 -1036845933
407251579 1840588499 1685844249 1190950548 2135091159
1951287063 -99772513 -815991995 17567827 -275100746
-1911582377 -303620113 1254826507 1634798455 8483321
-1476877669 -1033275976 1523141796 1878376248 -1682055500
1747469680 -1604180394 -776330584 -1360142897 -2005858420
-684918324 -1647802232 -821138650 -1260799079 -1567639664
-803098226 1704431892 -1654059425 -155118874 1213533709
-805216265 1360821152 -771824234 -1847695321 383850574
-1909966530 -683669480 -753706423 1335578021 740552241
1109860788 216640708 -914075591 1372665745 -2077709150
1194798777 1660574629 26692096 669816172 -1834992678
587785325 -465603972 -335927966 -815370083 -637977034
-1453669714 598988699 165934132 -398489590 -294199816
1202596269 -1653816362 1630972170 210212202 -1180543679
-1071547286 -1457505199 1184107822 505991625 1705040825
-1186219565 923302126 -1556890668 -2100086159 -1478798323
-1789930163 1820086419 -1507871119 -1807556729 1563214328
1712288424 -593137015 1827540609 1758424903 1022995489
597786042 166193661 -2010874871 -316051025 2079314847
-75531512 1292228631 1492586979 600665634 -1248394447
-1042594963 -926252667 1535980560 -1529030831 243810523
-197148778 -1778017213 -295294378 -485549232 -2105469553
1046672626 -842391547 -768174144 -1228387853 543902058
620641409 395023490 1389264364 602126769 -1399267422
-1826046755 1682399267 -613681050 1610977782 -1538712653
1927979570 969967978 -914801552 -1669132250 -1227734526
-449446539 -1570199140 1565676436 -466165653 1631729234
1317938050 1356617566 -1388672409 -117437144 -658590530
106341623 1813980818 941945182 1911639023 -692470145
692231592 -1056523442 1699569587 -712545860 -713980077
1910980023 -53511190 728872800 1213857109 -1944348452
1843532993 1813873114 347258929 469158538 -1242558588
1954446784 1020819173 1886094991 -455037541 -1721385765
-1326440211 1216889859 -544703617 1223043392 698052962
-1708650026 -1665050406 -831142236 -1626943066 591293766
837202088 153524355 563457695 1006133334 -449156515
22992598 1267777405 -1366524655 1157947339 -1755037037
539763219 -403777654 1204383462 658769492 -2039848415
1231039978 -415341143 -1455557602 1464233091 1131738847
-1291520171 216553334 -1489758606 -518394624 -1274972646
-1114127104 -1840599200 1153655307 555847410 372915235
721193615 -1845418945 -1919520786 -465853276 826084623
-860758036 1786278926 918796055 -1610760377 1921877335
-43740425 -924709669 -115869927 -796963611 1906746649
-2120418589 19913473 -1759066121 660077287 -2064612658
974326945 -1767605661 2121479445 -1926696632 164969324
-1574521929 -1513685724 -2101606890 -1737405481 -298706363
322603435 1502284756 921245555 -566524899 909708990
227407708 -213758212 1274788128 -1399609493 -196794919
1615729174 1476358698 -1194096884 -1752024766 -841252549
-1126789940 392566799 -160531119 1774090084 1596406660
1537662210 -551067147 -144924988 1093132350 1259697113
574398678 -665958278 -104611310 -401907442 -1749240638
-304503969 1097955702 316126457 -1676105172 -450800599
1427293489 -1062668108 1308289829 -1010974828 283191794
1262939541 1830693037 -658485900 -1625325375 135090726
60940663 -120918283 -224845899 2060385504 350223003
1731933202 1158683208 -1717609389 -704569503 -194598602
-75997305 2112170258 507525940 142640510 -2129657521
1690701376 -717773436 -1464329930 -776118186 454355035
-1155672721 -1733592399 -655507598 182452920 1861285246
-1325175717 -1539844762 339589438 -742387754 -135119134
822731193 -1621142555 735618657 628771764 328263766
-759888093 1906699440 -1699728378 -1742448650 -563652183
-1637596918
