10403 368 1300955064 1373632845 1222161583
-561863400 972188434 -144724395 -2086563568 862458805
1602383608 -910248225 -1818159487 905926693 -751489760
-1856821011 -98025936 -691338977 -1516222157 317243268
-1424875514 -250738396 1084599202 1579968607 -1643404033
-532380704 1669866730 -1063723262 1481622480 -2012855441
144826328 1305196424 -1364155933 328055155 -665149869
-648664425 1479737575 1568039188 1749928884 -663645881
1849492257 1239469604 1282745545 1157015094 -156658735
729923589 -1250352411 -1997551930 1559617071 566120956
1635309343 -1334841916 -739988628 -1539046564 654164157
1116378021 -1422895805 -470702087 -179432966 -1472539721
-308861336 842119510 -1913361896 -147962675 -1189542233
-3502142 943166988 660137469 1461754395 138104989
-1988851358 -1847796196 1955230101 1930822878 -1607388184
727260831 1549345898 1843576837 419126767 -54458386
1155267271 -1061227571 1459059761 1762696321 681012990
-531327818 -556033479 -1670681183 825864161 -383540193
-1798341728 165680284 -211498154 -643886019 1357842261
1075483117 -609803590 8987336 1743760230 698302383
-739105641 -1950749959 -754145505 -1190009293 -1146119003
1301386664 -1361220832 -1802080630 245511055 910979135
-644293065 -1851829942 -1439295150 1145646994 -828658210
438805227 -1781242557 1461277336 282012456 -1307365693
1339986134 776665699 -1563278454 715023998 -1897046839
931937504 1016967872 1038559240 2003607654 1026397237
-594899949 940332867 -713057501 -317969764 -1831073569
-1165214915 -767017808 616910963 142811280 189142150
-1480564563 1503685361 -1490246955 -1009307797 -1646121017
1433528000 -68354393 -1480332730 681718107 2098123874
-806159796 412236204 370589793 -1604603657 -966962305
-786580602 1338880242 -1659280949 1399678017 -1586219101
-2139021054 924729383 107772630 2085964151 1531790043
1985083045 395228365 8722645 1419113447 780430155
-1456952893 -162055295 -1763268398 -1708373605 1643179610
-353790413 78109231 84077974 1899117656 795354639
-688115695 -953491866 1433778646 -589530739 2130790105
-725620673 -837075898 870120842 1535217144 -459988823
606642572 1801295030 1740421833 -2004330173 -2047885681
-1304873845 -476563603 -783658205 585188387 618487828
-910836601 -2080229865 838963971 -1243920461 1604681357
-948510780 -2098835634 -475950214 -1028466170 226639754
673486624 -1199841992 1517041368 -495463908 -493455747
2002469237 -1557592560 -2119377983 1210217186 215337410
-113181074 1574202399 -86780227 1401784811 -1921775241
1240255522 -426953539 849207150 1355432425 1768428531
-1583435666 1989660411 -1600287364 1512025572 -581185143
-28571624 612642354 -557036172 990468110 1425140441
-374803751 -1529403393 720311554 -1461960664 -502760856
-733743857 979293810 1549554397 -1986728295 -1535016124
600695670 -729315288 408133425 -1903746103 -1623123742
-810627689 1105619769 1444631067 -953896089 1403002371
413398173 1624564556 1987220895 -1754550277 2056032438
1926786789 -782040217 1476307234 1798220940 110780307
1550853448 -565319125 -1089612654 1085570265 1246472093
-1684681598 -661085324 -1195209278 -1442410848 197724965
1363990794 -482073829 1691707866 1321465111 -124509102
-659481413 -1469259372 1593390700 -326773700 -1340362970
621438364 1309168305 -239532444 -829465382 1689401915
-598024857 132168573 -1746588098 -602321992 -887245979
1470524099 -999073674 -1363163647 1365591700 -743959018
1785199849 59391982 -1169549461 901664878 -1420522637
1398072654 624039929 -940707941 -1866439588 787259193
1470621135 9156020 -857203676 1754861867 1407940473
-657475834 437081437 1691926601 247155926 -1531781683
608820257 -2036772091 929953641 -1157684558 -1822602622
-903199531 -721809575 949009833 1212391920 -300931729
1405673284 -1130545320 551750774 436566083 -2047416187
-918136652 -568263712 2124086497 994158163 -112019635
724604780 878145056 -1137764635 -2104410622 1128355856
1994896443 1215869165 -1583047947 -190209346 1507434451
1179097786 -2145933105 -1870615955 -1621218719 577299546
-352278529 775183444 174391968 778152584 -378908902
-1328179276 131925867 758899017 576455586 -648820546
898757801 939211794 -380107870 1725698550 1661722744
1216706443 -1880130762 603188814 1966147654 -621712600
-363996567 -468499295 -926509088 -978401689 763833410
682878526 -54546394 1263522941 -1285285633 705045450
1719618888 -1364354404 681985923 2045959956 -277734767
263857683 451387053 -1275399259 -239526328 -1537258955
977403739 1732134494 -1381670626 -1966580513 -7139293
-1759308621 -1738024671 -614229060 -2071045881 1535734164
1563915260 684845997 1631532578 71293183 -1172871480
122234734 -1470116423 -976790495 1094778239 -1035710935
-1351289885 1724897761 360286920 800685413 -231608887
-1415073499 -1981894120 -256799690 -764377226 1889445123
-963213807 859799421 1026323790 917787801 1342804110
-248785684 1665420019 940933882 -1189316167 109588080
630239889 -739963275 -909430639 -298294587 2044337706
-1990918765 -957355286 1434827398 -662614198 -859285643
1081695575 -2101108535 1778737475 -876926883 132162071
-68280044 -488974084 1522000234 -2005980928 259225687
-1223232120 1384815125 -1316784821 -1507612232 504277195
532873762 361015915 -2040045210 -1530781012 -320456992
441654599 266742754 -1017135835 1554430469 410987489
1245637931 -14308547 300236520 1065576314 -1913248359
140446996 1228672869 -670325592 -922423519 361848756
-863506898 -720249946 -1233036782 -844761109 -101258664
833138160 416225167 296956188 -1819556536 1279343906
870878009 1623050136 -917607407 -293116260 -1133858472
-2028187892 1888050362 -930696284 -1592525512 1558315099
-368080464 -1796475777 -104666554 544322219 876061134
1834373455 -1742362058 2097554139 1830681766 130490667
-674903161 -832554030 -1328169337 1038351835 -2032961047
2134135846 -1624402269 414162979 -1330992795 -485370992
587371587 -675167707 231053685 1139931331 1630659695
1976276137 1453468683 2049640038 1877263481 2126295115
1439883684 221344883 948876538 -886938341 1579015518
-408832370 -1467958647 -1674412518 2084294271 1223983594
-1651164539 -1933628087 -624792570 -1883678502 1270088483
-1730361353 756934073 -371074971 -1170597537 -1796227070
2079550992 1195951673 -926075586 1463747442 108949536
-1818752492 1550135903 335728747 -1748219123 -1743374018
-926905907 -1760183059 -2086868293 1521608285 -1907901786
-193591829 -1155496444 -1155686668 1023924628 160027002
375166370 -1872831623 -342280400 -588372194 1259039481
-7682364 2106417101 1592288365 2094768449 1746366472
1584489862 1759078779 -73688757 1551845949 1026423496
-609314984 1741365978 -2127295003 728372136 -1742964276
-633603570 1143176302 -1945071093 1949186277 447243744
-1930915047 913404123 -958560684 -867688481 -1552933475
1880033552 -472266824 802125035 -313634486 902247827
541511404 455294345 -311139403 -1645264337 -1096355167
-1899849678 -532646391 2084641756 -1517042039 -640403680
296210792 592068783 -1849621168 1058077640 1079700569
-679714412
