10403 496 1796802802 -2117935218 299187543
-773769191 103693857 1310264405 -133250415 -945736096
-1295197917 -275580110 1878785251 1052836007 -978945794
2137271816 102093855 -1155587061 -53813019 -1641960004
1009674253 204408825 -539991281 -1199228255 -1937202422
329176763 -1241536551 629250156 -335246903 -72323084
-213514284 -1035393368 992489156 612547452 -1964135995
1424377130 -893188416 1866272535 -121973935 -1210699870
-1522375618 2016585689 -911159236 -34660647 -39980912
1523239459 -1869834037 1135942759 181402071 -1751419421
-1529692349 573884605 -423253238 -663915801 -795888735
-625559238 -1032596042 -104297535 2080516540 -1235727204
511713620 1000248377 -1456575546 -1509238269 -968877713
42868985 -762236362 -2066239793 557689313 -220526113
-2110260102 -405774242 518937045 -1924187078 -196027990
431674873 81595534 1886415321 1491809385 -1658013348
-496977140 -954916846 710376021 744461322 -331140841
1546324321 289123393 -1996206432 -567403052 -967096813
-2137085596 -1009049505 61549361 -803851298 2044555595
-1202508059 -1765210090 1935378588 -1710667830 883116206
1174852237 2093961086 -2084520163 -668252145 -1853989891
712391561 1676123528 -17696912 893263146 64062597
-381070802 1545761722 -2126351300 1534814041 493043622
-1350654075 235235364 -1104528217 1344481735 -239269905
1732769446 671621491 -711478299 -1641457546 1807419272
1080546269 -1985960276 -921540481 489311904 1171578473
2109798858 -810020751 -1831533347 -270001003 723407445
649712211 -569502230 252749338 1135592450 1012053280
585493000 1508162821 1856865039 -1212431864 -2058705229
1833000568 -2005853651 1428780708 915353373 -1108627026
-837726226 548787913 -1732585733 -1476830259 -1084136618
1801092024 1808119703 -267679054 977742515 -27526016
1127559625 -1315816543 -2129565715 -1654278594 1823642447
1132145533 -1898232643 -1092964464 -1094970609 1989449011
1173340455 -1493616035 481009216 -567120985 424306099
-1005436743 -1122434690 224696217 1684145584 -935861057
-83900186 -760363626 1977392653 -86786114 -1889750452
1522176000 877497577 497707378 1806878962 -1943202752
-2032740843 -2106908317 317709156 -421134161 -1048984455
104263485 -1823495792 -1848780912 1850578213 1081971932
-833840216 -1964872633 -1236925814 -409587166 -263666454
-1244858357 -558455279 -516004820 -1019625622 340473795
886178149 -1942193772 1016853131 960299902 1019353577
-1963871512 62703657 -1591151275 -442462686 1576187072
2039687179 -163649474 1450754198 528322621 -844311259
928366999 -1337612797 335116386 120658408 1443972608
1120277090 -1561345273 589632058 -718729633 -934348716
-350740926 -2019301200 1325808296 1128802468 -881712059
222988037 905548739 -488082731 938755573 -563163385
1489349252 1503117205 1405969076 1645021473 -1498098067
-1350312098 -1009835688 -1121707479 -389282537 -1902724406
-70158131 -1968688791 -250545740 884809445 1216960741
-1159502625 -986674903 970825368 -432105676 -594146635
-1811639397 1204181058 -1009437100 -244738667 -1394027575
1891087353 -1287324402 737518159 -348390827 1119949024
-534897336 -1250723742 177912910 1972602626 1484280211
-399285108 1423211863 348424710 579690553 195000023
1269638282 -1122072338 -1407994190 1556735404 -160548126
-732683176 -263888430 -1402865496 256110177 -539992426
-74507646 -198487159 25634511 1789731589 -1928095122
1432982183 -1499825095 -1314327657 -100517147 -1816336079
-1733030802 1777751490 826032158 89337802 -1028793211
-1050671985 153475047 -2077149537 -1074230676 -702427554
282247230 1946185308 -2049335714 -1535771269 -403395441
682491498 633014825 -617426566 209031257 -1236716393
-257388992 -1452097848 635067953 -1124555513 -104295143
-301192624 -480891707 -1124492493 -768114857 -810339705
1382074528 -1781228933 1894138350 -679115125 1685341505
292791418 -1135538405 806132231 46270202 1273039192
855557372 422124907 522440195 1556831541 -545644245
2027045085 1707945365 1312143732 1761874544 1527471329
-1303974657 -1676391166 -1915901570 148797041 -351213885
-1031171946 695604883 1324461208 567757084 -1308034596
1232874074 -1276249434 1238018503 404353644 719228030
1204203288 -1549211668 1548504224 1941846420 1463457194
1132500429 1335813582 212565080 323069090 -798820362
1756520998 -387095465 -2119417271 725826691 -1871227391
-330392718 766716185 371077685 -776073744 47744976
1859094954 -1549994926 -1323820822 37275196 630449684
-1095677416 1229601235 -840474843 753399828 -1425023673
695416313 930485784 613175437 -725670079 40163216
-997546732 1281053282 -284447959 -2080448119 1723787257
-1956487078 -1186135826 -284548331 1909084095 471222873
1682729078 -84778229 67158886 1025598923 -186833490
1342556396 1902571799 -1856019362 1326557187 -655655566
-53435987 -1494749641 1586089616 -731701947 -132434356
613702233 707923424 -1151241624 -745697081 32068386
-535262843 1876768643 1384429521 -1415905130 -1379935553
-2039531410 469502428 451465875 1295098500 765478168
-691825364 44965095 1122035211 1984403948 -128922730
-1952896179 -2004047852 1078167689 -1032223709 -1872939237
-1943528031 1584857787 -1434424304 -2021486277 -25420920
-1498767577 1023089959 -1000437699 -482356993 -1349943417
1542959229 -666771402 -1288104642 -703659993 171888391
647865118 1278329171 -1446824937 -1907331675 -636351219
222550791 -1468581002 -1218176193 -1406120892 1006287067
-596557909 -390556395 -19194994 -394398658 2021809046
95798051 -252153380 -1448745408 -1156460832 2115282711
1207311167 -755752457 -1071871823 1745901532 -1503345308
734758743 1515704973 1830252943 -2035507296 -306013531
-1053686126 -1536441347 210652973 1300232994 -2062052803
1752946618 -652950613 1027047425 1062950906 229991769
2010325584 1981578706 1268276457 1682864647 464790745
1241341053 1417617427 -1161992438 -809556152 1183901194
273566364 -1645891830 -1660148729 1942200440 -1980639985
1025936574 -547936987 1254700670 -1125634496 1442508379
1269463386 -1030105079 1731534934 -1559741249 -1126159582
-1275340298 2098625647 2030631214 -553868141 473101875
-1627390204 -1753477954 -928921929 -1782343199 -905681657
-1261964253 -1022625827 1196918135 -1841081289 904939057
-992169036 -952073397 -1251500584 328407661 -1258473332
118028315 1151600938 1316464088 -787676151 1055516843
-64537316 1339105080 1965576468 -1352724800 75426550
6682117 -1153149963 -2090610875 -253519756 -652325269
-79682780 -37626798 -1348708319 -469359400 193304524
-130463957 -470953623 -725125178 -894308774 -1713428640
1410251786 -1366704249 -31581762 319613247 -333100594
1788335092 1615858333 -840453098 274582447 -1450639188
-1070373861 -277631424 1824014822 564942992 551818109
302463314 -48596063 1607407086 1159424099 1117679777
293772915 -1864864671 1811474542 417611608 -1084203846
546045685 133772426 1512189904 2019992586 136966555
-2053052442 -535207621 -62786935 -1725512302 76379904
1835500130 -818127103 332353096 78624674 -123282092
1308980379 1268931003 -1583921738 1773021778 1442380272
426474605
