10403 176 509893490 -1581747727 -41908863
-1296664368 484039615 1162883504 -1870133287 -849762369
-298996663 -48284986 1439075542 -733503375 -708449691
-804348386 -1792032379 -541990857 1613757696 -351211670
-241504177 2042495809 -1966043362 -552295157 553702443
919662946 -1746768769 -387870188 -440165872 206228388
-308285798 742763904 -1570707401 -2024714014 1151023762
-725922661 -1307384851 903172005 19277419 -827966656
-1196936960 1919829849 -1106367597 -54463569 -1633719979
-1415052056 637905019 863761306 216986784 -538308659
1479091952 1334689368 1293692230 -914803741 952216844
-1828585030 -1526514020 1922634097 -1282286977 -1238383541
1408777317 -613085017 1693691903 352079956 1106939006
-1650039644 299714256 83324317 462454686 1653110106
911256573 -376093567 1867360198 -339615224 1408781707
-897003844 -1364424283 1969822206 -2145169246 380085392
2003284704 -102220484 -154563430 2017417475 -1723577266
1442692042 -327013559 348779990 -579267508 -1918177186
-657690386 1381781077 1624162118 -1822329714 1656535973
-1576865051 -204020401 306124963 -1802508920 -1698192603
1986691575 2033942920 1955826103 -1657916167 -1134695438
120458661 -1437128169 -996790434 -1259390004 -702564447
-1794517992 2053556726 -1471338287 -1929887113 -764628586
1721135669 -208135380 -2009515968 -62957824 -1307252134
-751327099 -1166860334 -1134794359 1023784252 1767206536
106575700 -924150553 1948854630 -1076747396 184315548
1384478900 1731083846 555554288 -1628725665 1748442114
1131811268 1227401756 498067731 1799862223 -2104599370
-86226765 10758699 1333000150 -1273445129 1182923051
-1581615807 -795900405 177486319 -1875514807 635196378
1471004213 -562529091 -674124610 1461061476 -1206695404
1379856099 -2102058279 -411404774 178643700 1444520233
1643603737 -1355791668 1928930267 -1105889843 -1276436235
745437523 1984362764 2135654256 368038131 -994672999
-1019996759 2019548216 1033773447 1459120988 -421623795
599449700 1183173919 771976629 325969328 -941279419
-1215674169 -564967700 1462299743 1101579168 -1116833150
605307811 829297569 714446132 62800931 -362044391
1313504965 -1811748274 -719205575 -1358440615 1775373401
-1952881646 1689814648 1268933437 -590981747 -1681416053
-528988124 -1784949222 -1911801605 11766516 -1309012830
-551945404 489892061 1526694787 1336554825 -1559295914
1402544491 765552803 -1487440961 -1040296050 -1321170351
1609045295 -1015646055 -390122958 -2088013275 1342927786
-956474538 560523030 -565177176 -828441130 984727652
1446692260 2008832042 -1199658390 1719190007 2012325679
458770384 789655904 -26702542 -1808001824 2047675511
1293292776 -1762865076 -794245230 1972730383 1973695608
-2102536874 1540813303 -594147451 1153541589 -121240484
999392755 -1226847241 -981195090 -1170890153 -2118899132
194440276 -1730220720 -1867225149 -1907914727 718033083
268225386 -1929930641 1354121548 -1951414655 1958399036
292409857 1473285872 -2096099596 -975279862 -1618415066
-215132836 -489441888 138562993 101985880 -508557304
1963385951 -1233306947 447339418 79059138 674890858
1657471885 -1086457340 -1016343185 840212233 1885112269
1572276521 1273198777 65454573 -161180871 1566749842
-283059149 662190233 -1746477874 -361470367 1557599843
25195246 152600148 -1178726409 733094588 1415312831
-770994694 1749605138 1662683777 1663340205 2105596167
440991002 1021510680 2113842494 -842536691 1675862576
447296281 -1903005358 1579835613 1594656163 -24604575
-765846637 -1594208420 1000038060 2067282529 -81400058
393806792 414022632 490193699 -1758566060 515865518
-585897406 279656225 479149192 -990378511 257825586
258026836 -1165436717 1742001301 2042201784 -12940908
1989935372 932730112 1283369471 129027380 1281470382
-1173922332 -1021276970 -473460571 34311959 1213586397
-4083879 -1954281603 1161689390 2145304392 -2097845041
504433433 -2034297240 456367519 1636606780 1077569407
751642762 869647588 1594437159 -560895856 469442067
1838338080 1752772793 1514864359 -695503583 -660549256
-595431653 -1198539100 1775299163 -2019860512 419264415
-357546087 -801813026 627354968 1724803004 -968219772
994222218 -1723408317 -1983465953 1085384637 1465927826
309447064 -1392737162 1329818035 1721012475 451685429
1894069333 -1956034732 762178176 -1494334810 1717078349
295588134 32250179 446312821 827437047 -1356775483
-724309462 1655653670 1768159693 -243476830 -733903134
2096430747 -620624724 -204797868 -956432609 -948374758
744851311 -6718871 1959563168 348567008 -907966411
-1616427053 1539117614 1182178114 521558073 2041554185
330268438 898383938 1283148040 -166513416 -573531106
-2107128624 -1306663898 1409376239 29362410 629274431
-993618040 1106502742 -739174719 -979383123 2031808618
-921153281 1233163223 740439080 1200522331 -867000381
-580408460 1059279867 -979849657 1939121183 -279181283
-1794239807 -639399380 1347445773 1862003568 1983971742
-469809446 1616003019 206026142 2022808523 -1475041581
-1770584430 301907488 -1671825530 -2010388156 -1122851707
-1404911543 1083027763 -2085636658 100739539 1468448779
465265707 1581979752 1783022692 1604662284 -1241432716
-788848330 1148026134 -1094355402 -463169327 -596960172
-357298393 -1130377272 775169809 1279784598 -2097238276
942453806 186863098 1222922573 712607599 -1003200876
-394698471 -904686486 1106216697 1882388257 1415044955
42882469 1830535030 -203295391 -239236537 1151423275
-358222409 -45615732 -1177627591 -1551653732 745924817
523112692 -48653285 -939661127 -317908830 -1131372887
910865077 -148400431 743819360 -1845943359 -262160505
1506774139 1569953432 952116815 -647607989 -1619290078
-109534817 5901564 1901520886 -1835489733 1504360299
265545861 -588985465 30291987 -82058876 1475462384
-159257999 -513855527 -1404961697 -415611659 -314834134
102362484 1095674339 795166300 -1133466977 294273898
-751068042 -1846200267 282875948 1801419201 -827509932
1680201725 -1780132621 468478350 -1860420571 -1563330868
1733978248 1166069353 2090770370 537200752 2019460346
-442976123 -281327816 -1164493442 1081283802 -43002314
-1124228405 277356908 -769283820 714414130 633197097
-638503700 -1003637414 1858629141 1415359770 -1734683870
-702865027 -699570828 -1833455776 -384024775 1205904057
223414479 132398157 -569691961 1869809243 -596131283
-265572591 -1484435041 -1671948162 742217581 -634743223
-1727944703 -1770464809 -1602936540 -60994597 192200242
-1022179554 -1784424571 -496329415 -4574098 23664826
-946696508 -2009708549 -245927789 209552245 -1884765447
1540742807 1259625601 -1347149283 2043657648 -389873468
-62974106 -934901461 -1824679412 -2010741076 1098485757
73821258 2092308395 -1270279911 1127823728 433244267
792774912 543207162 -775618850 -413901924 -367968932
-136549699 -1206151059 -1929634032 -1318400583 -2052663740
-1577730200 -1511400938 189896044 -897271644 -700453064
-1719653899 -600314698 -1461275289 2058572723 -573245001
-1868421255 -1867115942 1882975209 16113664 700418574
-1982868826
