10403 464 -446211689 -1169277916 -387129215
-2019400456 -564975586 1335381288 -520865025 -1039787607
560871009 -552858332 103318059 -1501557618 -1015725114
-1062558870 341429271 1205062842 1513340363 -1826892152
-742686562 1794076069 1884800558 1852107461 1303642052
-1905135145 14670731 -529136268 -1106826871 -1672401122
-1658206884 1812517077 1457682575 -14457826 -1896501094
-2135109351 1220714020 -1278664130 -1269010682 205851159
1613587716 2067108910 395322555 -963605889 1582963361
-721725093 -1114437702 -1544499190 1638600156 -1467449668
-2142066919 1856241419 1571809917 743561339 -2058654957
192396859 -293080861 1468023471 187645240 563242280
1353332838 128118219 1399363364 -1381106240 -1532195686
1709570794 4241449 -860415246 1530017172 1158521715
850049581 71016754 -768562557 -1936708019 1644181621
1924015456 1950475223 69441112 814554049 -99918042
823141935 1236875148 -2033683838 -804755215 -1331039721
-2071780092 112984616 -809230763 1488465555 -394786
1191491709 -217624741 -1101675515 -56937430 1662574705
-1558764321 1080905173 445693640 1725125485 59004862
-1837306796 -368995307 1033502674 -1362364178 -275500056
-735712768 204836909 1512956880 -1415570024 -1609544584
-1767194839 -722838269 1229985211 -144377530 2032344986
1080495590 634682761 -745755886 996019371 1577475420
-1360972497 -995606108 1290073761 -122121657 859065008
1149429293 -1637208260 -195515717 550794601 -921214640
201112368 824371615 -80632775 -1856663367 941259842
1846444231 -1059804837 479263214 -1549754760 -1523255379
1809754081 921304470 1865073070 -926299035 893993340
1965246183 630865559 -55234005 1189012699 -1515971009
-65873739 -1236924749 -218724088 -471283649 1455843329
277790472 647059488 1257288256 897626053 1126825506
-868237867 -2089358 680121810 -1247744555 -1590350041
-168285526 1350034709 -1296467438 1780709520 -427325941
1159487843 791195549 -775289341 167572016 -1870659008
32953243 -1195972686 1969063479 169525902 -1475359006
-444017372 -2041722932 17960497 980259791 843575808
-15098389 -1722401243 1501465083 -1355371542 551392354
2028304608 -353692473 2103955734 1121279901 735451475
1161305563 1975023339 1270476287 -931698953 -1696662737
2023710420 577154469 -1228550212 2145635062 103049071
1478011500 1115575690 1732358448 -2133113165 1120290216
1582963194 541744782 460097689 2019053393 1136723169
365031668 -1594575420 -1226493178 -734275446 -3700928
46988657 -1600169205 1290339274 -1946859160 -268535990
1377201526 -1486489 1782897042 1298730959 1438491724
-223209116 1555151719 1464470303 568083088 -306603590
819641511 1917290383 -47660200 -206088824 913225430
455747353 555393532 849717200 -538856513 624027549
1129106309 1815395918 993965634 176117003 -577712498
-1955092661 -905801368 -670981429 -1038093387 1120961
-223361576 1871999839 1093762155 -1816960388 -1478578127
1534167663 -186630248 -1974976604 1444211642 74877309
-1366218314 640824944 789960225 2079708805 -170801221
1842036355 326061163 -884830308 -1536744597 -2142327177
-2091488673 -425000922 523395572 -600048822 2074306654
8314752 -798919796 -1645337434 1917708763 -1779860154
-1410191510 1240653093 216937919 1794773382 1665447170
-500715677 391414335 85219492 1139662944 1701533953
-717551340 -504520196 1692569917 -1710014605 1343305326
472311503 -758317688 1935461919 -854960713 -2059471008
-1940999102 -1304384741 -155882690 -467590552 548612241
27761968 195180746 -2132578649 -740815916 1087274417
-678891207 -1072359207 835612667 -31678553 618173932
-1417446733 180653989 450847838 785470348 -199782394
1582602706 -1415790579 -2107312132 1233363979 1484722891
-641105328 242875845 -16417071 -2142225901 -663622351
607030167 -1729121812 2054989837 538189788 428557689
-334381997 -2106590071 -1893628352 1670747341 -855682274
-1715406103 522768830 156169595 -596520418 562980389
146131351 -406368071 1024426588 1552320587 559180560
613759313 1841134753 1887139106 -1053362020 1662084582
-1604960836 -1122772160 -1391323661 2109676794 2095570253
-1877770931 -517476370 1581541461 1852658172 669169380
-1704095789 -695665964 -455823076 -24671502 320756218
-326315472 1090180007 -589412858 -1959235823 -1272143013
-825615367 -1737407114 116727150 969047540 -826882684
-1211537388 -281466308 -1656496186 -1624767474 1140640781
854870871 1015575875 1866356567 948285998 308089201
-337829763 249033974 544393968 1022257904 -306088827
-63756432 302418062 1824439545 1106865967 -1205731498
206866651 1590667636 1451375794 1472167146 -808917004
565892067 379195392 -541026099 -648444552 -267252975
1128392823 -1397118833 1486821883 -933583364 82576961
-1365524529 2103834962 -538453669 -671284857 896373631
1545290091 -637724334 160196666 1357922000 -309510506
-2077168109 1946085907 -1241596319 946129190 225876159
798641833 1133524590 -852648031 1806477707 -1341043221
1934030961 1649564773 1384523199 -1288731125 -238805129
-1947657074 651211000 -415057893 616479 -1517661031
-229474375 182225410 -1266686350 1465077225 -437828863
-416622580 753769772 -108613915 1907382770 -1558039776
-764802153 -1285933049 1614129025 -1086978268 -1623523691
-180570800 1353401098 -2059458021 453387897 1942296790
-952947815 850572298 2068444942 1981392472 -1173977190
878767975 1184016260 976094521 -895825967 1381441652
247111192 -940743270 -1718015609 -487858792 398538765
-1480544131 623052240 -1358955044 395742437 -1986269972
-809324646 1315014351 431653001 2140079283 1907880947
-1965688619 1293006219 -939645397 -43197991 425914012
164330453 1536865702 1348554726 801618103 2019646955
883406395 2034748888 520449695 -1597809350 839748844
-1382759471 -1723303048 1805025095 -1107295687 -1438973675
2017290961 -210647230 417913059 -1028261993 -1814353703
1739157852 1355333837 1507058739 767059216 -1428905954
-907643415 -1094442950 -2028621629 740756273 -278671674
-360541429 908359994 1400974991 703284311 -757093201
-1168682679 2061708040 -812983177 148942009 -241929576
1048483242 -541654794 -1632113758 -2070737443 -1490240528
1126898529 1287180996 801205272 -1101489937 1447427883
1033094073 -1080780719 555579432 304981169 -1715438999
-208920688 -1466568715 1216127311 -874651548 -1644695681
307739539 240565071 -1612438058 -422249450 1955917584
1627456327 844268958 -2080784913 399564943 -633966815
-1077990684 370353966 1348384734 1316188217 -1943521258
-2078118822 -1421977871 -1954452878 134208551 -360414901
1210845029 -136165440 1890104876 -2052533844 -1977692086
1038001389 6219050 287990766 -761707152 -2051910330
2140078899 -54913148 -870336110 -64234967 -1085343871
1812839764 1275868578 -278012396 -770195383 32469947
-1092787972 440467602 -70736461 -2086625804 1426453164
2113800933 -618269569 862961684 990646202 369671706
1865093957 1481716298 1017194603 -1900843802 -591051870
1667455960 -346589531 538872145 -868885454 -579961567
1857363728 -1897179301 -808326626 -1448555042 87158367
-1756006684
