10403 352 1319926589 -877824656 -1497217535
-1549217120 913222968 1487747846 1610818771 -1247578923
955844129 1978998354 -897268242 -532333829 1569394509
-1612441323 12809276 -1379442018 -1209027739 1406676190
-1311314288 78139237 -754772635 223235394 1520147687
1091080225 -1309735513 201014626 -1891814099 2135909530
2046878440 -810139489 -1879427150 -1087752643 -1938406039
93941614 -1334398190 1992797175 -1302524063 -2051566932
-1334839426 -386642330 -1859532650 901268143 897990079
-967978628 1630298630 -1369187197 545960363 2112499032
-1147197270 -1364852761 10915243 -266201393 1225568750
-785503616 -431681100 -683237909 -643549487 -1363167611
-554369816 -1261153492 -1132522146 -268015863 1253986116
-164899490 2132254400 -777837669 -605014646 1052715753
-2081016434 1004610933 -1222746120 -925359564 778513060
-2034588352 1355615120 -1004144955 -1557482671 -241152742
2098960487 190198124 -1321155835 237794178 132473491
1554534426 -1143377748 1780341005 -1401909864 -1860055557
1239958476 -1813710017 633688726 -143065607 1964004790
656288449 1025123372 -1227395987 -501099528 354051829
281544868 850941893 1740641572 132217218 -2029248363
-1260190821 -1154654492 -989067836 192924304 1256122096
207979277 532054668 -2032261489 1726328910 916931138
939668869 -1090028124 703491952 -1349804196 298601284
-243764298 538755310 -1279338060 850614832 1113829961
-1843872528 -966509012 241390292 -1773819080 -1195932561
592135951 2077356857 1490046116 272521724 -1268884463
1064844416 113473651 242884084 1713194707 -1578738961
-1513866744 129823643 -77965730 533787855 1726926151
1272467108 -1674462990 1820169165 -300709082 -1571402071
1678845845 1098763885 1312215451 -973565466 876245748
-157659226 669095447 -574086568 1679769910 2143184423
-2060481018 157818379 -1042110336 -844355478 -925126597
-450343871 1356249571 1334352523 1266163842 1595403156
-529009054 -1409616015 -245980185 862346456 -945444379
440366964 1918127582 46288106 2045308003 1466843961
-1924972977 220656286 566065514 -651840635 1127536373
1894304156 423053807 394219575 -135742396 -1254501572
-1514842310 -1973950221 642276279 299803029 -846578910
-513681104 889128941 -166586908 -796062512 210383801
-24839660 -1657301550 1502285073 935186257 1340887896
106289775 1394813570 1422694183 -430182762 1222621191
52698014 1003078841 -447087229 1616726687 1393909854
-1277027841 -1092935235 250799861 -242905056 -11976419
-128792852 1436244455 -1164212388 -839202997 -1146392440
1273350140 483046709 -1014277590 725594606 1124096213
-601494080 -1711931240 -373892912 -765420580 2116432242
1802849525 -571009252 -616887303 1327957102 -875417787
346485471 -355943344 1686928160 1017148946 1762070712
898164289 823803785 1975816036 1148344903 -1765252273
18955242 -1949753383 -1625037582 2105646373 201677015
273566149 387204156 -421547657 -1242880383 507801197
-1799196347 -1912716781 1735810027 -5060095 256967001
-1019947599 1486750891 -1285169070 -668186014 1923222118
-1215402194 2027081842 -1005126371 1966170163 101641626
1058294953 -2057865424 2073942001 260246750 -1217021472
1289427532 -772316729 1930744771 -1997255683 2044609325
319855170 -1521690398 851869447 1136093378 -1128322007
-192260061 -815138720 -1544371200 -869083968 -123280026
-1345038333 -1774526602 728547847 -1674970839 -1170595467
-693526472 278428731 961667353 557636232 1350164374
-1536979976 129879467 -879400343 -1390753405 1097170451
1582388268 1512623557 -130220555 -2041870545 564222185
-1608109972 112368821 1115649894 -591706392 189573047
640014006 2069351410 -1670735642 2058693045 -1318585657
1718423374 -476064 739560440 220533519 479073698
472732418 943441077 -1220844287 -1659008717 -670061770
1794084091 -1573544323 -731319207 -1567301699 540426748
-1171324113 1413070549 132999713 662010652 -1156573
-1395387288 -983747244 -1044504024 -1727446130 -1512550927
727300162 -185625211 -1118828360 311493114 950680260
997295035 211438531 -1861857984 394369925 -1348875274
1283032750 1505663459 1018532720 -743083165 -1574269209
235397180 -212595645 -1767700010 614064729 -1493498341
-1971637199 -1157290345 -1299698267 -1216242501 1699051265
-127022819 1560234671 -833364169 -721196888 -280167570
-1068748212 1653376948 -437424395 -842702226 -720958773
-35521208 -335819198 76540194 -2014301898 -1416929899
-1124365575 1700985858 -577362160 989231762 -1459989223
1727603412 653422526 436320562 -934899972 1047318671
-1784524493 -1111232971 274476420 -810796773 -736534564
339109236 1951731352 465609356 -1460039483 678086369
-1008495708 1695117937 1273058272 2011105248 1447866975
-1360638377 1177668628 -1521134769 27239347 69931123
1898402750 2105147549 447123385 1215463384 1268157764
759559652 446376365 1145768166 571894508 926472363
-249244045 -198658908 -426297153 -41574829 -2025640296
-1968559232 -1174455586 878308902 15287414 -727294226
-1988303451 1429650065 379741381 869909003 1170826684
-1183133904 -244991266 -1136184754 -1843741830 1974622119
884256525 -1166235025 -1846680630 -1375640081 1465800928
68828634 1982020327 -201885754 -2097766878 -2117384117
-1336531625 1631881833 -2142261182 -1279092426 929676469
292086666 96504850 847579540 -340268242 949625143
959566063 -729970495 -1178823383 318771395 -1729065161
561746034 1865879788 -1607405403 954876075 124550911
1259094686 -1392700744 -241681351 -330539658 1250294643
-884417465 -609504082 -989617397 1120667300 1759597457
1479980243 -173586982 -1246602784 -1612776672 1900546519
2058826197 612953686 645549585 -1711947922 838437887
1543023487 -2090447262 -1968187181 -890586335 -1641465887
1336806048 -1881224677 -593495666 606767789 -302672034
1066311393 -1607340037 782068352 -827049318 -1869727008
-1441771535 1939301081 505399942 -1174930955 -520211782
1973235950 -283883960 686079379 -553648445 49351740
1306252780 -229372573 2047781895 936306065 -766789064
-1295597522 495971153 904209717 1456830157 -1204265427
382869096 2133471730 1314115604 1711771576 1408766312
-237624141 2095760982 -1071662591 939882414 -2063001892
-1795205538 576615229 1936677551 -259943879 -1332608368
413397784 1594588434 1279482307 -206187023 -569250919
1711514037 1440072210 -240387007 -1027398346 681267641
132589514 1845658506 -2074165495 352767924 896897806
1751041965 1847217603 1966676038 -534493906 -765128962
-180246744 -1345008975 1274151258 -2132317619 -533249625
1255151763 1306899378 1417978485 -1269098024 -1634119718
-813526312 -653708718 -465046818 -1840866720 1709445844
-1425865446 558590503 815683702 1843337601 1118443715
782141225 -340507679 1242866538 182483810 -1802485773
-2083890861 634863176 -337139575 786756221 -1524086491
-1481520186 1302792302 -1949834029 704107521 750082742
268833857 -1456278298 32629839 543157398 -1256738495
-1624141979 -1867530115 -660365030 -2132526626 -783856377
-370423955 1727051769 1487574015 -763351034 214926451
1923969983 1240404018 1719915220 841853625 518410337
907543485
