10403 528 1276057637 -99623595 1995775052
179440690 1309152203 -839581545 1934509319 1390982256
-1726265300 -1438888833 -435404363 -1125397076 -222170103
-774650053 -1631497634 -674135516 769512694 -1483163092
474036553 1467780371 -1629779284 -116979956 1428100210
-101304713 90852703 1369027680 -646651848 -498105437
125745836 118048266 544300595 -1344195179 1854105211
353730375 -1128043242 1070295344 -1190983727 -1879996011
668315309 -98666746 1189040114 1630053249 1075053583
-1082244094 -1826077041 -2101367207 -667211948 -1714254790
220829852 -2026743778 -1071421645 567488577 -1563373894
1514392938 -1037825704 442697493 2050845973 -1488336126
-1147018734 -983112815 1560046266 -120031848 -608494391
1498363411 209734897 -160388335 10603736 216045150
-39594105 -1872608613 -1965826405 1066831060 159739096
1718330867 -1883053655 -1904931616 -62438139 -659960025
644130442 -1029124776 53266938 -816891232 2127842525
409210679 1828413120 -1058344664 83261406 -692683789
-284332317 1431207404 312789812 -1895974529 979956608
619934446 1003113255 -500183439 -877621769 -1145495165
471823074 494878764 1352256605 1694910409 1836683185
553080730 -1000891698 -1379287611 1953070003 1932501286
-162664933 259669333 1925847360 -1147213666 609447728
-1274120167 -1164987583 -770772177 -1805879487 -438723398
1138227169 1123322504 -983902095 2083266367 -988738450
1510099557 725065171 1135522142 -1675179430 -906579640
1268736963 -1183194390 1820020462 -960680068 -185841472
990702887 1361040110 1323217637 -1361391968 1291201018
-1818976295 -414867920 -1728090544 849452973 634284501
626944903 1987518260 -800502457 1733502079 344930281
1855160003 964913504 -1544876937 568662654 -607035865
-688984607 477048888 46522555 863509233 -401723288
1503512596 1312806274 -521427067 -622885856 1950140
-292975562 2102464562 2848125 291987404 618431691
1742203718 -264726500 -1416829877 2132073312 -1591811075
1258158108 -518809047 1265878409 1643238163 -1056475328
766116381 -417974127 852776434 323698241 459344959
1823509136 -1716640316 -493731270 -2083120202 565237887
844312276 804383409 552750352 -1448468884 272727642
587003515 -289048094 547409194 -205998597 -1517255780
1749557936 -916501363 520276221 47842015 1964572337
-750855654 -2035446273 662757546 -1194770337 -2110660173
-1850825699 1756093686 -1936591269 -1218733905 -551703040
-980229013 2040660977 345265758 -249801030 1631081100
-157539848 -1446171591 532349894 163265727 2015457094
-1517574634 -804775836 -370065087 1998200032 -1859192928
-680801255 1015615622 -785478430 1146879963 -1684540525
-1242762511 1968187795 212599604 -1403409991 -1475872528
1478965293 -1996721635 -220476833 317031708 -1542692263
-1517739803 -1229733578 1496625021 -765564941 -1285011004
-95776552 -928457850 -727860614 -1263155245 1595575536
-1962739675 1894080596 1666913840 1275412758 -839418521
-1842823474 -383590178 1396736095 -599405240 -546518572
-717766111 -1640776607 -1995683989 -1484641099 -959438994
1614499707 305712030 645413651 -2136410041 -382448615
1681329666 -1911024537 -222830285 -375903964 -883051289
-1808971051 -165840062 1902337374 1589978776 -1868533426
-83065778 -587546969 509460555 293804940 -1845081089
707487139 2001181361 -386405629 -1125448036 -827045407
-1187525885 -749812297 461141635 1289841307 790163666
-1152123669 -1568858363 1521461990 110048050 2066215325
2108579902 522478122 -1513029990 2125159452 -1719313365
-495378400 -1950127898 -1496853552 -2147323314 1685722670
-189093905 1976440560 1441657288 1327230397 -636438531
880946970 -2002878059 -1618225659 -2113298309 1446890001
244056974 -402358445 -1395914647 -613341979 -756470899
-223464107 -1846194380 -701155759 1114059963 -1922541800
-39639344 -855363217 1308633584 -528540592 -555337360
1135908598 -388218255 -1713691786 -1916212456 -705087878
1167002292 716834356 700457909 1724616682 1303710362
1447490003 -78707465 1672283392 -1839146941 -2123911417
-1813644099 -250787201 -1742460952 -1285456587 1159312199
-1085532573 268887063 -1750890129 1095243198 1523013023
1265192825 7049146 -591828778 -2007844895 1141167906
-78429762 2098995726 1704173200 -1055462361 -1372849972
28820978 1051629108 -2083567358 -953250534 -1545445701
1446064964 27241084 -1611784015 17193553 1087453430
-462504143 524270113 2065762415 1788332533 1557738274
-1035855473 1987414885 -1659760791 -1265072823 -1608739791
789635912 1377341741 -947418329 -381333484 -1419773828
307994845 817874143 -1060149769 -82907950 1386421210
-1729645648 -1877736297 519524876 -874555740 -1435254721
-1158456153 823367859 753576226 1330743927 -1391298434
-1209163361 1667589690 -1575903636 -1737253384 1160537231
-1974218469 -170782711 853440812 -1129640765 1447250485
1871711804 591391508 413961864 -372641009 -1867320636
2055592343 1789615966 -590464813 1084417013 -1470344167
-327237572 -1616749108 1425141430 1384721733 -604165298
-616193878 713197785 1881538985 1118346957 1877067660
877294353 55772132 -58414615 -362822884 -335910554
-1660715442 53608357 -791771175 1483352683 -2046331970
41303449 -2071246681 1770887122 -2090387702 -1197415730
485787477 1785649978 -1243895687 1293969612 1505301745
905028443 58604355 161478054 -1532333962 1614937036
1447761987 -910299280 -58223136 590212227 -851757037
-469455833 -697508522 1363916339 -2056674758 -338109981
-384537194 -230775888 863988396 1839065667 2104112807
-1374584275 -392802424 -1490360169 -1678177487 -1310881768
1914900656 -1222079964 -290701493 568572952 -699921461
-792877462 -2125938641 -193091415 -1796483619 717925944
-304076960 191702970 188968969 -1943929814 -579437954
799069653 26027213 -1983762135 -73615704 -557596651
1020912008 -1776565801 -1228693517 1453420855 -1740735758
1913618327 -1231197784 -2085007996 1129144158 -729348582
-1039838717 400670906 407266287 -1219848189 754736677
-432574870 1069035482 -1513182020 -1072984712 -1368476284
-1131219271 54346342 697519725 -1149361607 -1925957571
2122890301 -32626402 30057837 1512803776 -1455153156
-1639782468 -1917288483 -1890554021 1906512489 159400093
-1098768747 650351284 734951061 -333129358 1965830982
-1980731460 1517548448 487175697 1843525972 1011012257
-1200793827 -1736530881 285746748 -419557988 -1168275586
668415202 1852265330 1374462787 -40711620 816158975
1577752299 -11067997 708805923 -254917532 2107429028
-1315355220 1095960812 1187841017 -2065939053 -349950648
-205837422 154073591 -1783191374 -907753946 -560439109
-424490863 261935626 665868213 1950843697 -2021197167
1786518057 1707613409 1216269081 523692554 1153561294
-222947225 -779714083 1567543864 -1903048603 -1771069663
2032237166 2023140008 1269551459 -1320827374 -1980422478
-1605518968 560726874 1332801794 -2112207966 -1673258761
1465554709 513299594 -1609774324 611380201 293351496
764570128 -2072276143 -95106429 -1192162896 -338667009
-423406525 961200315 245155511 942448639 1916009383
-1761692664 1543321016 445065050 -1505866416 1115494323
1447718105
