10403 624 -1498082771 -1021782262 1423553795
-1249240472 2102816073 789264502 1984967807 90406068
-625737691 1179319970 396239291 319979968 -1205295423
801527182 -1447511881 50607500 -693961443 612116794
-1363217037 -1764465640 -180265159 375924134 1626706927
-1323722396 -1213339371 -735136046 -8187861 1408311664
-1740998991 1435044030 2095818279 -1505032132 29139981
-1670314134 189616611 1274419656 1831456041 1460494038
-1034170529 476832276 519245317 777878274 1528601243
73182496 -534691167 1839564782 -1117589609 -1644460308
-818870531 1855615386 -619984301 -871744648 615429913
-162667514 351921871 1671780036 -2020446475 1859799858
634503435 -1328536368 1297877649 -1446063330 1316328711
1640018332 -1041291795 -1755617334 1078025923 619432232
1395596553 507295030 17226303 97580916 1012599781
6825826 -993426565 1418102912 220843649 2021124686
2033882743 -1543141300 681967837 -69801478 2129989427
724943576 399113977 1303171686 -864441937 -1799764956
1272702165 -829812846 1995104747 159045680 -1400271247
-1261187714 1552479207 32836348 230987725 -1712326614
1827527587 709044360 1767791849 -2010039402 -888580833
1693105364 2019817925 1971520450 -992158629 -1201138720
138037857 -690651986 1559735639 -1283835476 662301373
-1203137958 -508378093 -1808860616 109786841 -2044923706
-835920753 1034871172 671238837 1918239730 -251235637
-926336112 1018888785 590346206 -1797406009 994055260
-944440915 373733514 646629507 -1311492120 1706003657
-461180426 -1793376257 152121908 1418057637 1388711970
1737401659 -791064768 -1773488575 -615104754 1146238007
380738316 -870005603 470444730 1719462131 1389224344
-1528144199 1429618470 1019969391 -2082689308 2071830677
-447338414 777810859 1167281904 -2132253135 1836798526
1093403047 1845087676 -1908913267 175614186 508568931
2104948552 2048568489 -825632682 -1342924065 -308521068
-1908890235 1766411394 1427562011 716323488 2018710049
-1533922962 1728195351 -1006392212 -752972163 724661018
-1937015341 518682872 585070233 -1131364986 386765391
-1197790140 -507124107 -1096647502 1696916619 -1028582832
-133580271 -665985890 120303751 -1501939940 -1144615571
10144074 561377859 -1157405016 1419230345 782102198
1213031871 971255028 519332709 -1775978270 -777156869
1053480448 1800101377 488723406 1488949751 1573416396
-1260435363 1977002874 -283737421 475840600 744652409
163867622 933958959 1497520548 844307541 -1588395758
1737999723 1861911984 488046065 1950324478 -392900761
-1659285380 1725415245 247994794 422850339 72451592
522108009 932656406 1725800607 1094758996 1009848645
-1032825534 -1114988581 1912283488 673946081 -73685458
155347159 844619564 -1512115651 403837914 1163261843
-620972104 -378833319 -697742778 1432094735 254424836
-2137177547 1015002482 -1544743349 1699195152 1728590289
501776734 1126129223 -1238427172 1642324269 -686319094
180542467 1597592936 2141695049 1766697846 -262321281
-2096502860 1466347301 -482074206 -1796855621 354098368
1676395969 -1030150002 -1002262601 1007288460 -1768584163
-1174688710 1652677747 1453481752 -34447815 135747750
47737583 -1347763100 471619605 1262524882 610064171
-1401914256 1221940657 2111871934 -796697305 34837308
996340493 -2019472790 391772387 1033032904 -1742042071
-1889971754 -1518049697 -1432892140 504184069 -105374206
1878532507 1694681120 -813440607 -1062085906 829974167
557240812 863704573 -1884588902 902967635 -148523400
-1980811751 -798583034 -1361560113 1008468420 -1874305547
-1800557006 -1893791733 927793104 829843857 146794014
-1502032889 1025424540 1036842221 -629331254 2083620291
2100692008 111107081 -1051580362 587919679 -1891474828
2040314597 316951138 49842811 -1970658432 401337729
276675918 1419480439 875975500 -452489251 1496935674
-897649101 -1872839208 693763577 -1393621658 -1542225745
-506073308 -1533455403 -337710446 644589803 -457886928
-1948029583 -14786434 918006503 -811035140 1872357069
365116202 -1837006173 1744495496 -453108759 1657810582
-509023201 878815188 -1886574395 1205905090 -1642110117
-1702285600 -434378399 -1735077970 -1922816937 1935705260
-810354243 1656591706 1203776275 1646622008 -198527527
1732813766 155333519 -97481596 1552366005 804022002
-931481141 2139166352 -1089183407 1838418654 1324874183
-838262948 -1824405331 193690506 -813568125 -1279692056
-918631479 594240758 907433727 -917660364 -1051294043
-1111149790 765766715 -1781011904 -552872639 193925646
-1752552649 -1995610612 -738896995 -2075136582 -254947341
408018072 2119785913 353071654 -518236561 176413156
-141946987 1273891666 -276546901 -1098339856 771835185
750314814 418494631 -124233540 658283149 435022826
-999633821 -2109099448 -983995479 -21247146 1359688159
-1453440364 -1401891707 -1515589758 968910107 1766741408
-1548504799 -402357138 -1966759401 -879429780 -1907974787
570979866 618652883 -893651976 -673319527 399470726
173664591 -1004021948 -249965195 922476466 -1312806005
1151593808 933370129 -517673058 442296199 -1146207716
1711430765 721587274 510925123 1636016552 1732639625
1012490678 1061125311 1542166516 710152805 1017568226
-425030149 -305893120 -787776255 2022516430 -623998729
1028602060 1461639005 738143866 1596877235 -46417064
-1934590599 489463526 1068690479 74744996 11438933
-198319086 -1050243989 -1599414096 921623793 -76535298
888243815 799202172 1175129677 -1260299094 -1495935453
1262436616 -1191412887 1876699158 -378849377 -1806852780
1350058053 -875300798 -191158565 -401458080 735457
-742328018 1465704407 -1936446932 1123418429 508303066
921788051 -1616301384 -1530333863 515571014 400514831
-725491196 432025909 -1835263886 1823432011 1299547152
-2099277615 -1204644770 -1503161017 416163036 2043588653
-1180541686 1120404227 -1521184664 1081404233 2027691638
340157055 836522676 1884642853 -1471593310 -1077268549
152025024 -978656063 -600310898 740861623 331074444
574888733 17248058 1600177011 232544792 -1541448391
1645382566 93798895 1785196388 1808189205 761167058
-1647141333 -1310992528 1852585137 537145022 142021671
-410509764 1875198477 -950170262 -209543197 1100713928
-5813463 -2098117418 1619590495 1072674836 392391685
857653506 1081059483 -309009632 -1293778783 1082797550
-521544297 -652337940 -2122242819 1749579674 -1481336749
263008632 -1968458471 2026588678 1469224143 650030276
1647987957 -343076558 -620212469 548788944 1217185937
125630750 1356333831 -1205287012 1382466541 -131404342
-700601149 1575763752 1955306249 95656758 1256917055
-169882252 253389285 -647205534 180588923 511295104
1420430465 2068811854 1498973303 -1894572468 -1457185059
1948774394 -81470157 -655116072 -731513607 1081948262
948524975 -1759634908 -1533885739 4183442 1183346667
-656699856 1547258993 255128446 -784178713 1393041660
137049549 -232620502 607201699 -1541497208 -1726358807
-994369130 740590367 -1224437036 1559386053 340412866
1325263451 278284768 871991393 -752868690 -718496937
-1812803668
