10403 80 116574740 15593143 1575225468
-890159331 1831784214 -119316379 -254554778 411214785
-432390560 -103999145 1867549077 1000990206 751712811
-1769477958 666766269 -662998310 1693664096 -1390259767
-1918573931 -1485024091 -470705564 -1743094624 784814565
-369516498 -1857265498 1879617878 1373372573 375514652
276774778 1127800900 1925753986 1337564421 88632870
-542786282 1407411119 212330997 -1110360024 132761627
-159850790 507758238 -1221934739 1243610831 -2020251427
-207489069 1313661274 -1725743491 -1094309905 -2023456578
-1780722533 698890913 1400127106 -2099501970 -764935733
-1792082336 2042228641 1995488681 368912428 -1420450937
-209024607 228666972 1788602257 1273923332 -477944218
-1696575231 1504855007 -179404983 2031341438 150905107
1015647778 1923984673 -11449157 -1071076322 1498212514
-859447174 -1770233162 -325742910 -690235648 -1750155882
-1225408305 -436252723 1100092738 690393204 -1611929587
-1239824140 301710574 453138249 57562884 1540107082
-884049627 392808013 527995785 -942258271 -1639576234
153855437 2073154349 880960824 -1736708044 1366987241
156481929 -1980860394 -2046833402 2083329984 -1117822182
-180028817 675535461 -20748570 43676960 -1181289629
-1837912500 -1120490681 -2142512180 629635194 -1669899069
600156027 1688338946 1434863900 1908176699 1909605115
1406485854 483840148 1058561648 200046188 -1647506944
-1042439868 -1655892775 1591583467 -367175492 -694505787
-1718992330 -1529774099 -464248594 -1133412520 831454758
1591779334 -795654375 1295532463 -1613316401 1036155838
1029365373 -314416354 520185322 805259702 731461687
1113118970 -1401775020 -1390305589 -1112394045 -719786510
1196688108 586369633 1042224614 -980766034 104201133
1142054906 -313555706 421401133 959859359 1861171594
434785567 237609278 1978817044 -40936444 -1015728447
-672511851 1379323593 1677657121 933023117 -1259505198
-1406121432 -1167140927 1352319040 1566944141 -1252841553
-964244627 670917648 655981943 1383696770 659910128
1623033596 2106691469 170663665 1725208329 1863809302
1817841720 808842287 -436054788 -969309226 63327181
-1820720831 1654560826 -1669550993 5496505 1912569084
-464392261 367370006 1840062305 -1123806854 -817123894
395980921 1855431672 989530552 1533921243 625539160
-1375106087 -1451299994 -332287069 -1724918971 805674513
-752613720 1604442835 -146364400 -2004661525 969463995
-557621734 -18370869 1888780893 1402808326 916531841
-1122287127 63189318 18937917 -1887206146 849224070
-1144135551 501425392 1728900671 -1532515778 196515073
384933662 364091833 -914576956 31143057 1208583246
-1389711284 -617010758 -1395657580 1354649938 -236915009
573676330 895422424 -1473842887 2046152138 2049608647
1782524117 2060053991 -1177457385 -1411425151 501850952
-1903565113 1309039147 1028156298 -520394935 757914001
-1438657362 960026901 13642812 -783389937 19296171
1076455382 -754889265 -1045276406 1267029709 516286637
-690119382 -1338315914 1935686610 1124226405 -1681301155
-886309571 917976268 452365246 591120285 -1898969242
-1048885048 703841765 858844933 -1920422261 -1557304405
-1805906668 -716862578 65879472 -1732356882 47518586
-89139485 -529745349 -1713942018 -939920398 80527686
-1373089978 -1508517821 -1838652537 -152671044 -1689547628
-1539414253 -1654689173 1339986212 -550745273 848425092
-1929512415 1688502452 -2036109864 -1652123540 -2091567252
2079114254 459617701 661369936 902334420 -528104183
-177785994 -756860268 1682387581 -2136406410 -1363475524
-1571914848 2132342784 -344242520 -943909538 -328016424
458700085 687787290 253884628 -270972256 1964131759
-569702218 -2147240501 433247616 1388173629 1371656006
-950938191 -520503245 -1129283467 -272437355 -1238624274
-2105236251 -1679587743 2058718511 1241906683 723539725
-30395239 1195082907 -2128350474 143742241 -914353915
650577930 1193153280 744277187 -1640323513 926778547
-1275180069 317627993 384276335 -377824873 2098967133
-154386815 -1350094643 1629076180 1745204377 949125654
-1128880742 1513693188 1018385442 -1868826393 -291431538
2082503427 1275061394 902571383 974599216 506293916
85053656 -402477160 699276513 -1566839596 119888549
1678896408 -1518946205 57806902 1625116142 -268569458
-1496245809 -271345689 -1489800885 -1571784734 -1062052327
-290572132 -104748071 1591514720 -1918298365 -1624679872
-1987113429 173565127 1646970487 296426166 583265877
-1577173534 -1135460989 -33036240 1715282740 676997583
-466508327 1681509006 -2059405452 -2017457256 1092237414
291707051 -1107165819 -1177799926 -1993155613 1075097614
1282852531 -997417155 1621470189 1526961906 1304303338
1114554679 896440839 1219644795 -132783546 -157578025
1204977616 -171926373 -1685239827 -1352527382 1605909238
186834061 -454855254 -1989408001 -939334247 -141097869
-270084769 795453720 -1309576545 735859191 1674564096
1061634335 1866183891 47863469 -1027451783 977682815
-101146456 1360305019 1827483058 1420975733 -1720135041
1848382386 -59491154 -1389714005 -1347463514 -1726523862
566855605 126558811 -674806351 1862113355 -1585426598
-1493691200 -1763367019 -647430858 -1929264986 -525595184
-1144826396 430093629 1682359822 522619626 -562418981
328496655 1048926984 1517924554 1205002687 1538388278
980617717 628129241 1421492269 1846458791 -1752418329
-1973834869 315395352 209500327 1152127688 -356541904
-1335527876 -1775306063 -428637485 -2056127800 1884944960
-1599577482 -1586213574 1744967539 889022821 -1137596567
-258145809 -1683557797 -982335317 1881821565 938697438
711121427 -442495470 -1826609981 799316142 1860175638
926729983 1725757275 -1542973724 -550551645 -195302863
60842849 673136410 1613365446 879961820 1494353319
811397114 -438931715 2035392481 -1729469617 1000306187
-1993730979 -1075415060 -570998471 -1582758012 1383703996
-1643769967 228780660 -559579523 -803046887 -555726085
1150375123 701788646 852506084 757514583 159988220
-737114585 461440042 1738346671 -106330656 -1482076059
-1051771040 532423625 -912354292 1333617963 1680597500
-1207132932 1338138113 1015084022 -1118506525 1651789198
1295072969 2009405220 329016566 -1874392650 -840036463
-438942504 -236442146 -2095920570 -1371454944 -353126708
1850740587 -1645430127 -1192987074 -20310297 782977563
262215290 1859835846 2133445426 -373860489 -1248573016
-861489182 165738571 264367545 -447860711 1198994945
644978449 1926412436 348797103 732466406 1886648487
-739470595 -1948870563 724820374 -1417657703 1788616223
-2093881736 -964845319 -235407113 -109978429 1791380577
15045336 85985876 -913402505 -1149730843 -341052976
634488402 621608035 -750016199 -1435791064 808550052
-1562308079 -1519111755 641825412 -1162598230 194011760
-2010327607 -1998084527 1321172179 -247432541 -244844340
1003122349 778850837 -1659786018 -1272174818 -979406936
-1223800315 306068462 212092745 1570020377 907403925
1217055834 -412131744 -1415121624 563129662 467080549
1545086263 -1212549449 -2025538184 1301804710 -220836588
1698973246
