10403 240 1059498495 -2057135775 -1427266041
-970660133 1523983289 -1292690199 -397075729 1062134411
-1058642016 502140564 1887395972 -929443199 -215108551
1787925610 202771424 -830926362 -857629280 -851551836
-714737674 1866621402 1677850942 -958240807 7699701
-1875677521 1356625641 -902943979 1199705322 1786899354
526286589 -46784462 1442226632 75981826 1043714876
230661855 484042326 251994675 1848380422 1004655870
-1523850318 -901645345 -2026238990 -332356064 -1001780975
-1983848839 -536556690 68576903 -887968056 1650489462
905272015 -837006745 -628018539 -1817996801 1401618642
1943247102 -1607587251 1400937375 -501187416 1391829257
-1051744607 -932821564 -811834065 1888619281 1399889996
1982817129 581566030 -392013093 -1723570876 -1047840493
-1647298978 311865523 -450673521 901031720 1797371116
-179889200 -1835376256 1887391646 528050302 -660497980
-1587441688 -1250312877 1739157738 387017527 -303733868
775545238 2113038582 1030482585 2103611130 288553454
1619188965 66275407 1026329729 867125744 634165780
-18900425 1274744760 -1084840197 495300940 1945300207
-1899535808 -559417295 675306206 -524901907 269460444
-315539967 -709767608 1723862789 -1825701303 -1884742282
588715925 1799037180 513830459 -1534999050 -173154098
935760629 -845398316 655804063 1895510245 -882587031
-363141366 -41492997 -1404215686 936901111 -275681243
405209565 -1200236384 -1971043563 1856244884 388582455
792424304 -927694598 354521864 921119973 2044807460
-494041899 746397519 27697014 -310854635 -950689939
-653556083 -297941712 -1046922140 -291937846 1753482665
1296797096 -1913943635 -687534395 -927334096 157417486
-1651135175 -1516557043 -1395332433 -505084283 -413214611
508814409 906033086 -787376767 -839724105 -984632527
1772301229 1101504443 -1503407657 -54334365 1220458044
1195297872 1327640103 1004280998 -788722554 673667795
-1796594224 625146211 359629749 -175179142 -337229849
134717536 118922224 -1043739828 237796151 1969849985
-1414101378 200904740 351853153 -1543660497 -452589116
-1351107568 -2033202736 -1785104948 1640613753 -1866210356
655497182 940878893 783966239 1417842512 -1893217247
-2100523965 486491623 1460984126 2113065459 132306394
526990337 142736334 -632540713 -2006510312 -1464472815
-1621253379 1130926682 1502909633 820342464 -438009863
1603560862 -912095381 -1043335703 1283368066 -197177000
1742803820 -1691743823 213694794 203168869 797899195
2004810574 -1360360223 -1016159860 324402226 2054059091
1132468827 1643032773 -433994040 132998358 -1001741515
-862246552 1248832007 -765670666 -1576185541 -2752657
-812389503 1083997339 1049059371 847846001 -934665493
65586572 -1247634765 -724104681 358155131 855821446
1314935654 -1108833037 1628685647 -1899612039 -1733750627
542767741 -797475171 1112520143 850875596 215197225
-1121972599 1285800594 567728327 142760513 1994179550
1566131979 663315757 38982050 -2099692126 -1624945055
-841888306 -1626627029 796605844 -895954501 883108093
1001389300 1829721894 -1972278736 -1522976998 2060015526
1505699830 -499967126 752510551 1858529040 -1924344665
-1753983789 98144189 1365675120 1245130640 -1165289033
-1796753423 -44625830 1220535643 -1044256227 -1618718587
-1545947835 -599168493 1022518746 -686059011 375086497
-42334342 -1218746660 -797286751 960933864 841587350
999252310 1515874071 -1345220912 947910363 -64706428
720038297 -253886430 1252793384 1465928022 -1269400035
-1165844779 427055504 -1973081028 1980627608 1195341228
-1991385088 -515354467 -49556016 -1416194720 -1405901386
2139485010 1302581084 -490145360 -4450128 1744182347
1163761732 32171264 -1831623667 1343881193 -1308071362
-1751969018 1009559448 898011027 -1629688152 957039662
1034168720 -1571672162 117955435 -1697190495 -12793711
7910118 652785360 36482088 -1146248508 844534938
1886619701 -1754612285 -376586836 -1177944122 1919566728
-2064657123 1091227622 -1800289599 -1779105677 -1269425624
1180006304 623937683 1053545007 2095607080 -281521094
1381482724 -1677196640 -618415396 -1635728188 -1690107399
-131232964 886121668 1573491570 746068246 -308012366
656125734 1937629337 -794196020 915447581 -102309752
-1058812494 -1125535067 1224565086 1559027912 1724658816
1866500178 1061673472 -1816613005 178868316 1385000409
-1064625463 767685835 -1544072585 -336053967 -1450715176
1578226944 824436588 2075885689 -1020686985 -1491731752
392768734 -205169531 1353763552 2016285625 1998827518
2057168172 1777879192 387161537 -1397210359 87223071
1364383922 672078663 724111750 -779001052 -1879077754
-836004966 -1948021882 -1454761020 -1642031705 863412346
1279561995 968196419 1326931680 -929235878 -780450304
673028502 -1461622183 -989109153 2036016793 1370682295
-2075863537 -43549873 1342829243 1051310167 1784011462
673326764 -180646788 -35146038 -607005109 1113149836
407486130 357787335 285276702 -406493159 -140478792
-581026384 1534709677 -773119484 -1424933905 2120245112
-1806827653 -436579923 -788819526 -1152851603 -1214858994
-1910492548 -556848178 594153577 897905109 -321750750
2114088035 -2099304781 1485707509 -1777308705 2002711869
1205224659 -838507333 -322455925 -1622427378 -1892610993
-502490683 -1521929466 1606381552 1010711860 -209007117
1911085597 -1694185049 -1642291164 410496135 294105799
71654495 -1961247736 1419927347 -1460887141 -1123738620
324220381 1496426479 191438642 -1934915946 1180378141
700658946 -1812158540 1801899279 -729181236 300625440
1679833703 705996960 81170589 1258827514 -1494634988
-563323692 974109226 839127197 1386988926 -1036606840
1674238278 -2088378535 -1537193747 -913361649 446720195
938651847 -554810660 1014882606 905096418 1337762633
637976757 1737342221 -674576480 1506769379 -76565621
-1222705016 -833830511 -1179089476 -1314017788 1602061451
1326947268 1667236943 49611801 231756592 -134079548
-1836372682 -1507529967 1067779258 821826344 -1152083910
95956724 -1024774658 -634503471 1756360719 2026196538
-1122688542 1669275255 -104791957 -334169481 -823861511
-834377104 2048317052 2006113804 -1702294096 626974271
645963071 -128561500 -1631712981 -27651749 -2087296315
1311057852 530535787 -1974407137 1093659474 587846894
984315226 -1645576397 -403919677 2031315266 -733027754
1458923121 -395820288 -1077107096 -1487102933 -34894884
448582466 -1612871670 -21721556 -871123060 1419514465
837510887 -1238589067 844539930 1604441743 2108216288
-1637589512 -180359198 -224793367 233171991 -1572791703
730773630 544411325 -404985304 1863975374 -1609500502
-475492040 -2080085263 -925375852 -1019567129 -1443986378
1564746856 294464918 -1820537869 -764612646 1856750877
-592691794 1276632157 -189816235 -1798900451 -1169619337
2104909050 515728586 616361734 844901718 1797149390
-405968174 -1386654960 -408160864 -1575936359 1783333295
-1774054582 860185942 -387058522 -1714760835 -1265152270
356905500 1817248750 -242259161 2003273521 -1787630992
-208118501 -582823887 507983572 -486311651 1807382094
-1095370855
