10403 320 -1067654308 -1704207426 -1187614594
445497512 -1691107682 1477942867 -1163231146 2114839737
1523797137 -1575433229 -1997244072 448489914 35292961
2140860371 -1500604776 215664299 -768596751 1299459289
-2084972184 589368630 1998887232 -1498736704 -1074647893
-1800550951 56867760 1383833920 -330787755 -830285403
1496764086 -1428797755 598072014 1044707391 1113637983
-34590440 -1543148286 -1658763853 1485284553 -1541744549
-483883784 618449276 1765774690 -1074977329 1769815971
1346416545 695063698 -2057407740 1029673594 -1012928028
1656391678 -2033795163 -1448695430 442315677 -565613809
-1766897156 569149104 1488883476 -1989083459 314027490
384248541 -1366806021 -1308224828 1206493052 1565741488
-1030850754 870913856 -1741144688 -1679835998 -1536916480
895029605 2058455175 -766751954 -466264325 -269013507
521619783 -1405472669 -1684815471 -606250996 -1063750409
-1250731105 -840981557 -306884192 1800618202 669474978
175278302 552512958 -2075151311 -1420891741 1277497825
-91972991 -1228253971 -894678334 -842913543 219799615
280629700 1227813058 1340284219 -335655169 584401748
1442674837 -1294769292 -1893886172 -803146622 -21376649
-1965341466 410294695 599642181 1273119009 812269798
-268284950 -1291702334 -1167796351 -1633082509 1629491825
-575793321 450888353 785272955 1327763499 -1694836388
96045349 -1862785975 1807044526 -725189214 -1046124379
-1722679973 -1173815179 -1151543565 1538571771 -843255679
-409574527 -1298985288 1407439417 1281572958 -1733563173
1185810583 1005978105 641357898 -772134210 -737351798
-970690098 1594332358 -2074530225 1713113264 -649386911
-1903650618 1843713743 353168640 2070843773 1382658910
185476995 -1881148780 -25017882 -1967778064 282733000
944015974 -1602008641 1085743438 1570907441 1412500716
1162162097 -1745170400 -1258689629 2036272469 1689845981
-517722190 -480500872 -1299870187 -1751446068 -1357215106
-459584865 322771936 1636899640 965476483 -66239104
817799008 110393243 -342183178 -1974007168 442330204
1435763655 900804987 1128068481 -2139516441 -63003155
1788075376 894242649 1509477590 1359339729 -489196901
594403115 1990049683 -1954565767 1935778695 873231088
1631715216 -109019126 60791919 247456902 -132005726
-1701747457 364464877 -169725098 -1603167767 879006784
1751324232 572634619 -1668498770 763806655 -1620287587
1437493093 -739652540 1613276495 1597646620 -1337062710
-1808204665 1716181127 -951830594 -969541049 857565487
-1632570103 310808979 711962187 1712270381 -1441704131
-1414569770 1450016146 -1375595775 610451136 171863034
-99574300 874052199 -731603681 -677825031 337576259
1052674493 -1506952794 -2147107424 1233430185 1805960851
2063782131 -417919164 1387182021 151640069 -473750572
1256445464 -99617411 -1115863571 -540666510 -599515728
1925802692 -1374827522 512689316 -278595429 979846556
1681859827 -1347689976 1647361338 -2068972352 -537325275
1732439106 -1898782983 -1615183400 1517795172 1509630952
-716739845 -646151788 -768504193 1294902484 -1599666905
1253050346 -1465893889 -1649272004 -495005480 2003748156
-2098718450 1739761793 1171266306 -293509211 793681790
1332384909 1622944982 -1163461549 -1359673401 -202634591
1455332243 1868438124 378374372 -684306829 -827399382
-1098866104 1690172598 1812656506 -271658723 -1984636655
-1240473422 125044601 232830124 896586965 686548745
-1779767607 -2107884411 630541094 -499831453 -810611351
-175611793 -1297149519 -609961853 -1800890469 -1231192561
-471585761 -395427659 -119755681 35987011 -275304987
-1102380548 803789419 1453797665 -1970377100 -815941048
-89231677 -1016661289 -1194527036 1187249982 -2023206623
-1204545111 1430491924 -1984787085 -944170632 -1300318899
1947227144 -330382146 1683025520 521019595 1370530817
-494564370 1321052948 505109571 21972543 -1520530467
-126024891 336692806 1886716101 217389755 -1718690372
-645461439 -977544586 -482782025 -255299254 1770453132
-1780800100 2145865961 485250106 -1666919086 1935149063
371394691 -322427647 -2121250967 -770981673 -1126322753
1938539580 1522735110 -2066708084 -795804266 1302583379
1210179123 363322544 -1385169229 -698447970 -2080727342
-1998184734 1391180703 1304724158 -501602896 1167009485
-2077768164 -367037024 -688141953 929367763 -404167466
-1850719718 -1400434071 -1357378046 -402845091 -2129848792
-1057375898 -1644035523 -1782527347 -1437202440 1079536802
-1249730107 -716890473 -1404194939 1456932497 735470781
75756215 1749550 2143115712 570449339 640476461
-581310543 1553194243 -596056234 -215137833 1397509246
503349266 1941971191 986188805 -1410807906 581322814
-1497041944 1667481544 1814259012 -646969451 185566892
58213974 -1610792696 1841229462 935152473 -863639313
2121571371 1607921977 1378814819 -1664977031 -1968348519
307058116 -1758787409 2133169257 -1818506289 -1123884540
-1665504884 -1273646775 115667883 492508358 -1703514708
1941901219 -968725026 -148111232 1286434152 1330573828
274280919 1286936479 1316757610 -1843158711 488297818
721420581 -423217636 1052332110 1994890240 853770779
1849784255 -1680337057 -1975453086 -299068868 1685603392
895090509 606300461 -1865643658 1654496603 -891640712
-2002554149 -418962704 1534765913 -561173250 -919048034
1930423265 830419378 644319462 -822721079 -168016265
1673271835 584306134 -1766884073 -803447655 496944607
-1582317875 1587389516 495442486 -1311799102 1610537528
1068246107 -377850504 1281122238 -1978349946 1168870062
557065723 1645329292 1123234765 -1500707522 -62746734
261255966 1904245161 -1664854396 674248276 -542367940
-882645408 -2024455109 1601135415 994149612 -338639524
1048514667 -736888434 -12269691 -349059723 1107846975
755711321 1003528560 -1329052209 -1743214427 1461605722
-1293689154 -1430485806 2063996426 -2140475194 11568237
1566459241 711553954 -164408227 1574078116 -750284
1744002299 -1105507846 -2073304264 1292270858 1036027485
-1560508865 -1357422730 612990614 1061243314 -1260083982
2058705447 -784210239 -1572183440 -854378033 669889349
698988487 1598066119 1298538603 -1027564803 497256279
35053799 -1039209776 -2101639744 -2097714003 -241791291
532412082 560206512 -906053980 1609889338 -572400253
-275493079 -1555880347 -502042696 194914096 1204955381
274705605 1173478279 1221089753 1927708335 1689670040
909215375 1545634966 852835009 1318138728 -183031434
-382642640 -1647214429 208751831 -1775126591 -1721422114
-533411481 1091906051 1582353323 -1999349755 1213141721
692892574 2079675779 2033180804 1782255497 -320281055
499408279 -99263244 -652957837 414313090 -1407178299
-1009663648 1150503690 613464323 517753088 -229131656
-52413993 -237421647 989245240 1267259256 -1768806957
1381856628 -1807903108 496537089 -1340901908 2138472097
-1113294846 -998682674 1037341225 -789513402 787854636
1434919035 -409684818 489088839 1696635884 319217925
555353627 -271132811 1625058932 538891254 1530575017
623282794 -878543205 -1445408739 2046922692 -59251105
-1820488836 -1736743602 1550024542 1045176156 1103636226
36580373
