10403 384 1218242000 -1642718286 -459210864
104378933 -2101270689 -2069643424 -1685714559 1746536295
-277983627 872804524 1889507266 -667449131 -123112540
398724997 -1974104442 -1463751560 1037783978 689044011
79310813 -663455483 -1717738214 -565445261 309334519
575576253 1680646888 -2076781201 -1694344998 1029713021
-1966782229 -87137828 -2018123961 125804316 -313280893
-1349531283 -1809426502 844965239 1413894728 1245727174
-339168714 533890375 216085021 513868717 -1174196962
-900503033 205926326 713542362 -19664648 -1003339141
-682674775 -1374080258 1623491209 -1164664350 1791877707
1413278680 993833254 -2025748558 1710091543 -1453457990
926927789 240946572 2069524660 -1984010124 63126690
1361867621 -1384786645 -569435303 54586977 578970753
1534580118 -1225994435 1437663288 1116490794 1187749161
1540598663 -230457974 911132711 -1166281893 462992001
-994197885 1077140521 -1089438955 -54421079 -1340651813
812731926 -1149149964 408999048 891516770 -36718487
-1310784296 -1782899422 1118708018 1591189783 -891928004
-1786904200 164252744 -995949668 -954628003 -122220182
543173652 -1306280397 -1690950955 -331849007 -249454293
930339467 88330808 -1266451470 -2137204815 1612130121
-1463110177 -1647145486 -259123614 -772474943 -286774681
-2078198683 1136213703 -1647913671 -900598813 1217468945
1259319663 2093261766 1216009938 509031279 690050623
-900388743 1928178175 987284823 -1800596397 844883097
-791467924 2026905648 261744438 2039921136 -1816017352
1665937108 223682358 1676627968 -1617983239 998517789
553036877 -2112117561 1588294185 -1602117040 -441791743
958493205 -150076795 -2046477881 1462453872 -2022731615
1327402393 -1778015174 -553100287 312735086 1187449786
1526743595 -1677410988 -877725396 -1563120920 1413512840
219217306 1892521731 1434440698 -630084311 964795279
-666858458 -398109960 1425473895 1757112855 407421826
-1771965832 -679025622 1075561891 1094584008 1319575140
2102862036 -1282722221 -1653153874 -188872269 1043132773
-402139029 -1129960940 -226303626 422157312 -1048168161
-197005426 1931294446 2047791426 -1112122748 -1724354841
-845695710 374679802 -200678343 39239672 -1702940642
2067857860 1267151372 9609 -1623351664 -1734523664
-1571780128 602446340 -1731590439 -310491821 -753794750
177739373 -679088906 2070927800 1465327792 -1743617186
-947312611 -2111747196 -1079907765 -1479282732 1564906536
-2052998996 -1875250291 1227689891 859154551 1800914986
1510342293 486708326 924807120 -1060395262 -240432407
-1092259091 -82224922 -782523133 1576810280 710060603
-1194364102 -1108175977 1181532140 1589371875 -194811135
-855676634 -1282571977 -1906355579 -1929903777 955805079
691712962 1354242421 -2120005269 -983660211 762171594
-1558298274 -829213899 -961144944 1244018536 -1312533730
-441374312 -2013100177 -1261527176 -1712318008 663078288
-1940673119 502342126 1493587851 -1304230615 46577407
1383714464 -1870092713 294130951 -123368401 -1792131920
-1877667078 1626995959 -1791101560 -278259221 840097792
1749120032 1166071990 -674700518 750877192 -1472727278
2091706978 -525191898 -275039700 1801082910 -218962779
-815570814 -2001093218 -541139627 1143868640 1033652783
2103151900 124264719 -793145210 1473387858 -1842047400
1795057679 -1227870579 1301943860 -995435032 -21112270
1962267850 -819169464 -1085521670 -1126406470 17849292
-1688420600 1460866723 -1012158504 399839947 -875388542
-840478951 1398526563 1232796386 317803094 -1298008505
-1096958727 1721778129 915797700 722142377 -252910687
543914606 194726648 -396093242 543453575 1941544020
-228247717 -1051305531 2065907029 1182052120 969673118
-2099346679 1837038131 462446667 918993951 610405810
801469831 763253303 249089733 -2146975129 -855080398
1009775517 -1915762688 -478797692 -1210058870 -1597687263
931731785 -1291770034 -384860648 2132292292 318590232
1255169384 -934531377 -1497422991 -2145872595 -1564509572
-257760716 -143434105 -811456461 -1883047924 -1233524981
1311442215 -983372144 546941665 487205010 -1945190530
1919133454 1292979570 595043963 686779606 -1404798367
2103115280 -1867330586 -1548123530 174254120 1046049343
1574759710 -1346024262 -939768260 -918138896 1208601649
-281501064 2006771233 1689724811 -131136087 370778096
-824189764 -1803654391 1254255456 -215326141 502947414
450847568 620972153 1803584800 320231380 -1291011381
-684738530 380845466 -1319550664 -1884595644 -1986085935
2039005835 38696626 -1411232381 -126969958 -1825944034
1041041367 -1809864237 -918642605 -307776500 -1833492515
-586085273 -923954837 717798561 -492611477 2000951427
-2134601580 -1713130979 891260805 2022020474 -838525154
-984963649 -1823656805 1202181667 -1002663591 -1714062994
-1413396813 -1287625471 1350710006 -1179955380 -333809135
-655605427 -2134833143 -2029814635 1030244008 903018611
735504367 875228406 578862496 1434676580 1283156164
-581102600 347280577 238873490 -1770077870 -1152478618
914541155 2053397011 -1742338403 -1196899435 -643021934
1655957242 -2015207118 192863973 -833791708 -1429967265
2110277005 583147313 -1827674889 74668786 -169998382
-1254542799 -621957112 2112793037 -215038755 -2048955348
168381254 1633704 60108637 1931077387 7708614
-1782281813 -701663263 2073909831 -341968307 619906012
-677361626 1381318455 -1193637522 425859237 -1969418578
-395655486 2070653714 -1693000265 -984462969 2051974067
-980676121 88831915 -755943989 65045873 1753107994
716101378 1605901481 1409428960 1037643773 1066181019
-1733234505 1831002869 -1217609162 862002864 -1385678091
-2067101404 1463393286 1378905577 -857312138 -130363051
853848015 1539553072 1358654488 348884220 1230245418
-873496578 995194673 763487521 1098767527 1058781322
-1950463243 868665135 2125057060 -2020078494 1941128226
-273890666 758443834 585482013 563440491 -1755749005
-430822360 -523980836 -1097652047 -2054734250 -2037696546
-612360478 1344440213 -1920230253 1818926503 -67366834
-716258016 413565596 1647096967 665882603 -572698568
1555372704 -1497948046 1802445497 -1117225917 2024175489
-1793121495 1939004076 -1969229871 1308919889 905884419
-788400299 -84705219 1253438617 542725829 778426700
-1672701794 652456748 -1449245511 -577572589 1727010873
-1108373333 2086048449 -1798893731 -1954134221 1178755015
-1928961757 1909123369 -1050356453 -2093667948 -178926733
-1036607650 1065724211 -1503931390 -1824866597 -1689599335
-1048487482 -1322665552 -1740771890 255237663 535208634
1994979373 4370587 -1523923024 -1569173184 -1377946516
-1507484308 1088132667 -491499577 -1583241541 -697285095
2078896335 -1521923370 -1250015995 -1356058140 1710667884
1050686754 -676013532 1456511492 -1777668133 -1668408727
1900188110 1113330156 -318284429 575853167 1539940470
1201051982 1559139054 -1681198956 -1694423691 1360388207
1669587765 899205312 -832729497 -2101515250 -1438042650
-2085289411 -1534199674 1865731360 1341374944 -866251463
831519580 -676101620 1581261819 1164876936 491196147
504083325 402070539 1217601935 -604659844 1184094406
-1675565710
