10403 352 2139668911 -1408055377 -9079123
-149804298 -1670161543 1677186463 -1945530283 458495776
-1933912180 975051958 -952736666 -174562876 -1564906242
1981028338 -205564549 569756609 -185453051 -1254354245
51500267 1329838424 609816972 584822255 151271016
709814914 399862476 -1413735405 1719335302 78178126
-1682221089 852512264 -1357786870 1087041657 -567341674
1742689730 855278198 -2006135833 -2136290319 934346873
-585351760 1666308890 389448044 1567867140 -529857385
438625190 -104104256 -2110766394 -853394961 -253442172
-1435457429 1096452710 1061048624 179360727 -906306742
92018926 329455384 2080397315 -456657303 -823598180
-483926743 -1844158625 -541108550 -954690251 1835448741
1962934491 1810774863 296960361 -2125603949 1027543742
1600893622 616088336 -847346398 932740709 297892150
700100139 -1838921149 -1736488357 -913137187 1257999662
-1649882609 1632835699 707731979 765930673 1081879966
-31445684 -1099706125 -1610136273 -921058693 -225447004
510360926 1508340127 -1513414715 1049218392 463446602
913776855 454561759 -1979550395 -557987572 -973885008
1747452647 -1309466949 -1623035734 -876003047 -831792337
-1576787532 177640285 1367891026 -1127504128 -1130770785
-1295008896 -329155783 -259185336 -400046351 2129129207
860677389 289852357 -1912646397 1055549269 -1532421586
1274662807 805281248 -561905408 1963589735 220937333
-1406141678 -1960351239 1255537756 2027746645 12003897
-640951404 990396860 -698406049 1946226102 -2135936964
1023008154 -1138629822 -1085743097 -437343441 2124802756
-1221755714 641570065 366408184 2024905570 1211152382
-130183106 -2000690426 322072289 739159339 -1740931577
1481395276 1306550954 -263733659 379503189 -461949109
-296075036 -280288088 893871434 -886908319 520621841
16080296 -2017225638 -148847010 2074725204 1094170474
-273361134 1627321081 387817260 1558160766 -2093269606
-267780816 -1560380616 -1796951103 -996004806 -588766470
1600461663 -281610537 800276386 -303808554 1878229414
1480577080 -1777621015 960176265 422438929 -1066339870
532107523 -1148119732 -2035243315 -1773680534 1925358755
-1224594023 1191810399 -698417921 1267331735 -1636652271
538573681 1158231233 1614110362 1860332486 -359042932
1448583546 -918593250 -981104187 -606791473 -412868381
310210915 1581569079 108932513 -803622031 -154907663
-240086850 -2045543587 1605682555 -1558941477 1148708304
2142130521 1811037940 -1821961651 -384926250 805762628
-1258367170 765855478 826607371 1453857293 -1906046852
-1376831008 -1803778581 419837268 1897687429 112390164
-263880650 -835040179 1587049188 1712181874 747698577
797908394 1911466861 -1768502790 -903741513 1691729747
59388277 32709635 886243211 904706870 638486255
1680723920 -813423269 -1318606962 1597568842 -1527280743
-1922836674 751063126 517764700 -125912038 -1188231488
193642115 -584388734 -511744617 -850311925 -382112059
507704827 -1045159235 -1123512924 -239264849 1297299361
1354928832 964906986 -940874582 -558901142 -1177746480
-750262357 816447206 -2126543473 -590397819 1635867183
1387234431 559449742 -290379365 400891897 768598815
1197082495 -337284584 -1383354704 -1809280852 953427839
-1662449554 -1563292196 1937443795 603125644 1791330905
1870418578 -1943045543 -562047137 1875357118 -862750771
1925623287 1024255069 947678695 -1151358439 2083627206
429127133 -250978192 167508601 -1522522944 2077680332
-985910759 -148854910 1547716200 -414020910 -803115002
600742722 23768961 40760586 -1641332980 -2138891733
-864083390 447879835 1517536721 1867511294 -177122357
720169488 -1252280060 50464440 -248678702 1525591396
1321106413 -1704090137 -288442651 -1985583081 2076805247
12636730 599737123 -936312949 -1385991265 846390756
-152572535 1188634097 -274252782 117129397 -76827924
1887503000 -497995290 -61425599 -354675218 -1100865485
-2017069713 -43882743 -1912770935 -1441853744 1881933325
-1155660096 -428549968 -1412870460 -342570449 315845584
-271160948 -1341484805 486546645 1352429952 894782301
-1136189640 -340416441 310831407 -603035723 -2128322749
1935409752 450145477 -790752278 1881916291 12522739
1543526307 564261640 -354983061 1456224183 1996976862
1166349977 633769634 -747347109 -1441506578 1857593908
-2037409406 561760142 -1960475074 272585201 1608766342
1095815725 -2044086532 474296695 -1065628815 1282329741
-1026210357 371917105 -1178796111 -1905091648 1293072003
218433879 1503880933 -270544482 458907641 -1966585319
461645128 -956892264 -874011163 1705748094 -299123004
1995496565 -1297267074 -1749628584 1491841435 -506581444
1841178587 1387740051 1362312470 1904375192 1934990772
-1722535666 -1322602343 1199043502 -1432962558 483899323
263742793 667038866 1759122440 -732668334 -683050033
-2013628109 1740238787 1219357087 -711130217 1129517198
976976763 -2094119510 -617935921 347371778 1892470958
264439314 -1725088270 604789813 1585846549 -1135560687
-1160274265 719852716 -176764878 -1344266430 -789606513
-1894365966 -1010114964 -424739811 -1105960830 -186916412
1888611924 1475481345 -9452880 -614846493 -735017675
-2036306777 1304191372 22515759 -1260911924 984540951
1072659188 -112541343 2064368862 -1371408630 254598921
28233138 -1660645148 -1817417105 -2036727799 -1087002250
1015324416 1480309184 1468106785 1113228482 -264311629
-117542824 917522978 -180297848 95221533 -1162098458
56621763 -613228896 1498636395 -1155756796 -19835467
467881137 -638247997 -1892962417 1527680463 153737230
1221451255 936154779 524306986 1107482443 -1128089076
-423027261 1237956824 848113745 1381400982 1052768247
-833452355 128598710 2017091876 1613969080 1191088987
-1683994820 -928626499 -1470045584 1162680635 -1971845539
-1031642602 1557085247 803081832 -1673309079 -1939559553
1681741658 386366970 1439920677 380216222 139604461
1855417127 1187083617 91891740 549071818 -767569523
-1686367758 1459271716 -1955890848 1275538344 -1167464185
295015724 -1603326523 -658267473 -1151193622 1853401120
-892250805 24018823 1912251247 101200271 -537193952
995707243 -864090111 -1592752657 -1138412209 -772618935
866664337 -1472895589 1669363598 -1146370495 2065886543
1050767645 1086558921 905933658 2118562884 1986135166
-801806497 663634316 -1258282280 920046045 1104749717
1571645688 -619333552 1660422364 1074224209 -527508886
-2114605763 845210829 -682937203 -1490837590 -1047929271
539086370 653424716 1380052437 893131444 77493355
1640417444 -499494554 -1482208821 905430656 1447463231
-559272575 420078959 321659480 1202941329 1685791077
-1575501660 -764672605 1857041604 -134217802 1231519597
-867765906 -682005388 2121225146 2007147341 -1062683324
1359720444 -327986087 640240776 -802603033 602580716
-474863808 -1956522380 69985648 -900816176 289530767
-1026924389 1265379931 529454773 -242797409 -2092949586
1648558546 1319288096 -960968798 -648777996 -1195589536
-2128055253 2133840974 554793115 -648213365 1790795678
-872246496 1632242551 192483390 -29885388 -1552640313
-1114206223
