10403 320 82533360 -751903872 -1607936039
-400703463 1601096475 -2008669429 -822039100 1019446902
2036921619 1319617868 -1465864792 -1462044676 -1336929151
13853286 1088001447 560830741 1728019923 110017524
1729399079 -307829250 -345516058 2017515576 104182181
-522313325 -321619438 1591845814 -1434632718 -360448240
1345407432 -599689336 -1008760547 14896714 1866631023
-789366346 -1484020593 -659469152 -657604947 -1514946655
-1251787787 1213027188 -1931849511 929684924 559189477
131310035 2139664628 -1831313489 -1670246021 -1862536625
-1084573737 686005727 -1792418923 1262168405 32795521
-687886689 -2113593122 -675442448 27595048 -1326219023
1713068279 -260658193 -24011869 2033217566 -278382300
-1719178400 -1047742962 -323821412 1014216108 299209581
392213145 1774875757 4802004 -1593521581 1291338003
-1645851868 1078643487 -423989756 1323323346 -534810847
-217357589 201599174 702272230 -1052243097 -1024207861
1036097238 -2041985170 973213686 -909441426 393316051
-972518837 -951710394 -1154020443 -1597808509 195725960
-712977074 1717466411 798041130 -1005382306 -39191103
1235615684 577475842 1212846102 1694926813 -1999241877
1240117162 471245783 1504071508 930955347 1260609235
-1860134385 -520219118 -766317887 890038658 -1041836713
386653308 -10610124 904741888 1013440373 -1199620393
488800190 -1508083834 485011362 -1439315613 345302981
1465335248 -1642077949 977413641 -525387585 1160903822
1906939439 1985367306 -1376594430 564430764 363033678
1345224024 -1035102769 1773464088 -584160192 -1439147091
1271054669 -1080454759 233978075 -1524928547 1956715877
-1851581334 -1615938467 -646025775 1461069744 108168561
-2066686884 1312590607 1177422490 -1244572629 509700797
799653233 -207249465 1279061356 -1366304750 -1531664307
1747265688 -1064275369 -1583423979 -1925120756 993035106
-1547554727 687835414 1646398624 -1470691200 -626443251
-642064197 -2139861190 -1959245798 -1257340048 932532717
-1784196973 853329666 2028912004 -1927703390 -1725618350
-265585506 -813005915 -1762062054 35053623 285880624
-2006973053 -1490767260 -1832581250 -931602493 954255347
2127874097 -646427099 1774222006 -265163169 -805499214
-230616022 1819327974 -1789958007 1945917375 146433365
1268888340 -1218002501 -1446572418 1333951633 -2125069938
84228398 1394319638 377211854 986388585 547471650
-1084178002 963479309 -655251745 -1826113623 952266854
2046411597 279388222 281926653 -2041405256 -1450016376
-78066697 1266274521 -169013398 1262766584 2041476699
660517946 465758484 1337791507 193641269 -1353659881
-13225290 923379252 1055932766 -1496017513 1403014787
1516796264 -128755540 -739027367 343316281 -1220030834
1741809121 -193818602 -1703888780 27969996 -236183552
-91230455 382727268 1589509537 -8849329 2079477138
1504095123 2068770150 435969542 1169696727 2034921777
-709320735 -588996513 1179461003 -2033863054 2067512802
-1413648663 1107465743 -497569902 480701740 -1570766242
848533988 -250943882 -1151936001 -1809820596 -1809115153
-1909147885 -1580535043 -706060201 -416197638 1899179291
1558682121 -1667008555 278761680 868581616 -998568489
-163451106 -1266514966 1081586411 -2045842710 -1495575395
1007941975 1930288065 -731935257 -1346222081 30803133
870965117 -368594636 1667545234 358466411 -1062888587
-1474479727 26691255 1256477555 -1558602710 342905232
1049024858 1310230334 1772833554 819099310 1165977166
-673295880 -1725333294 178953305 -1310536503 572084802
-1598289295 687608182 -1930777281 1814973152 179283172
-716557732 1491808984 2104849925 -680720181 -1319384609
1016909810 372509085 1623662747 2081631748 2107964060
1415754418 1624478059 -75571363 -1181182520 269603695
-1785820368 -181332467 -1303499905 -1330515848 579960890
265426579 -1062713086 1063557023 548318179 -1059645463
-1187390524 768082977 -1617218582 189453679 -1978508981
724564863 -2019079965 1001867189 -1628444788 853016248
-1934789672 718156747 -478073820 -1545746820 1687020310
-129150926 168275836 1628499455 -1295944491 1302454724
1783334817 1471976179 1479770321 168743164 -168315263
34527 -2080095253 -1539259926 336492825 -2128064551
-1638839359 -2005339892 -1634928166 -2082656996 1376005017
709489684 -915157033 1169781331 1499664441 1121184918
-450269714 613221189 303528659 -878606538 -214215883
1247080161 -506682140 681590630 -912157913 -105990815
-1798338454 640330190 1792107921 1379885300 190494015
-446087057 -1776773043 1841333148 -817037351 1236815921
1824593161 696287019 1611410308 1125662186 -2029275071
-1428862054 697071010 1156312542 -1494111190 -590849755
2100568121 1081303623 -729861133 1024823322 -1362161927
-387199878 1663961419 -1063395128 -300836375 -975726562
-1501558579 627567133 371344027 -81294178 -753770227
-1440740076 1470814311 -132525511 1072247804 765294417
170683998 -2086134722 -1765570845 776334434 -532596056
-702345700 2073807384 -553717983 2129894792 -1534189653
135955915 834158822 -56673392 858628829 622993198
1145797209 1668000771 488601630 594476646 668712302
1587501720 973304779 -536510928 2107826024 174837365
1067248722 116429232 -59351558 -303207749 1228115500
529157670 -506541723 -469278823 -499386847 1888323558
-1774801462 -2121259773 -1813808572 -1707045953 -635283391
-981298594 -1010245852 -1251188837 1485134033 -1387197608
-1981830588 2106572519 -290342418 1679979232 1730005754
-1160342728 -114528050 -820418017 1621800004 -58880002
1760137683 -63787896 2124346588 1126738963 -633035718
-471373624 -598491662 1926578490 1019573727 -313767405
-812506944 -142898818 410218986 9674278 -1560721886
1839799325 -1164140319 -1479620350 -898101213 -1763437913
-811886703 -1313738928 -1623297543 371566525 167670989
-1312755705 368205574 214991117 -377050497 -1936988452
-792224735 -1653785414 -1391966508 162372850 -1832364377
-1423767959 890544757 1152893256 898723346 -686019936
-1623721344 1546740619 -171119833 -2079961975 -993355703
-2016888231 1758443434 499858351 -1251223736 -54302824
-617663193 932647887 801623279 1108543863 -2106765116
2018371639 159949830 50239179 -2053627710 816556457
687744664 30534988 -1633011676 1092215578 726353040
-1448416382 1302067730 941643137 -1017829819 -839178502
-380606318 -460464107 1687755733 -1942749202 1920449362
1435652002 -1982221017 -932151613 -325086192 1634278788
-1935837997 829586406 -275400716 -260109246 2042887677
-778470007 447525477 -1492313100 618703712 -1934024240
-587580854 -1294231878 226229101 1266046580 -38239597
1546195112 -252172567 -1163205443 -878373584 1729860638
607449911 1331817533 1861220638 55103896 -254540495
1468825094 57569010 -618040781 96343537 -473780599
-1340478092 -445292974 -474909019 -501755629 -256174029
-837165624 -420990391 -1438201753 2054244149 -1675186766
1766526554 -2072695273 -1809530592 1450236166 -1125279069
1031040922 667116936 1420463114 1577893534 -977674838
-1082116960 1031194375 -80351036 525956920 -1483409379
1821362242 1306931794 768432934 -1888082840 -53157592
-1925623263
