10403 608 -70507193 -1875189824 -1358313253
-1629081111 -914776343 1238617087 24700539 1609911177
-593417204 -491413385 -215966826 -1349744124 -87469774
1179970672 -1380515748 -1259947732 2070081372 -1782906295
-1649601082 926118527 1051251273 -294178390 139568445
1784038950 374225128 -1654187972 765027174 1611661052
636113826 1906821622 390901489 -1609002444 1020922822
1230509029 -1385238187 69796528 1249286317 744152383
93774170 1035579198 -108073360 1065226627 719487938
-2038306552 776728452 703806932 599508642 252423064
1016604345 1961795519 246862836 -1182334737 755943400
-239692821 1212036020 1175669310 1099580960 946613196
1989634402 -1978493942 -664853327 1953843081 71938728
-167681203 -998836583 301821408 -1966617180 -1321007417
-1292430165 1171284374 75623636 -1022728523 -317074148
1555992542 2060180564 1318063797 2031228200 1852390108
2138526197 -2127205161 996934637 2126446133 -438444260
-738830995 -210298245 -1433737114 127893311 1476006363
-1459390078 -1449458896 -940984811 133360592 -2063267971
1750402994 1033088182 1934511674 1627520257 -1872707959
-1668673854 -632857757 -1975389304 1563995980 313818954
1159004097 -1909462195 44383536 -1726901771 977147310
862545410 317396294 139977045 -814174294 -1096348032
1980226213 1068932825 714729715 1209627826 1902933408
1110812836 -38948940 -1551891638 1425600521 311175473
1816076 609529778 312413811 1477672865 -905652602
1750660822 -654796408 993531242 1149273695 -59375120
-256162032 910675612 -1520519477 394672082 1495168586
269873058 -712233544 1370193799 -1772780105 -912791042
-1548005044 346837648 -2036979836 770396926 1666999883
-951152409 1470934428 -1116681286 995423633 1909889788
1066730227 556271803 -1301020721 2082296304 109924779
-1088971897 -183042649 1910901486 -740800001 -2121436490
1757391567 -243539009 1948442492 -467615346 2055833859
310298768 351431803 -598994726 78056016 948916658
1664519615 1325287413 -226668517 41446986 -1368116640
-1413454405 -2110726495 -1401775057 -129260051 813295757
1575703119 -1602826473 89297491 -1401429409 1416962410
-528137348 1610132207 -714213217 -1662619503 1482614340
1464086598 -960414999 1278843101 -186153226 -406297836
167794884 -1479612653 1259392803 -1065487029 1681057243
134304598 786309281 1176391801 -345683949 -967843563
-285481510 2060210269 -30567360 -388983655 880249969
250020955 -1033600242 12947419 2051761448 -1591792097
625393080 1874341075 1301434076 -223448171 -1604856240
-1153776663 300211824 -1166389574 -954785649 1881560835
-1531377731 -1507808741 -494902046 1332320361 1514114120
-777045563 1744242902 -1716594571 1232683493 1006995272
-196589431 1400238355 -858709412 1943300681 -3265540
-933775003 -1457337291 2134305448 -1597855492 -1661645363
654020790 1698002558 413511714 -1144687746 -880107635
75208497 -841572832 -552775787 -1988538226 851765873
1887074 -1768057361 -358216648 627960404 2085208662
-2055239944 1747680641 -357572042 -1857906222 -1387811374
941253101 1030020371 412675647 -533797572 720704692
1048611251 -1489163050 -1064909705 -1762249492 1119562475
-1731981464 -2025649858 276391731 -1507064740 1600884663
-320314504 -1844995149 -988102834 -1845134121 2014740882
-1900009714 -1258706748 -2062950221 13017947 -569558495
-1781830381 832422237 249672735 -1925089957 379661345
-1457995711 -1979423419 1625816311 -1603382463 -1289911495
-241496427 1377486910 -710321655 2121727192 -1301755462
-2046718303 1576682103 -1833740655 156008362 -2138815162
1659635431 -2084916584 1522810332 1339199003 -1567096969
-1182200755 1099236685 -1564413156 -1350373047 1177983424
-1208677284 99685381 -112760536 -795800401 1375852535
-689118974 -1324879241 1039815566 -1104156805 1136204111
-118791933 1908752253 -372614488 -1538938280 553491612
-2057772390 -1454856990 919841318 1803485543 -1980508730
47484019 982599269 422773486 -476064398 1986941310
-1087916405 -1323959964 -390805376 1125242585 1211390003
-1419566728 -1775547645 1940802333 502462874 -270375463
1429298593 -252568324 1235564504 -52571485 -651528556
114738431 279293758 -345249568 -333287999 438628279
1618502858 -1730617891 1083474410 434333912 1349734156
-1079365753 423638 -1930003868 -1272784595 2147425622
-252264222 -22120254 -107000239 566680489 -1158059610
246876253 440861311 -1471577167 732540078 1333908620
1562213463 -2075837280 -1405845395 -1954191852 1024927833
312772049 -498669384 -472937679 984473252 1879771686
1686381692 114620807 -1472956253 -599671886 -1808200413
1371881672 -1164196107 -433674620 1939128090 -2016297380
-1213156466 35552327 -237599836 511628484 1000183388
-2058351547 895315084 1214236653 -1279593450 486033301
-1599355386 1073802537 728660771 1330687030 1634342085
1428463454 -1335225324 -1815669116 822848771 -1852436861
1980774757 -788445150 467954 918918848 -1354414820
1143329395 -1112844377 780467387 100593585 -1781364754
1242812793 1527412554 -1396850078 -193237655 1013813053
2107038765 -1371658213 1791266582 1430155639 -442910994
-1885953315 276519889 -1650110033 -974199263 -1642216856
1993005727 -2080919633 -1140549701 1594720934 2043436048
-1067014323 -1322461191 -1119295682 -929705918 1976026267
-2013069627 1919933799 -1056125358 -407483431 -1214924432
-1299578773 1323210121 2048696707 1071370485 -448075008
-579398706 -1420152279 384832442 -132325526 1924934720
-1340760223 -1451000793 -640444899 1219807637 -416400266
-540055517 -894217516 -1808020889 761387695 1963081925
-189656567 -766400030 -1364943582 1213638692 1039744184
1640483731 533270692 2061987021 -363742955 101064541
1775864494 -1284276869 1666301306 1989339876 -100714179
-846327384 374463264 -172179411 -1363611690 -276388837
-687716517 -1633033560 -774371926 -370931191 124485703
2139838089 596795629 -621525293 1818983650 -2002083775
1364708830 -1559416136 38098687 -1939788848 468516585
546062153 1545221100 125971939 -1902706323 1777497698
1122739400 -48839576 -2103265144 -301591406 -1100974655
1397086696 -1448440379 1393548993 276333973 694952723
-1669453619 -1761671990 -1068560809 1198269565 174541905
-1746963861 -1493444275 1969840481 602331192 1803502600
-887959435 1073928111 -2014150658 -404792064 2045851420
520356422 1525573880 -277408848 61618252 -1803918160
690023608 -863184225 -270423314 1903229913 1804593971
-1358511621 1372171984 758740192 -1181609845 -2032443736
1255589583 788323820 -984380120 1166514070 875191312
831545834 1259342612 -1659305605 1662834158 -1904080911
-1251006130 558717241 461312731 -1547911510 870249444
1011906057 -488693707 -2030981093 -416146390 -599064188
400140096 226580421 78059379 -1719140739 -1223016580
-623319608 -261179197 975305444 -1380905610 -1562856439
-782088692 -440018768 -510357659 419651443 1025249913
-2048453966 1144177813 1126509477 135900181 -1059437768
-5126193 -1313840506 776562979 -121585581 842544006
-1826498675 373005609 1609598415 -412654649 286430749
993249061 1311462042 -1031536241 1261803713 -104376562
-1639744296
