10403 336 1488747181 1081106062 -1403633970
92924125 -1563552866 -1211696261 58008929 -1622669284
856040519 49664671 1706332918 973208625 1473140795
851457292 333021854 -613137253 -1293123065 -492467582
1468431318 13253094 -860685176 -2122614506 -75181432
100377175 1231816462 839479590 1904099148 -420687760
-1501884174 149173850 -456305082 -126085443 960522060
706801793 305548763 -815185394 -1946062802 -1487168421
-2013492346 -1687709618 -1341256201 726217466 614064006
1454902062 -2065983647 398277349 -1096280887 627508140
-105100982 -467229855 57531809 -1673358733 1292709455
-1035347242 577500413 1152673511 -1000803558 750844911
1197523008 1211588350 658642278 860929104 605278408
-1733454352 -723551885 -1429655072 -634463860 1037561655
153243057 -1011900104 1940447572 1175990721 -1729132920
1165562421 1562024757 -132915464 -375479615 -1198766929
-580264273 1365224188 -782390564 962611101 721079190
-2060150513 -1994807381 176086773 1698964785 472036235
-798456102 -749497811 -141445599 1282293454 751494119
1915618671 1013065555 789234361 -916778738 1815492199
755442492 893041959 -2066806925 -160998324 367638830
-1291096645 1558648821 -1997763728 1936293496 -147570770
1504787637 2055189191 -1603055229 -2106437568 -1665114303
-566959654 -670164679 -1531104844 -885671877 1557624213
655948079 193581836 -1019144943 907685177 153335493
699832023 -1543362552 639152004 -2061017233 1684866444
1553387870 -39175955 -1511988648 1882663552 552758926
-1279264857 -433720845 -1360663303 534057380 179757927
-1013964605 84724998 377221552 2109439125 606365648
-32825142 -677177095 -482648996 179984777 1097419100
740173165 -2004000841 -679009924 -89278075 2082020324
1070660481 199828663 1005013616 -125090673 -839536198
-1978077277 -811455887 1784431458 -303726794 61274285
-317872928 1638497908 -1276188708 -2137831607 396031528
-628053544 1521983869 -1914533647 -2013749243 1301156457
695034456 2023859280 -764501488 1744483465 167620479
656750967 -809950813 16039427 -631905340 -502562584
-27528 -205784270 270012730 759567656 2133075836
1136083930 -1391353019 310845045 1519360526 2105457717
-1118887435 -1548796486 920665348 1890765777 1292343770
-1247909322 -44811128 -1766785962 -823046489 490252617
-1099176646 -612822634 757450009 239279491 -590789579
132306416 1051670822 -2069590274 -1540827055 -1476551792
2002745166 344997617 932466087 -1908977969 -1959265393
-1568138499 1935224327 -48131113 687016501 225696329
1067913667 880789092 -596994696 92531002 -1759948924
1457900138 -845959507 -2027939865 1162248092 -280837742
-1813961488 1067567254 548119306 652402309 1510000424
-526895754 1452165810 -890388322 2141007156 -1561284173
404819606 1444540512 -1222016857 224033358 -2107827209
-1614156222 -461356224 -2127755250 1932201246 -492637321
-342134244 -1026320752 1938642941 813859295 166246153
1698327385 1074132268 1893479121 -375142072 196801037
891762649 -1607922777 1572999645 1264349152 1154763166
461780735 132147831 -1117198624 1642067366 -1698704188
1300439220 439066440 -485128376 377836970 -750848718
-164274396 1751557426 -480773651 -1611313568 54962470
1937151626 411916693 -1649374469 -828172428 389151885
1953565885 -463491129 69307384 105285927 1849895943
219344825 765418962 -1316703542 -1678228859 -768069127
-1101035026 -894002344 718730466 299340695 1987115057
-1884065223 -1949647471 510962681 -1409372519 414641271
-780373464 -533998052 903913294 -1513267581 309152346
-625716232 83094977 1772670979 1199711672 456100284
1880460931 1964448704 2125791426 1318283494 807226501
-871972836 -213876420 14424780 -1008656715 2086149743
-1698123777 1119798092 -1598613710 -1022179897 206641313
-1726327951 -2049075949 313907518 1874858656 -710271457
1618429324 -620954044 -2006301119 -763420187 1030195577
104648120 966487504 205822133 -1619113625 347002318
-2147005254 -129948325 1888998323 1930227784 -948804827
2134855422 -1183309368 -343937644 2099595764 1511509631
1162181057 -1191616264 -652091909 -1001857104 782622571
-290849471 229464873 -2125145486 2041133740 -1870428275
685460025 -1139922128 -1475757557 1146578032 -395296221
1589507881 -1466237504 802610630 -1160878797 1854636121
-1033211085 -491092406 1814819517 1457834955 -1272469179
-1152257628 -1268057265 1894320172 1640160164 -734438110
-2081646100 -810605129 1466986692 1574012067 970525055
-641474332 2038815355 1029439289 -959959485 213745232
86670069 1234453957 1498924961 1403391348 1177087526
-647736725 -469641339 -1059694374 -2137742075 1518542894
1197942263 -966869725 605553509 -737960517 -535299625
-1559176515 2112162299 754474258 -1521344436 2060882569
632034320 1253849004 -1130126692 24433028 1322815309
-1830261351 -1912928578 789883580 -1394829863 -2058715529
149394959 -1801364485 2002850052 204232405 1114572372
-357801661 589995943 1439937462 1239452935 1167758806
1655252694 1505366877 -821176612 -893300893 1091424433
-1876514056 314032293 -1508318991 -1793391570 1948527078
-79169893 2110635175 1631677579 1146932792 226348268
-636892878 -1972190872 -1107752841 714255003 1907365098
1264809288 -814150438 952591133 399162218 1206478460
-1882188836 -685904964 1735207416 975788473 -1064401188
-575709514 -631413414 -269908254 -978471318 -2105586504
-1988031131 -2143329051 -1026209512 305253959 1135020847
-750366345 1198302323 -1373153234 1925558602 -220508925
-1936965556 1935294322 1591955391 -1463836925 998653343
-1682741109 1607956653 -188635913 1179426056 -1954912802
-1965176697 -112514233 -518178096 1162861063 212353780
-261444129 -1623175398 -408302492 296054766 -2034137749
47269702 1820087573 1875315849 -2084163637 1339360994
1470674196 -786726074 36088206 -822867121 -1810676911
-893572317 -2018271128 1857975964 -1738027792 -890174864
-1756873909 233247130 -143765656 -2101887158 255270584
1471193012 275534023 -1529069518 -1416739866 -1902110700
-1727966249 -971984510 1994978299 -1642404888 931005682
-1319526684 -318888560 1868059606 1598672078 387056651
-1936724668 564406134 1929138223 1976304509 -1194451365
119481694 45376253 811806808 -1010905757 -2009462915
-1613306890 1744524513 -1789362036 -449227467 -384139381
-1199444571 -12110486 672909235 1241455691 691740679
-1386675954 -509930733 460418456 1618524863 37219046
204650619 542265348 369720963 1480662320 -933239999
-52040631 -1044629692 1307574874 -1122315946 -1533016792
294563067 1686712855 -477843862 1065437574 1649164525
538806072 1113130637 941773395 -2013208808 1858352610
-1662891628 2131185076 1568006138 701038902 1200727683
-768248016 1141602384 -1204638134 856855364 -1240955069
1003400232 -1800388353 -207488968 -703098760 -1100212750
-1658851938 -1001310960 837507401 595667269 1263882202
-1067207113 240461243 -25382727 881573390 917801016
-538711362 435164472 1944969324 2002758440 -1553797964
-747011907 151664138 1000887660 -321399189 -1645605127
-1189142022 -1865391414 -1415794810 -1300435662 2012216606
866034634
