10403 16 -325430383 -1226602768 -1813869782
-479183678 751402402 -401549641 -1745020632 142354583
1709053644 -374418586 851170585 783677785 -22330957
-1354686924 -1189339820 1426484906 719044057 1392999096
951479821 -90439483 1795343667 -248539341 972058065
879620084 -985365556 846460354 -1325128766 1807807726
1855120034 1414719667 1746299079 926469938 1793913804
-208976415 1163655053 1968134031 96031949 130455326
-316098770 -1537708576 -2118638168 645106151 -2037313458
-1578547277 1880275059 1541998620 -444742848 1711819797
1862075478 1325975800 1733280046 -404377067 -416880719
-1435126384 -984871739 -574470282 -1905259464 997213500
1019034135 1758914967 -1776336790 1852708085 1813669328
-40678996 840049852 -1013760275 465679763 -341759959
-1879275658 -1750650964 -1454334361 1148715115 -1582873521
-682520348 1615334216 507184888 672501949 -609649668
-1760153275 -617080338 797251904 631342103 237852452
898640713 186041093 2028626784 559565301 984971545
-208152073 1394042195 138185432 1992718189 -1938565788
1630213953 -844378792 -399804750 2124257916 1030490890
-1000383398 109832209 1801798305 734857384 739635334
-826757175 602374738 -1975527112 1881554556 376273353
165704016 -1549128928 1576812978 1557147858 -1520024408
-251340598 -1823692173 1511693094 195417443 -1151225324
1584618398 -410320583 -1650538321 -505965815 -1233439618
516941897 -778386843 -1890574962 1522674 -1313252183
469714119 2053954220 959430295 961055334 1789222731
353894825 1753006004 -680419089 1203199627 -1762497042
-1897929997 -1931975611 -1180144100 588175483 1555239080
-395335163 1745041933 1090772647 1647418680 1871980775
1434136434 825808083 1785483608 -1534919851 -910289008
-1856992320 -256929459 -587723286 -1056695267 1882413626
1580716993 -215338634 858203320 850017647 -872995544
22348196 -1162702216 -711651937 -676868364 -1784112414
891109954 1605158537 1851486044 -586091061 -231771835
836625890 2135241513 -1548329308 1037577831 -521884451
-1218108165 -1634651656 716661921 1494072476 2009649333
-1531212096 634829608 1241295817 -339124002 -678600418
1305805917 1299129143 -2085633122 -1008766297 -907814040
1141627359 -102333627 -916841157 -547530941 -626265470
-252747854 552099113 -25522949 -1339811411 -937753237
1158194731 -2019633175 1936516526 1278731761 -1030528545
1517422282 1543394482 208983022 -1403143194 1085664480
2087731361 -543911976 730984479 -1685438946 1475247689
2146606472 382785527 -589818775 1470617581 1703570883
-1212621207 -804021639 676119589 93853404 -1965570267
1255990060 -1160974767 729687168 -903138614 382833576
1857787834 -1908987811 -443405525 1417900748 1934604255
-1385429793 231240807 2095394646 -1600292073 1916159769
-1389933697 -1165612864 -1495416082 801126484 -1574532910
1075615906 -1042348055 758531474 1512431623 -1242873255
-682245493 -501012398 -203718819 1866238300 -541951075
-1108030085 1808112413 -219686096 -1816010654 329757032
-751553017 1350240724 1366060844 1728137537 -1670390830
284435060 -2086034090 -210379714 225842080 2000067559
-731623691 -1452421151 1503557598 -794422668 -1241687144
1006748948 -812277367 -1888607656 1090597057 247016529
-254049259 -970520754 -2057994298 -1105432310 1593485847
-1723723485 845371197 1326854541 -533251405 -47301296
1080821501 445953958 -748695422 -1900813593 -1265160500
-262307009 -1236303065 308730710 1582980874 -767114517
276467884 -1090554392 -1129966098 1478202943 -338893067
1763420383 186630458 1318508037 680098259 2085393248
-923348636 1144034289 -1503882425 84850568 2013164401
1343721667 -1122522692 519379737 660108194 -897205616
2120804604 -1391629869 895161201 529521934 548195106
1977310052 -1344403568 -1042884451 2137137221 -1796354576
1628383667 -857332573 -1652312225 1161625527 499128513
1336175546 -1536159044 -321779288 -899162050 -81006621
-1726465187 -811111230 43492477 -1631706883 115446526
-2125269766 623601089 -851584849 -1951281295 -327506338
-1954033820 936641889 629895763 1307635889 1342463717
927763254 120881701 1515742155 -1126854761 -1419287183
501206249 -1206475689 -1729892744 -1173722852 -366626417
-2085054232 1961349966 707745108 1425033801 561133694
-1521617739 199923784 2064473878 39767699 1573655921
-1155459499 1500180726 -737926162 1088526206 1706373201
250369703 -121617442 -1295810682 -1477846374 1546636856
708562649 1864521163 -1177978944 -382177516 -1641964560
2001588329 -34537582 -1878852799 1681723766 1393925578
-370355833 1622019962 -1098287943 -1529547143 -1960889603
-1328082149 -177200098 -1616013975 -647039045 1302506860
486308191 594402647 1923314892 2087578389 -153726061
1847267488 -267989394 1771797104 634552375 -677310635
1319597908 846125464 -1582368180 1211583041 1383122659
954620475 732412672 1991455558 365080650 -362045523
-1967530093 -1226252786 -1310130735 -424509649 2135440119
-543758771 -904717104 -258473447 539914222 1658572086
1491725551 1749056994 -1326420599 -1599823772 -1195393155
1887413783 1066645140 -1151443487 1293650800 -1681388201
952123914 -1388849880 879892060 -428169496 -834321717
-1644219046 2140699520 -656644580 1483416592 -1851935178
1948332104 -105187278 555633469 1353129637 228382486
103279439 479199271 -1284302267 -1392139711 -1659243897
873967387 1027086091 2014588387 726483324 1039653918
709682768 1367283604 -849184592 -1621259797 -40407133
-273317073 -1335898688 -788528704 403049091 -415570468
1724045958 856272325 -1750072163 590351373 1509914332
-2033470414 -2000401927 -156229254 1125113566 1046102342
973509716 476406595 966901963 -1565330414 -2104446819
-1782821677 -1139929266 699098285 2100644703 -613441694
-3067110 -339498225 653824869 1900232946 90567389
-338731368 626806657 87328827 1654156884 -556073086
1077059869 36104393 -1047214559 -992664153 1755184239
1217366091 1700532099 1183068005 647346756 -1709554151
1151936432 -347755375 -400323925 -1411002566 1354419244
2133838325 643394908 -47851404 -2103586059 -1574140641
-1330861605 1311036959 -2045156037 -177922407 699720509
1434587885 1199963238 -978167876 -1885909967 739536135
958763226 -1582708933 -1238226767 1708402689 2045216967
-1314952760 1453683264 520035669 -1131838556 672049628
-2005773752 -900584036 156430277 -2047248709 866442106
1263927749 -888430908 -1414932615 -1307319987 -790765826
1255291826 1654284247 699248764 1463200595 1831799300
1215889499 -1577010194 801136837 -244120270 228952705
-467544308 -425339819 1588113966 -1392289750 -1728412528
42006768 -543911094 -66400381 668760372 1415527119
-1761970922 879734703 -807835110 1405337662 888828415
-1273816740 1003597911 1961474820 1447818758 -1229590353
1158232045 1232787578 1356026553 -1328815958 1419017001
1538193452 858542077 -1134304738 1046851887 1223420543
1425172251 773451681 1931553222 -1253605122 -551212469
423830997 1371785730 -620654650 -1567890265 -127826296
-1849599123 -35599500 -931086946 1704665331 1494083986
512866259 -788397926 -540746696 -2010266443 374386770
-1955035039
