10403 304 1233747279 -1432754883 1658354514
-2002023575 -1268053568 1421438536 353484180 2041220744
-1116798170 -855310742 1920869896 1512038483 -542019584
-216714562 1431563033 1318295953 775819135 53824998
-1658189097 1105887746 -135644317 -907272634 464026528
-1014487442 -1490156866 1878720939 1848482338 -336816282
-1871038310 -1906499724 428599790 -1443372479 -824062376
-1130474206 -1512087917 1478828614 2011691728 -1838636003
-1069384801 269031100 526126678 -427252 -166724893
1254455478 1982038297 -1341993110 -13402756 -1945195113
2014179244 1457476427 328721482 1936138746 861229633
-875844485 2114581428 1900554813 327870465 1441404594
-305865399 1987648108 -1056630938 1406953504 815767128
1262815846 -210999346 -1058603913 515944620 182552191
793034477 313919577 912954493 882188522 -1439720578
-1902927865 -688817869 -453245133 942091579 -1496079233
458737339 -479307423 -1776794405 463235255 1537295553
-809569167 1679416854 -1832509400 -1860992217 1995085383
1879077744 -1041769777 -1133563983 1999771515 -877521039
115270885 -470162628 193966561 1064665245 582648920
-1251573835 1494462353 1105393259 1873881988 671096096
715310012 -1365706924 2002496965 1121445802 2092580334
498955183 -334705374 -812145992 1617936814 -1594748760
-12151128 -1079739500 277775053 1226307560 -1133784221
1491802954 -1657539883 1993447636 1389535811 -1045670155
-1442121461 -1136911754 -789165046 -2008062946 -957186875
368214299 -334241701 -717814864 1555048431 543780190
-985299616 -1162654102 1356979382 1969258804 -662426060
-5654675 1651565700 460536427 744060502 -565322392
129334265 1702233214 1207818894 88127707 -1989418017
-701311111 72740182 -422849586 -924148803 1444485769
-1537749318 -838943503 -1662427021 -1188652471 1523309424
477645811 -715984989 -494547904 -1825837192 1465078478
-481867456 674058996 82542607 1018965413 932989560
-1520142079 -748541624 1697212867 -19861431 -944076872
1664362017 -1233874337 -1243649269 -822483767 1717469995
2045905160 -688538306 -63474352 668003363 240544365
1996623248 1359915422 -829059015 -1513195393 -1559437960
-1542713698 1346249610 -1546874241 1507779620 954722756
-521887251 -1339563517 1079497733 958999380 -538170361
-1417911855 645127976 1652330303 1059852216 -1105037838
1615664324 -1255455069 -129527328 -2001179578 506119708
-1102655343 1983723005 -498073507 -2123131964 698847205
-1795676331 328591510 601161731 642677115 906945127
-1342268761 -1455426835 -1892708736 -1619806687 2029012404
1408285960 -197132213 322775607 1831613332 1209573715
445169194 -1405557934 279913354 -2028261966 1508636430
-742086167 -1141704108 -1251576503 367760872 1626862005
259104747 858848680 857893862 -45993210 1016564974
1991414661 -1650927766 499522019 1760239364 -1723461560
1310790631 -1389939506 -1048438884 -1686964489 -479326242
-1169632882 1171704281 1588755986 559818380 -1761839319
1742571090 -1625164378 511911533 1009764408 818703044
-1530658128 1444526596 1572284261 -1205818449 981673974
1506230368 813262427 -799680099 -524314267 1525566862
-1343851978 2138758734 1866459913 2143819395 -95401493
1386466285 754995956 240850058 -1617500641 -266463455
-397714010 -323707871 -1770900616 -725897026 -1499407645
-592556626 -107155141 187563082 286287116 -323403911
-603199558 139080037 -1722628273 1722695180 -384651917
-1450174015 430615678 -70201300 348986180 -1745488460
1602319196 1753171875 730231257 -1859286911 310309261
-264322775 -1970133061 -1710119630 380409005 280237199
1499711573 1884371191 1235854996 -1066762470 -1816606823
-737805027 185828503 1600184615 202684978 -1702866267
-2095038162 -1931349756 283322875 -1593649134 -2068438039
443376959 -991369891 -1152563630 -1813449676 -1122825633
299819536 841794101 -991237628 -476240007 1551355079
-456755139 -2055210887 76075279 -136459611 1483124294
-1977757299 787938914 -308763658 2131952442 935955481
273397126 1110776529 -1403631347 -1671098903 1752144540
1200365932 -1180513158 -230999024 -1019834245 -1413941417
194782287 -2121288316 -680543164 -995628984 1146876
-182200835 -167974361 1820016216 -1859258860 482070499
39327468 -706923812 -1255780639 1475184694 500359424
-434575005 -2125015543 -522409182 -2008275532 -2074341602
-1848335505 -961063230 -505562837 -195871523 -1639979576
-2125858345 488736185 -1672723175 242071294 -1257239099
-408461033 -402611106 541836723 -644842373 -2026133250
41538792 517243233 -1853978462 -1536211920 -1967749035
1904333598 -1061585641 -1866155011 124942386 -227819857
-871986654 104145490 -2135408299 -2131621293 -615003805
342973950 1430561652 1697033705 -1711310934 1449969082
1701438867 985654397 -313416812 92404171 -2029546169
-707903120 251871954 -1167154831 2142851244 1193180231
1680493358 1583151697 1464971456 268244147 -12849795
684292649 1527202999 339911296 1072820876 928257181
770548473 -20953845 -1099147900 300794293 -1999209237
-1475300511 -487074682 1371047808 1447921391 -423984957
1640612347 -77432984 666586593 543410308 1791471231
41827729 1854236457 -366344262 -669693344 -432178826
1057497973 79658492 -2001337193 757310959 58053505
1403078696 -970874027 -1554619674 -1597403845 -1171380449
-445924194 -2041295174 -1394984239 -258975808 -451158834
-717266527 -2029156226 1052109884 2097861104 697215104
1555740128 1124986388 508189856 939253119 -1789619770
-1644264757 557589226 -1005246465 412658938 -897374715
-518804232 1674318578 1924474013 -799612598 -35051285
2064121030 1143066619 953635923 -1486963966 -1305471575
-1993952744 -759095572 -53289314 806859772 -1306044220
1747786064 -1475476796 -502758971 -890848168 -542599885
1019702231 776010347 -1535784739 -620922341 -260293861
905867310 -472639593 2081921713 -1242696773 1896723176
-159306155 497536862 -1002173205 1740512510 -1887846514
-1305285175 1371588186 -1614566273 -180997412 452595940
275568129 90922647 915079876 -833946059 319062982
-1404712457 321666198 62457651 -1193039550 2005401909
-1282102827 -618786601 1281535039 2045988596 154001089
14264066 -246729452 1893980869 -1886621421 914977401
537884659 654915217 92206151 295084934 -1016928025
932089653 337517808 -1142574755 976455136 -595202090
1414768423 -103043924 -1437890031 2137736990 1013427624
-1775831709 -220818847 -2080579089 -917783023 -458644948
743631025 1062729101 -981377396 1374868479 -151385925
1052305489 1572963424 1152660125 -468033206 -647151668
-1201768248 464284020 1271355491 59389221 -1060317121
-118025504 1419149278 1155351799 -1904767764 770562076
-1749029526 1371556994 -77262716 -361733670 -258744707
471870043 -662332203 625651301 -322517557 1899596491
200980390 66924029 1151590381 -962505544 627904100
1149041954 1433301562 764713047 -715316330 -1469217408
-700796853 -1238481274 825371785 -142513630 -1208000014
1163410886 -1430488114 -1760974255 1980079637 -88404417
-778901014 -1202268403 1888225344 1146353158 -678325262
-201611740 459702018 417681531 -847969996 1369110517
430131784
