10403 32 -1481355001 585110382 1792700135
-863978994 1141948676 -354190298 -1714902115 -1988147943
1655397466 -528730978 -951503967 1746079746 1278460602
-1074536874 -213113243 -1759579832 787208180 1774602162
-1069694989 172492325 -1934126438 -564600584 863441815
1018427960 -2075244848 1797984158 1481882613 1736417607
-1800392569 564863879 1735694868 342455935 1050104806
-861594707 1361331111 159812568 1045861907 -1184493511
-208688765 -242428726 -859846523 42906396 -675013526
2031814620 -538723204 -418716058 -484334452 -1626560429
663835380 565696571 604540679 1612483180 -1732958864
25553114 -1570342035 -422270843 1358558905 -650843565
-700920656 -1374940932 -1415199954 -1249299038 1427000939
1634277931 1010260991 986109948 272643873 -2046882660
-1964578860 -1412024069 2043900670 1494880866 793197469
-877212593 1524803590 -234826029 -434055540 -936785288
-1629565000 -707666604 -400005514 1971251051 1178025940
1456115380 -1401984568 -1767619192 -1348320725 -1727967002
-1885849562 -1541725618 1130060708 -1792323432 -1658773254
-259589832 732510810 1419797317 57377459 -508596644
-2146009631 -2084777886 352413207 -141159213 -1070413030
651651238 -1885012951 -35976439 706193278 -241258455
-616233797 -1132221070 903194518 -376254900 -821972803
-704312743 707280580 -1397466320 -1361116518 -713368108
1338412469 522039781 -308861984 -1050956918 -616832076
578269030 497648292 -325910280 1196437293 409689533
-996506342 794780894 -466865642 -681673298 12551958
721327945 -2005209004 186106436 401937693 1187472297
-249477622 -1258400360 -1464284675 -1891932532 735398663
-720489458 1267644412 892224902 -442106327 1329669131
2102269039 -910069636 -497046807 1105647304 -1768927487
-1324014535 1981923841 -449693132 1329943206 1892945505
-576999119 1564810583 580462876 1529806258 -1940035314
-1612058536 1562330535 -813677261 -742243607 383143497
702297030 -1351059785 -678423253 -338909705 -1596645304
235309901 -725822142 1281135091 1687960453 1569751275
-1751606674 856591564 1718875712 -623380916 1225354334
564072168 -1122280003 -507041251 -1843922741 -1471823284
-363849150 -550444762 468095087 1694350254 706995609
884367262 -843126067 1223582774 -1082063810 720979381
242689434 -1183931062 1923511712 911743378 1694112442
-1685680039 -1508834776 1376671962 -327190360 505889829
-1930110727 936673420 -2039784075 1278149475 722111695
1432764090 -1433363153 -1207418897 1366142471 878341981
-1091343930 -288177833 843098476 1381413597 1087719548
79087349 -254119145 260172524 -594402535 -885178379
-2053932241 1073525715 -807510361 -890555742 1731263069
1836947261 1246324269 1100885601 -1508871380 1922757940
-1871580852 -25227679 1332380632 598531917 -472678696
423754007 -675343399 -474922853 -1053962649 778461022
1755081859 -682583766 818917523 -1175521592 166229621
-1224641234 -1294406054 -2133939474 -1945602118 1234296878
609770484 544630769 81462239 -486003400 391494627
-242891289 450344737 14605164 -1394412407 1233643365
483752405 -1771365523 -2093871600 423388730 -683841914
765994211 -527310964 -639876003 -1852520017 2040755747
-1084138646 513507787 -1635866629 -436815076 -949558134
-1802437676 2115900284 -1482048199 505615579 1387085541
-1149607011 1618771675 -2131244263 1220902118 -1888737030
-1428165189 984292799 267604148 -104870528 730917889
1497075686 132425021 -415121673 1516861238 26347946
-945466040 -1231143870 -666277215 244762707 382992766
1719303422 -934092604 -1399796131 -1140088895 919466174
1654244325 750356267 -442480785 1412111744 -1884071009
-167844196 -1240580445 1836790035 -121371190 1439647556
-2145962488 1801944263 -1563709146 262081477 1970468301
-1769639432 -1009349356 -495739926 -116726481 -728340487
682485828 -1136171547 2116721749 1936430121 1529407101
-12307394 1562985013 -1846151785 247267938 1881058768
994226619 1857456204 1906253992 883012665 -1915184815
-20968619 -1989890087 1117197895 2036966969 1234468300
-728344263 842429842 2083585488 -1834828209 -724990323
-2113273166 594747582 -1958679679 979065290 1446984255
1510914619 -287978309 -1227557310 358134754 -1461962233
128651322 1982820060 -1054507548 5783458 1663637481
373703122 1518391292 555034862 -1687894781 1405461320
-1806277829 -1528899941 -262236636 976903560 1650291109
-1510846079 -104140735 1094765192 -1566817183 -301316481
-667220682 -1884642841 1651888545 248087815 1584408422
1521968789 178658759 -255330023 463363837 -59359868
935812619 2075645730 -1210125110 -1329081036 796632319
1462442710 -1406593564 626685997 216537005 1636410521
-699232086 1740329213 399044620 -437652646 353855452
528309808 858318519 341663041 780769572 75887408
160231306 -1808833947 1099073024 -726942067 -1434686471
-360279483 -974110241 1827826386 -1853599533 -852427829
1976956139 260657688 1431690704 774924807 941942076
-474833460 -285228737 -383342270 633443751 517199960
163283582 130929476 1104635070 134124119 -2105785306
-1612789512 1788070961 -994931533 489104263 2106434415
-1954525163 322232705 -1504510641 808323837 2054628694
1861155945 503091697 449515546 1143651230 2137325553
-2079735720 1948413507 -2100135612 -518127371 755632792
1877665907 -633744479 -1476928368 -685512585 1663248784
871259870 -1072101554 1737261666 131364159 -1534157643
97742947 -576940504 -990443916 527322648 -1934316508
-245957109 175599916 1682294117 -161675003 635802390
389021236 -1077466883 -823527659 1312050162 -1496776876
754756578 -536807625 -358416773 -1082458414 871307992
-641694315 1046371953 -2143419898 -695241286 740844133
-1763591739 -599428639 196851376 1785223227 -190960147
-1598691115 689194672 2061259626 1303031377 -1921213483
1237251109 -1402312647 848982868 250775540 -1178513077
217917442 -1009810737 -2129175347 -956095169 33661110
-1106055984 -616390198 1803320816 -127991353 1503349618
-1486735998 2115934916 460872733 919028347 878591386
1333900354 -1402292309 1514564133 -1199962720 750596090
-2018084777 -680302765 745807636 1211373803 -256446076
2051532266 -1787485793 1312285079 532805604 -764838417
972327852 -566089450 870071244 -464211508 1442071184
-1838860268 2133865421 970419968 -692111895 1390525429
1955429682 641186753 -1866949062 449986139 -1536594552
157695546 -349010245 1198699796 1539288334 -172399930
1795112620 -116735200 230943612 319897033 -1968069508
597616768 2136393942 -1102600996 336400859 -1195392238
-321259169 1929108470 -1216809886 -1678271958 -2040254488
1833968886 -1639239769 -1469229947 1481783563 -976058481
834181612 528401759 -1380679206 -1329375651 792326206
1227158186 1636640270 1006193332 -604778595 233874135
-579990727 1058894600 -1377862128 -1135438139 582694186
883241127 1710883649 -1711538150 -197175536 -1554388902
395160468 1448874993 1887505698 786380080 1284643357
-528204957 668726658 -1756577101 -1140978264 -1002412375
2007801885 -1812614516 -933769125 -673236948 -561785446
1020160761 1710032965 -814231124 -1232081127 689008699
-783497567
