10403 288 2102787882 1912979058 -264619385
868099447 2113672625 -1164743436 1004021762 2126529416
-462300585 616155352 1824479310 -1054589340 -2024936977
-461056559 -927717875 -1187570231 2144606863 -1964075608
407580268 47836921 -411382275 2039485765 -125582854
-541697184 -1393160740 -643143839 -1366771694 381257579
-1720660883 -1494748266 1915915920 79312575 -167782447
1519902919 821708731 -1669826788 1178471653 1191299168
-1028956294 -1697186587 485967032 1840950803 602020573
-327220728 510541037 -215915101 -21799145 -1266317914
-732794664 1948982951 212727599 -1256615051 1897374403
305937530 -1567013418 1341331071 -719090163 510902935
849546393 -1170596000 2101530029 -1230213752 263516363
-529266447 -632951853 -1826681804 -713464885 -748195840
1995014222 -1659505999 -877645582 -514544732 1934525883
12408780 -1041990493 -1231196320 407573554 2018641907
-1097231848 -240180646 -1454318580 -2120903892 -1276669970
629363865 1269923551 257515590 -264141231 1908219221
158085225 2019295507 889724338 725399621 -910479093
1045984332 -800326745 1257908345 197776592 895009552
-567192949 -2071794610 -480290178 1111599143 -666558368
-387141731 -405374230 1637941350 586271567 2038007931
1488703131 -1016197240 -1149047349 -933432193 -1581624608
-218830856 -1883045215 522130724 576249735 -686874866
-883530347 1020943907 749604162 1771668156 -1301607535
-650728736 -341512546 -309381050 633932241 -647140176
-1799241335 -609569944 1743749124 -987959170 -765339886
54796890 359125022 1048042075 -724796760 -1518427353
911413981 1225814634 -464443999 -1767792602 -84733741
-15869631 1030386858 1001609041 -1728561632 -65969511
490030346 1854452292 -1281184026 -2084073017 -630471437
-744506762 2041284281 46238612 -334068247 -646878282
-117929213 -593166956 418893425 -1184209996 -1640061940
1150283566 1759093536 409845500 -580786452 256913442
1091946736 -1694172804 969823897 -369350518 716107580
-422501375 2054400300 -1348273956 619220634 -1682013481
-539933517 1232770334 1984341630 326706340 1629784314
714178745 207871710 1679912409 539563059 1411379483
-1484971065 -1883068338 -1900114385 -2080387412 -994913038
1389723683 714455694 -1381372236 -548502163 -1918484495
-1075949563 -1780592317 160393437 -1337206460 1714192915
1945331219 1545775251 -1080724295 1708464268 -244016566
23900130 1523358072 1555557047 -282715901 1093480388
-461784389 1630023459 -1406492297 1748627906 -1976000562
246508314 -213333616 805489566 1779758770 353410589
687097746 558026785 937458909 -1953891407 -1548127048
-442647160 -134000225 646333623 -76205209 1701021007
309573464 -1095467545 1032310232 -686475338 917581327
-512700647 -225654023 -496264837 -612480062 -1523441415
395518141 524124697 2109425764 541950584 1304991193
-804283357 1580718699 -1219333726 -769034600 -838669945
848698198 -2038801381 1060392060 -481168193 615326609
-848364847 -710887917 -1593149058 2092677843 -54612669
-2060771060 778851543 -1499305419 -323962642 -1858189960
-684449971 -661834548 264732100 1439328856 -800767110
-1752708876 990440413 -979886626 -1776561284 -2068148081
1381661136 158273200 1722837556 -603087680 1348459242
1405003285 -1719068832 -2037641237 396419962 -581649352
-497617979 -877981765 -1523221670 -1429583505 1562469746
1317375559 -1897916014 -2039028834 -809072347 1913175135
1882842363 4690892 623089343 177947098 -1471145894
-2099290422 -225970282 -193379031 2039782840 2054029554
-1187345224 1297926715 -1584987539 178494358 1390768261
-1086304446 -1467318009 -136619930 871719301 -964988267
120740912 732776115 -539865665 1612318470 -1554266881
-489184677 175750635 964221749 2097069892 -412821585
-1463269337 69349145 1973101101 -1761834517 -1281992106
-1742469426 -817694893 1872941045 -1228660526 -445919208
-1386422049 -518551845 -1372448870 1295634419 1548436807
46809387 2026813381 -377001662 752301911 -807973215
-751540891 -772972164 -1863243046 573319339 -1360428521
1417482718 728292282 -96392479 1202961233 -382448085
-572578308 1125943653 130559975 -52580871 -1766515998
-705931624 -495339907 -505759043 932132002 1889351610
-1378272184 700444313 29628694 -2144889818 -1013134578
975199638 397300894 -349571316 -302706185 236152956
379476897 -1536956163 1678230884 1113480130 1579799434
-598342749 -863024009 -60096969 1777432089 1441919538
844878043 -1271028864 1364383731 4991429 -1640381704
1031168659 429590138 746954991 273878465 -2114066947
-1345647637 -1518890817 -112098467 1012993521 -1296867368
899880102 1453685005 -1424715511 1967812235 696664435
1860167075 -1463403730 -1838159674 561460154 136424815
134534745 548687497 787685776 2020227061 993980534
509582928 1496776221 -175512230 -1412185474 1047939632
1368656477 -1810858461 837682183 2071297748 1082903608
-202710277 -707144306 217115187 -1195103021 -1411241879
1595560224 1998787693 314903114 -1669559270 -236409819
1076105358 211984837 1782139180 -249314325 431541198
331561113 -1235974309 1705878385 1153772376 -1433956284
1643594983 1923532295 1950030021 1340205137 1293133494
-1443173093 1525257486 -1956386416 362734420 1126959949
676581378 1326533343 -244956371 1194977835 -303992060
1809995701 1613953702 -1810926119 1033480110 491512274
-1154207458 1838993473 -1987488916 -1342854159 -292012051
-845301229 361300983 475198284 340349287 1385503941
1983079133 -1360208632 -1638309124 -981734727 -1649095499
97906498 1940463854 -1255949139 -842524036 808560594
-641555259 535731227 -1214889906 1319140297 302544257
-330912676 1989242118 1413319295 1731632426 1706959089
-532031243 -430429569 1900635658 -189293693 -2116023939
1299360503 -647953385 -333620201 1323660748 -130659439
135210274 -1058080946 -1771951966 -2007707037 -1594406720
1310642205 910896138 1322230223 -848500264 792797492
1138019467 420047546 -441294667 1715382178 747668096
231225218 -1200721610 -1370771179 -1655160291 -1912458388
566549267 -74733089 1449259141 -1865351809 963935073
742295299 1295943035 -1997196421 930794407 -247547565
729173116 -969242720 -1216348888 -279066997 612036941
1123444893 1039491469 -2077984865 -1384412747 1022868497
896111066 1220175979 -806499046 420339801 -528679583
570121391 -1694438471 -404063863 -1671791858 984541438
-1925386004 1476432617 1573021823 188827543 -464525150
1277632625 1902940252 984002688 450888082 1394040134
-1360805787 1517459267 1609037322 -464113676 -1859609269
311250494 1354015899 -714198874 -453740836 1087808403
-1281188218 -224246481 1467162823 927652257 -258414350
-1896031906 1021580912 1621311752 -957846745 -87290267
991674624 -2016133361 440135903 234353026 -1838741960
-29370479 -2020859761 1610518585 -688474599 -974165821
1291584327 89954201 -975826238 323250340 477060703
976483717 309220951 -276057614 -606230966 -755665135
-1630299261 -615398131 419353497 18109114 1580487786
-482527864 -1526348849 -1464251452 1052720849 -851677548
-126637013 -661535772 -2011754431 931560727 -863400425
788132436
