10403 32 1254407430 -50864051 -179628274
-326219591 -995966202 -389330077 -1888762845 -1443767895
-249680614 -352482740 1928350738 -152890623 -241852988
2020579927 -986215480 -1112873515 1205780437 -1913008508
-1880507142 -1914012245 -1690348421 -1704231497 -1400160835
-510291930 -2017083321 1547000900 -893662779 1853683372
287324569 -1789035708 1617979794 599775075 -65437655
1143071818 576475984 1221935493 1512947035 -710694992
-1283165889 1454275011 750557497 -1881726128 -788501058
-1996770619 -2098897085 -1310849902 -1952857548 903319260
23180068 -140167971 -673843770 -143339144 -1224531352
788450032 1978446611 -1206693937 942454342 -1836400888
1637621017 1179382538 1993566220 -2110174889 1643687844
1654405889 611150624 -1989937311 -935191727 1074342798
55194224 1851138133 -558704576 205426753 -351886886
158965873 421340438 -661055410 -1561940716 1307020849
704944496 -1605149574 1884664865 1414332747 -719614494
1693978180 -1345641358 1182634631 -1766904615 -576565171
-952262467 1709945681 1436131509 907146219 658982549
457592143 -1930861878 1414215172 -713381025 -915725573
-1259890985 -1760810206 1064993350 -1637493303 1074436880
-426277982 973339263 1796933054 -1479040554 1472517826
730718195 -2023200105 -1875568744 89209013 -2060676982
-1174990564 -1893416376 -1178745019 -2001930575 1338357633
-2100043527 -664161013 730519580 -210176819 762151525
-783513143 1949781628 -223120470 -1225820756 1679021210
-954317254 2052952728 1571366745 -465716620 524699477
-1764155718 -648309916 -1603713716 -554902440 2674820
116422740 -46944505 -1694246514 -1789009786 -1780121689
299183265 -1400191721 1978082593 2052380642 -1421213065
-1028784600 -1624393434 -890548919 1936646816 107255219
1911402760 -402965414 -1336099263 -1167230645 751860209
1466719116 1870703245 1045647417 1296170574 1468263879
-1995085663 -1987405408 -1932686987 -359486360 -1754994767
-368059083 -533899248 -331333024 -907832913 -1387330074
2008661444 -1939695337 1439901767 -1431271867 42256083
-1025174431 -1872182431 211509890 1961052424 -397642210
1866173831 -1640849226 -693177757 1860932541 1799112421
-1369408360 -167800504 -1798299576 1204458457 173472556
-895501883 -1744427338 -1235985827 -355871113 706294307
-1803885044 1796886169 350934817 1905769813 -303432092
-1908165736 283859613 -1522089270 1747453542 1196462739
2040106473 13749511 1826926439 1891096861 884284566
1964091908 820651062 -2026863644 -273230728 -109917710
1144878028 -1402708508 1725357689 397271076 -940106709
-430445798 981757150 -2023133466 -2029322671 1411141725
633701687 1762111738 -1840069248 2026678806 1043426495
-1478979730 331275971 -268138818 169863410 -444030309
-1403299837 931759386 1634214397 -1491403289 -1898465899
374416800 1417399757 -114057992 1999019875 502453433
-156606793 -1559747705 -624318842 1709698056 -385354093
769331042 1405479086 -375152633 -941663791 1135366991
1259374848 1914295059 1721654765 1978490373 -1575528515
-255753780 -1409065707 -1998372484 1818453863 -337179545
697468740 248045788 789364130 -1910280239 786134223
101470912 980852258 -495161565 -903044061 -165660903
404484670 1116086030 -427099117 -242317297 1848970863
854690578 1758800655 1724252481 1426771431 808440250
-226350087 1199284401 -747547289 -435091460 -1150170565
770821693 1041842542 866971275 -902029097 590563365
-1539210774 -735752728 1312514226 -122493358 -2024112235
1225423527 587421381 2028463556 -408062393 1284915617
-1608977135 1131380887 -1034003607 -2104883208 1181198877
-736273856 -890834000 -1701828807 -710940413 -25003031
1258066628 -823742843 -1156487713 658147555 372496961
-353259532 536380165 -1724762969 1268436948 -1783844968
43067713 632945955 -176784443 1910331550 -536864660
-2110240514 -1007296020 -1745463898 123148523 1598824323
-782959726 339778144 -1344318268 -2119638778 697515900
-188408875 -1784942206 -1745197174 906843284 -1134234228
-1714567721 1706028219 -182271723 -481321817 -829754666
-1252610944 -722346995 945765130 -1209173098 -1207590501
463831257 593737724 419969560 -1070759889 -1490724415
2028568766 -1566448038 -1820871960 1156411195 -212041486
-1759567776 -565533883 -1566676922 1951318259 -1700891504
534491311 -1768711347 -961273542 -1754147578 -183662371
-1223766937 626330457 -1394563645 1040578811 31303204
-1860883246 1700049754 966043560 -1363398548 258982829
2093989060 798690031 -1953457108 -1157155589 -167965866
-1838420406 1595533569 -2087738679 1366550269 1556047294
-358656953 1078352984 -55095190 605326215 -1754359503
-863454608 662330628 -1444943574 -1681029506 1364828873
-683260698 536227014 1691298196 1785381481 1308710425
2107508766 -766518220 1112579020 -475764579 -359277491
557457323 2023451950 -1329850662 2018809546 556944385
1520900144 -241741073 793046528 27262271 -1617168993
119333631 1590360547 1484143181 269279560 -1338544958
1621576565 -326085249 -137794204 -1292938371 -26902568
1476274012 -141038977 1593570934 1990520269 1816124622
2035286476 263942666 -1639838712 520381788 1963768648
-502885925 2054267536 1380481725 -851499892 436539677
1221532068 -777349729 1437765863 -1317330932 1078669509
76091483 -1408294921 -466102563 1506786806 -321597289
-356296605 -1327095809 483701854 1787366838 -610921429
-158779816 816690683 1345330517 1451708531 534992959
-2031525137 2070640228 1868496840 1612121624 -2008927337
1412643012 -1751001026 -1005336748 155280359 953536213
-263788602 -1385402022 1123946741 442459061 1172963135
-1923483579 296653061 1847703255 1471559604 -1057248438
-1665344349 1394328893 -687072429 -2047206848 477866419
1027465924 570408603 -2128760287 -1146984046 290385371
-218891628 -1225766264 -1445600362 1525784202 -738734640
-839981073 -497252850 831896449 -94319196 -137944204
-1225580627 -385010429 -1224097026 -1469529158 53791219
-1689878044 -1557996278 2046824754 487396967 1239987365
706385388 -376703589 360071066 1864678139 153536592
-1842670294 -149254483 -1676243294 1718840378 -903292697
1469210512 1516653152 -1216050946 -1743928961 453349316
1169132219 410374001 754352920 -145264417 -1145287563
-1589189862 34249055 -1999090572 -1412318233 -993543446
-1586622569 1226850936 208182494 -535894204 1984820149
-1283596841 758873197 299859486 1933043044 1464268233
1628508099 470775353 746251807 773167066 23824712
916062857 -1769547962 1651008664 1657949515 565536978
1375766691 1129549648 -66096661 -1122016503 2116920294
-634208772 370018447 2063381716 -998412320 -1778173781
-865231134 -554918255 1391591956 1378420473 -349181102
14774770 1128603430 -1703244840 361806539 796918188
-1714615033 -468088199 457646877 82028312 -1604992199
954445624 -302706670 -427438249 884161628 -355229354
-158791047 588463127 -646164793 1014841796 839537482
1371910533 1670092606 2006692742 -709445839 1602144273
-225830190 251615603 378672704 -1040399620 1998513639
116523473 -1023305735 863277898 -2049182928 1178910414
1214074207 -746839075 -428280442 307259651 1626833229
873576574
