10403 272 -1631428349 -53412586 -232243110
-1326012200 1800920787 1007532739 -2101949240 -1721247322
-107077366 708600582 -1675382841 -1383047050 1903340017
888091514 -671346284 -611523107 -200451529 727855450
2022321141 1236851405 -976894440 1690380628 -1737274692
60945650 92729033 966052429 423640435 -675947974
-999183280 1338258785 421949200 59155389 -2129911918
-169391164 -755817015 -458516991 -2117089146 -371844579
-954151169 -1898263079 -240174495 744875954 -573237044
1422611345 -1527103602 -1372968694 -2011463170 -1083265733
-683198942 -1024601496 398929585 -1871974280 -1480552281
365120400 298408692 -106363679 1989872039 1328404030
-1921440857 1018864527 118164107 143315446 1691635531
-206463792 1407011180 561150032 2035734959 -1380248225
-968916008 1239934389 1383359794 -886804858 -597578436
-110759885 -716566493 -579768905 -1776430074 -165303302
-1840557547 -1675083842 -1482395189 -947781528 -312294945
-1617747634 1323708381 -66876641 -409607263 165930065
-405975881 -28387485 1891053647 -549073263 2037734646
-140776451 -192065899 1513028477 1088569826 -1329967172
-1018188131 -731256477 -26022622 -1448476494 1323903501
1410247489 -321157340 -1748481651 1124854699 1096375247
1010093170 -2062747826 -1090685424 -1176765794 -1838183400
857247946 -985144235 -784876504 739150340 634930300
-1559293671 -625603925 -405896011 2028811390 -390999800
621520405 -67255370 -943263420 -1062060935 -2005482873
-1886501688 -779649324 -934749104 1567376290 -36095663
371283940 1444207278 -1773632147 -960533935 -1920121177
2032211712 -461672798 1385038641 -442755576 1079661120
905906381 -1807099069 999526185 120257081 1919465969
-56382492 1577646754 1425010285 -877060760 -1256610181
-232772146 -1514803402 -383044820 -1883257501 521516145
-290441573 2098621719 -548323315 715100978 2038754141
1272852366 -326751304 -986171283 630045032 -151957761
2081503845 2096728081 1471933108 1721505870 848328134
-787478438 -1922972265 238057434 -1146070137 -1092422788
1220057335 58608365 -954405276 -1922931379 732725920
85271161 1794617852 741584516 1041632726 -68725847
-591964246 -448669111 1242946202 -941999090 -1454883410
485362582 -383390013 -1381086902 1452695091 -560616757
743497116 -395108022 1284693512 946666866 -1010165535
-1813462553 1666425918 69547304 -709390168 568877534
-295375194 -1576952679 1242744288 -835923499 -71338612
-2091171754 -2057583676 1248152335 -1837522746 -1713201817
-1620268559 -1618932291 -1476407349 -1846254127 -670157975
-1246839912 1697234135 1448162736 -1359835910 -1578176621
136792674 -1136606661 -1484575409 -729774329 -1052010393
1709092372 405443428 873963273 1528746876 104724046
-889116719 -23261278 -1412858494 -1484279202 -1947643900
-1947204685 -1709723934 -760270525 263115335 1549270526
1690180560 -172153617 1532796531 -1502454149 765019003
-1568234784 -1122499752 -1724358402 -1504580015 2002803815
251365419 1361733179 1165581973 1841879551 -166715627
646440407 1220189340 124641577 122056727 1284331421
3651488 1555844376 -1397756275 524739098 -1357269696
668169870 -609432048 195841118 -757406430 1498505608
1908473439 -1228874446 -490242673 -836898975 -1231494140
1500673083 1190904775 -463572675 1712412462 1234554780
651510200 795338161 -449978027 -83050208 -680449252
788525908 -92665341 1998140361 798102840 -981338842
1859908038 -1233783310 -573170103 2091229914 -1420338426
-1229818663 -494889375 -2102736052 785607257 901783992
1121066565 -260597837 1524998519 -286255631 236783172
240876073 -953501716 -2067650016 1106740754 -206582690
1773209005 1778971343 -1116461377 1598010040 -2085502744
-2107267637 58165156 1620859360 213623289 -136357387
-1500960360 2057552392 1342132363 814410520 -27058210
1883381607 844502048 -1970286535 -2097249863 -1659454898
1208901159 1015945208 -39261673 2144906982 799727466
1738080820 -1536674869 1969142777 1341712358 -37113214
-1235594778 -383852516 1693759540 63415413 1117268007
864838551 909742547 -1248219267 -1919047012 -676388676
-25161819 882941306 -32996394 1404734378 -1873798673
320375599 1770252847 2065567355 -878751801 1025168479
-2104246937 1253942554 1978501438 1782795169 -1524335085
991706995 -2115832847 -1659886614 -903889365 243368402
991158614 -1416834328 -1865479915 -1225070184 2035412223
-1378324330 -165809896 -22686799 -1689854664 -220271241
-1522586612 588049988 726373262 -1007063250 156392395
2091795517 -1099833006 1477108257 2062535454 418521025
-1557367031 1567082118 152433707 -489790799 1818705475
-806505334 1468870041 856406445 1651162023 -1311610238
2064714618 1886763105 1128362735 -992847955 -237841298
447801753 -1588929835 -703150132 -393764491 938542301
720975467 2013394998 -156306480 1530873757 460202083
-1118961183 1491207608 -1446951954 1959379280 1797371776
1131221962 1891000144 -211886556 -1007280182 -1622769644
1516659888 -1349423265 -633115528 -1162338992 922123789
1226323350 -1249064098 -308103614 1653453593 1805599314
-1177061424 -755370299 -2075279636 808781236 -1051497842
1071201957 -143617179 979939306 448922101 -819371271
658356494 -1455594558 -1902371171 1824678668 1024062001
-2015698555 -787501061 1738350062 98746891 -713134043
1321516439 -1237854905 1318330070 -1726300743 69010611
-165454307 941710169 -1084679967 152427467 1265474595
-1961098135 -53650784 -468784331 -1765347726 -1528670178
985984033 1102997340 -1621627309 -519313887 -1686304910
1885571158 90709115 -870368660 -1175075424 1543181415
2001651032 -417426663 -703036819 -1707961811 1677106303
835625340 1753443639 -1110243611 1932769147 -1881107687
1409367313 -1875872403 -517546696 1493475439 -1154789898
1890494118 -406671378 1201178107 -415959863 -373855090
-2022600185 -1353910767 364507152 -292497018 1932188758
402174522 -1133978264 12360752 -1685035423 192437501
49330494 -1256287477 1821496071 -1971917825 -38304939
403736339 -1493623136 798629924 673147674 442412294
-558070105 -1876191131 -1456665120 -865452324 -215298423
-614624022 -73077767 -2028383143 -537533507 1157216400
1121833472 611136496 1580458363 1138519543 -407291932
-102475414 -637929386 -711516235 -367569207 1576379814
1862906693 -1619568036 -1433126781 333899079 1876966952
952321830 611754502 205479609 -1031468742 1526505063
-1841053445 -319837047 2068950218 1325031060 -916397484
-1628857677 468321759 304606545 1401240522 -1069591325
-1937464664 -133196048 790676080 -1947305423 380716136
1818500288 -1257041624 1795640501 -1615096542 -1397143777
14389801 -1255164920 1618766241 -1912625627 1239078775
322187340 -929372106 -724194722 288527887 -1879933817
1281023565 1655433377 197339459 -510968326 -646647733
1226562491 646950682 -1791588245 870065458 -1714819857
-228839115 -796707244 -651435638 -785200456 -247810034
989973226 -126129933 -939121745 1129057602 -70191956
697826539 1738583124 131662550 821410137 -848699595
601559334 -125362749 -1225374331 -1682986606 -1045490747
2130562478 -958025353 448299298 1077146311 -1852432983
-1400485056
