10403 256 -1323012533 -893148697 -666245665
-207056641 582552437 963894997 -1003816556 -1927486795
1545736062 1737633782 1572881137 -1021744263 -808490144
-1435361556 2000564127 1070053210 -839427828 -357278830
-2113611786 -1980944524 -1164529017 -1984337923 -1053012852
-752126018 -681162431 -295794073 1191811 -321066473
-1460634915 -244927528 1229158958 -314383796 12285843
1091072919 -1266215470 2099737108 -440724019 1409801150
1308341730 1080001552 -968814905 1664787481 -1311977395
197877023 -1054117484 1595109719 765350893 798139964
1626736676 -2045425177 -1736883171 -772458609 1293704555
840106686 -863144384 -1417749684 710571484 1982387098
-1615304168 558138289 -983871918 -1979529513 -841339550
-1852352706 -1131870831 -1561080476 -1897687463 549559321
-98052475 -512559299 1000711993 1456831908 51547620
528773494 407142086 -52306841 -1047595712 -792797792
-410275938 610605161 -30617078 647508709 -853401909
-1366401884 301490611 1911476674 -1924237357 500941175
-1161935734 -1572237186 114439270 -1078065340 1178308706
1639094754 1785422817 1003395780 -606657992 2013356553
-1747511096 1834712621 284593398 697530226 -2055849293
1763789577 -531723056 -1256795999 -2040288753 1629939772
-1480989254 1951845178 198293914 -1485835964 758910367
1258331872 -1305917503 -1706427063 684426751 -1777543869
-744740493 -1104860996 1469030026 -1864332655 1833712342
151733454 641997747 -336664923 -1227574418 1695633661
-105891123 1594675488 1471252048 -1932003020 888230953
-690224132 104666600 826982365 -1615985985 -1743127512
-12606077 16635870 1943291175 885567544 1861104252
716815836 1926008409 -1515854288 666716208 342824530
-1678937831 -1891073211 -282372410 1069812177 -740228573
-1246426939 2076638185 1868571484 1495765934 135343297
-1074747743 -1003275283 275571737 -149733947 -1675148461
-1892017015 1094739384 928161713 -691008757 1610145119
-872532346 -1929162695 -254979304 -1513049063 -2003210755
1194625703 -1590918526 1498365030 -1069145083 -1148691677
-1930193265 933166398 -1057036988 -1262855437 -263149339
1894101567 -898566467 165318026 -670169119 -1785349589
-1195255446 743348493 847949395 489568300 -1909671071
-1715902798 95792711 783513113 -985348876 2008127830
285911928 -1479955338 -1087491774 -1702319643 116118370
436210016 508564397 620274097 -88075910 134107457
1808396648 -1886424298 416709122 1927452295 1029674211
-354475789 -1126797848 534476438 -892147259 1625968203
-364581493 -1207410177 471258906 89601524 861386280
-910872832 -417779354 -528115701 -1181238175 -1168334396
1494408676 -50876099 709737064 113101138 803636979
-1447662263 -612689665 880617431 -966073226 215519076
-642323307 1121231651 -695666679 -752624989 -1815047185
1771773728 1867800006 1323551081 -954597680 618328379
2008218167 -543655607 2053010629 418944342 -79601616
-981011498 -323683319 425721733 687682770 1767360965
1573581940 1617058582 -1111332818 585978203 1447672961
-1113169802 767018583 -177066097 -726432671 987512966
945897087 -1128819310 -2090988018 -968658393 1068422451
-529595968 -1358798495 -12914754 1317752045 -766033257
-1151864248 216712115 1045178569 -1914175491 253853922
-1016817634 985889637 -62614559 1663230738 -766547471
1073781289 501656702 -354131616 -248724517 1776569906
1497669555 1194251403 1287209977 -1204154497 -1529615626
612843006 4406024 1363623232 1508828528 -2129150368
1429528397 -1022687352 -42996620 -1926280654 -2069935183
1340714927 638138154 -1361387617 1185276013 550104082
-222164013 677798435 -647967195 -730792302 -764338653
-1413389879 1101753352 1449016498 -1981091351 348855967
48121858 887621833 662783113 1169922446 -1437149455
-1058592844 1109838422 -2016900068 -1151826137 1834758668
1385880032 -2055954828 464759704 -120696733 -1379855607
1576698838 766375140 -1774156625 266469276 -919963316
189041791 422184957 1166658191 2092128826 -679998536
1084192098 -13155906 -1531012902 -1044286910 1233144122
2015337431 362646935 1421496414 1128632363 1240126621
-506762954 715718200 1201229648 1903007791 -699256189
-1169035018 469196364 -499892325 267083920 1901899083
13232116 -1557033773 1005865910 -1470721068 -1750265668
-1408326434 1440095817 -1417422866 -1196001022 625699582
-786074883 426773081 -459459788 -2104007622 406273810
-1127221603 1736402929 539794943 -1951951155 -844901421
725073785 876253367 -2014342702 -920051123 665682240
301049109 553331015 -1193236708 2552833 1541222699
-674475682 -1979279801 81039211 -1046372687 -923402004
1179544088 -412204378 1365396385 1469359417 2144155330
267691442 420138444 1566865734 -324010552 -1310368306
1538390589 683945033 -2067060663 -838078535 1365479867
-1094269250 1524803656 -838308281 1785312060 -1305827200
-147489247 -1441846026 -335320725 1158323856 1372973874
-851673751 -2028217614 -689532604 800586413 -1571573279
1414888396 -1617179960 -744461429 1269097334 606743126
-2090832923 187236922 1502527254 694334472 1758297935
-186058862 -1351111615 -1114421544 -192689430 -704994273
-1617292282 -2118343633 667112442 -136767797 -1275489685
1810734964 -689381537 529677751 -1935558699 2007765146
-748412141 499508724 -1507514308 1833876813 -457200625
-651671054 568612609 1666657429 1863080888 1387908140
1486050448 545588006 -946539732 -40175894 -1832407949
-1904232356 -1142153801 1441067859 -356010927 577556443
-890808111 292557190 -2025976142 -1801977559 151768766
2017923663 -2074185053 -558043111 -411944835 1552177158
-164194135 -1376228341 1555822615 911111992 2035020377
-429685912 -364584392 1874031144 -1949854183 29941166
1814411605 766172737 384839374 1277633702 669150929
1518654304 -498973964 -1586601690 -1184140865 643981108
637827164 -360579123 1444485478 -33263425 1641621776
1020385508 633108914 282335723 1960476320 2096092791
-1208109343 -541179437 -1470295456 -1319747287 -1208395441
-1395640436 -1111756796 -1424167542 75999222 -498610548
338585445 735151848 1776295357 165093221 -1647807548
1543105289 -1605369417 -1319129627 337430484 -1294167583
-1202946126 1049204201 1969275901 1499219172 1727062430
-275614464 -608228264 -1545411310 -1101735137 615849694
-249633018 1430420412 1442769170 1100075951 -912133149
-767200231 -165351954 646618136 -1938038908 -2145908959
-1942623036 1388894101 -11943292 -541148512 2111893609
624336025 858346762 -162190587 -685842629 477167608
914924502 1514657220 512805388 -1206170767 -176737490
-1605327157 -2099119245 -866654991 326237806 -1524208666
1006047969 -1468856930 -1649425047 -101311624 1422432562
1104516353 -198889735 629138971 1602029264 359763065
-85764415 1728009920 -278644638 1139794206 1783367244
-1000748907 578555913 496235425 -419840533 -1494576755
1965944867 1777999370 228993360 761651759 1869500519
914940119 734248081 -1959566990 2076163469 638756585
-880248371 -2022855575 185403470 -444783004 74054610
-1206896131 -1737447097 2080369126 -1596347686 820720534
1274898889 1678761980 2000313926 428871629 -901610493
-2118355973
