10403 16 830457513 -703089926 1635550436
2145638221 -1184082643 1814574987 1844637187 -1908850902
-441847439 248961052 -949020579 -131209632 2029261440
1844926992 1779929747 -649891811 -1068089820 -1826919805
2018121734 574586874 1857861030 -59466913 731711291
936817509 -84754725 -60747971 -1625292469 -1630714291
1047199317 263540303 -995407303 -1855701150 1149104685
1326282534 69201522 -470418496 1150710128 1942826326
707444242 -225279527 1362511733 -1904627757 -1528972543
-1657801132 -307546606 -1124421560 -1457989362 1142234991
1807648292 -305040474 -1790813378 1997771604 -1329216073
273267382 -1639879079 -1293336531 816421380 -2066512584
-1295536310 -401510190 -1554343353 -1332196605 1168800448
-1638846037 -1624707502 488153175 263360624 -1877796237
1216696369 -1724550786 1460683188 1837869420 -314994516
1038006658 1096064417 -279092550 -25595832 604761445
1979294950 -1210899888 -1641420370 1608972227 -341945086
2056040625 1414768349 699387673 -1943823328 1995010760
52670499 161632327 400512002 -17679104 -1517846494
-452112393 1899815752 -1918063845 1578328862 1253055008
-474833857 1715226941 -57570318 250704746 -281833262
-1166812361 -1165990857 251795962 2049040043 1395370132
1059036712 1548319005 1566219735 645796196 695221754
-939938098 -1181421478 27522891 1855610309 1824897735
-198481662 -1853319714 -1272534570 -1233336519 -1616581862
265713161 -969497752 1097207216 -505317860 995270303
-853706746 446365172 -1864236047 563146394 568234685
929114882 -190802355 -802956656 -271279281 2000332273
1224067869 -1687459011 -562463450 -1264425540 364609554
848782532 1668648778 -308327870 1766902355 436904636
-2020525518 -820176 399592906 217005078 -1118244741
359477059 -1645118690 536736115 -1877731249 -1005362048
320858551 266771668 848988511 328709485 121616326
-1115773270 1973688430 -380156222 -1251101332 2029608430
1372380008 -1668021721 211192693 -1656745290 1817277191
695801154 992487188 -946908583 -849180004 -1974537022
554706875 -149291338 -1388512297 -848000497 455958843
945828319 297983254 -1758929574 -419003079 953431493
240583696 -762082057 -766666053 -1659749952 65316927
1597787815 1052232960 -1980011290 1386430633 1171460250
1110391697 -1464596042 1732034811 1011360369 -493210137
676598241 -1989892991 1104136611 -1969026120 -774983244
278343499 1060352518 -339197110 1434379118 1238434863
288721281 -182114082 1206472097 -766506056 -620875117
-1229199732 -658479308 -798846055 -1037872390 -1105363057
1874332765 -969704684 1182598805 360308629 -612781257
-1481984725 683671611 2006390270 -1854469360 101848175
-536318137 -833161384 1475029643 1792833900 -282490590
1458282385 -51187245 895961610 1413565064 -1490526697
1965233931 -948901803 1461094608 1494069177 -1055555275
-1218809039 350151065 1756736548 -538307553 -2112249609
-933430336 812217930 -212507699 -2048163288 -130654480
-425580117 423047290 307536138 -48282786 1797913405
-1558401474 -2132338020 -1637604664 1497660108 467169023
758258912 -949487483 -1059851615 1484425465 328094070
1747212409 395713053 -675939821 563310756 749537909
-497592254 -842485568 1207831511 -997881011 1860758168
-1539129516 -272452298 521944037 -421091963 -1978284982
-1861664877 702523261 -952534358 708800231 1111138867
309672753 -1719471999 1762294873 1576206314 1413397864
1479152089 -1630566733 647312096 2145611235 -872697751
425039998 -881698209 -324601542 1059039146 1648016549
294391689 1795388257 675006084 1014959409 -2143795242
436739062 1657829401 1120926276 -316318425 709433402
-1691044312 -562978913 -2123692515 -230031186 1464637997
-980086802 1638892850 -1460071430 -297463805 -326427140
-596057027 487779697 -2122097477 1893697521 -496595619
1572322702 -199596068 -1035971494 -1776417122 -2133906357
-2147270930 -198981417 1177411854 -466694848 1308025115
1590251121 109556312 1461945911 1567549337 1732394826
-318790100 1987762286 1624059012 -1303601047 540797015
1500128602 -246306290 1753883993 -723052186 -1528749132
1246099274 734048509 -838489935 -1649942344 1233149076
-540820186 1189011664 515342483 771813955 -1716102887
-1283440554 -1179914134 128999601 1458767719 1817560139
1807473906 -608354809 478614625 -543606956 -1892052997
1992005799 -368933606 -2073898955 -1123586127 -1808303261
1703747457 1628930663 547882909 13124299 -975785264
1049178074 2121623692 -1968596458 -98758291 -1354267727
-644152024 829450797 1428584334 905211960 -354415509
1947413030 -811523457 1906043753 -920436422 1093061966
-1270932607 1660575725 1574775734 1034346183 1494560826
1740331129 -420070326 -370685588 -94597788 -1503995784
-2085406843 1953050643 1979517714 1381084831 -1801274547
-436681950 1299851565 -2020340532 -50130952 1522115171
-1310120164 -78859267 2113333247 -97312451 86299610
-6434933 955281610 2139999511 826191630 1600475168
912324769 1863058639 -557389547 384843971 1295100950
1677973366 -2030324647 -769090466 -860669938 538783139
-560455248 1004292641 -1501723346 -996488065 -26172605
1707354953 1792261500 335598713 2075627899 864269247
1128505169 -736403446 -555794894 1499618926 531693859
1424872573 602256962 -542066410 -210365826 1217106284
52251381 874674547 1037308042 -55299882 -1739372595
-305307761 -993715829 1474244381 -1299773131 703508967
-1187506684 -1449726750 -1998499006 674472125 -1088070948
-804213547 -2065958821 794601464 1118929634 1461862177
67809592 1958871472 -754793383 -293213932 1880182522
-671242528 -1332583805 343922147 -1527465005 1441434399
-1343664068 -1142842957 -400485260 857967940 1388440546
1622922548 -1148254710 -75180517 95988366 904885586
-426479506 1148861615 1536225391 774643187 1981523048
-1474254361 1759881235 -810831119 1867527996 1997762117
-1028710779 -9191475 1105357189 1010837143 535816488
-975679695 1450621203 -1676736344 937848761 -1103304480
-1267448543 -1449825336 -1352930814 -618828799 -916515053
1496354413 -1448875072 -1505049844 -552414841 188837412
-1464480478 1771907632 58977125 1560887479 -194396077
-352916246 -1660427042 -437734692 -743482208 1343063186
38931265 348990038 -2014897499 2138019964 1063551315
427539778 480979591 -1913678540 911416772 1545277298
413612289 -1368984597 621334746 -2027805095 -178115189
1685183901 -1346398688 1191503215 1206890538 -360476784
1345539593 875232667 -444636644 1184888643 2071320538
881585522 -2018262027 -1265048801 -725249778 1265112078
1784709021 -1721956688 -530989308 2015560307 1378805753
-98791709 1074543067 1517187793 -2119573740 335704467
-2015832624 -2075897171 -1712010476 314116638 1750052579
1588578550 2057684138 361483807 205114020 -1023510870
-2135941960 2138072452 -664936131 1510791213 -1928358849
1896087113 -1921553089 1544664824 -1862678347 -572776638
-1826059211 -2145714437 -1872387249 857660442 -630074610
-1638045333 -983983467 1043200120 -53759370 -1673077586
-227682768 -123777396 -1321155947 2090004482 -1304417517
-1621568970 1513473386 -1733978476 1026293847 1903237538
-196926541
