10403 560 -1675541561 1281194015 1309360150
1364624163 -1342805060 1182575554 806665995 1716651662
1892304119 -622029942 -1034458058 -57661114 1258882304
808798406 753263430 -1863797045 1221257333 135828394
-225092994 -1997397036 1878537992 2079456919 997169536
1653891970 582522148 -1583655300 525658028 480976035
-94090117 -407234092 1986869245 -2072540047 -85608289
1754502781 -1784328448 1717060064 -126011621 559369690
-656598546 151447683 756458351 730029292 -2042273841
-570093242 -1377097992 -423248914 -1717405928 1967999801
1550993306 656910527 -1215414610 -1851390857 148663005
-1903051676 131307819 505430406 -1583887124 410707201
2059464459 -830210937 -2130683882 1273550103 -1316592443
-1943571177 -2062099848 -656582615 495782708 -74015446
-102527738 -2126153135 95757769 1842165357 -424388053
-2114242645 -615658391 245909468 1018048349 -1069693812
1644659580 1137886418 -1658396744 76481109 1567871136
-818832463 1339092789 1928328619 -1925071895 123182789
517972849 1552826212 -1980775985 -1109667415 664658505
-209066990 288399230 1475104260 -124714607 118065676
-769064401 410375619 388911330 -746795131 -1720522070
1381664004 243937541 -1877813971 585915525 -1237541631
1667802072 960157590 -823561291 1707274009 -388043326
-2038570088 276026913 -1886188276 317521729 -1849981102
478670590 94896130 24792091 1808414696 1558612799
1592609937 31714338 366284072 463821937 2018186147
-236745589 1806069308 -952677194 -592566724 1761646070
1686518556 373762027 1259480219 -1736459151 801425035
-211140603 1261794696 1759946409 2126706294 -1240804487
672161356 -1810979731 1584074811 1270779866 74741294
1102521988 -690632678 1731470331 -1087431357 -1838472474
-1482941933 -1203401339 932859213 -674254865 2061429772
900297731 -1590055218 -227395188 1221467195 1575661370
-1253671833 1883642360 1476447911 -837615969 884297743
-845634025 1782574293 -1143619075 -422390028 -1887295014
418432568 1099821512 -55503172 -1326043072 -1387664271
-75902278 -617012741 -515179924 535703868 989553148
-1690643280 -1666789862 -928289957 -1367476381 -1014853561
-27995784 203453223 618522512 866102573 -1441506618
1930625794 251809216 -1827613407 1024209846 326391068
-1124921231 -1220582948 -1266798080 773822959 -2136332025
-1341651217 -424228439 2059300919 1871356570 -816518127
-1890767963 1147480564 -106905076 -317306839 -1503845168
-1105165255 -1301416210 1288464861 69476169 1673121177
1354852808 1591815008 1025695090 -2709802 -779283038
891260412 709950754 678282066 268501168 -2142832038
-1951629045 758980576 -419184115 214920931 537075537
-254095537 -1200283885 -1346440057 530060702 -691391017
1304728867 -758115990 -879575873 2052262691 -2123917724
-1232355024 1799592034 -1752809014 -1877996965 488678340
-1493692929 1627969084 778858342 1903851500 1052389491
1370257243 -1457485895 2051898928 1070723700 1599197357
356216709 724107971 -842407755 -550350504 777177245
285833663 734639902 912303556 1343199363 422975871
155398327 -1381945790 -2006602686 -1175397007 -1735143713
-1443140213 41997871 702507925 -2024379854 -801141009
-704980296 -32787288 -326714860 -2146104093 546146056
992701620 807808322 287957410 -946227285 1836571854
-913804658 -682922017 -1368253469 -95930527 -1566068148
974860432 -1540309673 -1483882917 -1043507273 136018509
-1622408733 -949908025 1394150929 -22766424 -246198129
-871663949 -461325827 1803494999 -1014329554 1533063451
-287855262 1178151874 1136437562 -290574790 584730780
-2004083051 862294694 -672846995 1699934542 701885117
1148734868 -1023095748 -793529442 232168369 -812925089
388418647 -1815541002 1346563327 172282650 -1715184898
1556829761 118897943 -883829528 1745776668 1460509756
604747909 -947417789 948394013 -263128487 203771854
2084732094 -1671867698 -101582086 420311213 -1426381896
-1346217735 1542235701 -981265225 1425521980 2032876801
-1988417420 -1572917255 420229271 -1009275016 -339198108
957623097 -1324386804 -10053438 1839280515 -1106862287
-98140027 -508299756 1894878583 -1720866300 901733267
-1876502142 2115504048 -1235536879 -854492088 1174982694
1763725355 -705367961 1286830516 1761800874 1777811719
-1451733995 -1356376780 -458746737 -1646721054 1079758245
1813551128 -150333610 117545965 -155671890 989199589
1548139276 1327410844 1008885737 565658484 -1712986749
60261110 1162219430 -225193659 -1383992113 -1110696131
-818559546 -1202928111 -1313870374 598395866 2111566537
1976939202 1914030380 1847794750 -1847668999 187768912
1300777002 1629815550 1394658896 965975397 -517426650
-904439571 -109308191 -1485300211 -1146863211 856066395
2127814129 962186121 1161963787 1087033232 -399117290
-214487182 -1034599491 1875289252 -536362985 1718502744
-463206547 -906142839 -498650331 887008570 949874984
873131924 -1846904873 -1698058147 -1064600117 1410398667
-1126459355 -934635048 -2072884468 432169159 1005131746
1227675135 860264257 2071745836 -558115033 1033214624
131411920 -1089596876 2011678042 -1836340080 -624013461
2009012625 1090672390 1998987397 281018059 -335943019
2105006260 1740185187 724784058 1876077046 -1576573010
214112311 -1195296736 1348373525 -1202728720 1012138125
-309977423 839657515 -519907110 -2136371068 -532506452
-1972296601 -1660235053 1664253373 1846353717 -474799445
-307896366 -1985774144 1566153187 -2061027526 -1784490166
-1428718362 -1899357623 -1990949572 -1658871628 1863980465
-1996141313 1968227933 -1830860636 -1377312047 1486432305
816550141 904178054 1220146919 -1535829317 1946542422
999511680 -1457086636 791677580 1219819063 1210010490
-1810823447 -1326548781 -1549882379 640340282 204002410
1140220277 1610075296 1816953908 -511285011 1884368817
1090445227 534339866 954690181 1241485139 654278889
-1862025162 -452086881 1078622180 1173319097 -581235209
-1976934257 1692833483 2027466683 -411752776 -900878038
819242146 -1747581733 1886519279 -90208800 968780929
-1292378650 1498266131 1188790681 -898756127 86354695
-791601385 -1210085224 1768629148 -1553817379 -801404815
-1754840212 -1097003093 1988553314 -1332577288 1718444056
-2128379505 -712531922 -849586647 -734650214 -560594991
1588019751 1112288732 -521731071 2042213941 -675441547
-312005979 179269007 -2147433209 -46161365 1423594662
-1981565865 -289978770 1704012879 606459941 1503401906
916102687 520660431 -1395158260 1223983965 -1724819943
1100590197 -421145249 1901176617 1411381096 1744820350
-841067090 1807638233 -666435372 -187681329 1243545121
984798394 1134209112 -255047493 1128261087 463114362
2131072232 2108755308 -1380935561 -1823954398 1872861158
-1296578794 1591154321 36380336 -1453868453 -822444810
-331385666 -377237952 -1593734717 -133160868 1870148883
1198898141 1678915917 2112908912 1587877340 1281447370
-2028641406 -25314743 759574047 -1574007387 -539776468
-1526833427 1299159669 2076138492 -264693537 1692770887
175014514 1875723425 555797682 -756205568 1688123428
1064487445 9256741 -489747848 -620418446 -1077960861
-189605146
