10403 384 940991942 -1442287410 -793816660
1434453768 564194962 227397313 -415803949 -1798614797
242533984 168096465 -803734690 -892069097 1630800511
-418577526 1141737554 1177346546 377830846 2072766063
-1966158323 904277485 734256960 2106303559 1965805114
541681495 1105403944 933668214 1696817184 -1566622267
-1424690561 -1549448540 -2120595559 679296134 1822814479
-1883706489 1959860120 326547861 -889189325 -1084217590
811084580 960075913 1399144432 1600295064 1481278414
-73910880 -528288893 766536812 2048068065 695896984
-910462954 1382357133 1616021062 -653147863 -1314348293
-105232267 -421051586 -1093082760 1794953081 -1195631842
-1190273602 -1440047071 -1694609653 -1035829735 321181312
1182477485 -2140445006 1889804873 1235996025 -1306728467
-1545273703 -436814413 253246197 -1006179611 545378918
1199132585 -2120521872 -641474156 -364671328 233384460
-1889397490 1017278019 -722738299 -2097450769 1500571214
962636799 502381990 1038693174 1832570897 -567087595
-1057600513 -677531270 922432813 1865949544 -1501877701
-1335014535 1911656249 -1804504345 -251714552 1368135621
-1899204189 -1351532335 1754941691 1619244299 150057540
-45156349 935359612 1820279064 -1869538433 266692641
-53917042 865841059 -935660594 -2007908325 2091040549
1460402713 1705004719 593967646 1195207769 42513599
-467496695 1034648903 2078173338 -1055299175 -1560221250
275710246 472259638 -1360137754 93213706 674646151
738091303 -754250792 -759528046 2094048304 -2058655776
-645832762 1705115432 -173838808 2144002765 -1583318508
2043267101 -509244791 -1152495337 -122299342 -954028948
-1978063073 1143420863 1553130798 1064956305 475275745
515848111 1029619173 -1344434657 -201745141 -960436727
242142076 1743655480 134193124 -2058741172 -596830748
217374140 2069839163 614396048 1776702947 568049447
1314188270 190944359 1503628276 1263187365 1492568728
-1102515710 -1749804826 -997663872 1452371478 -2039534612
2065964557 -441348284 1964403509 648706266 -2013755114
1158274804 -1406325978 1806656984 1952148951 -1766833983
-1840462449 2015184732 -1125273068 1449846460 -761429621
1879397811 1418481850 187730195 2079773794 639848422
-1093715240 1720943308 -1922434041 -1455631294 -1251044191
-1328662094 1362221624 468647539 980649022 -507154149
1878208490 -1559967856 -1851390289 2143834855 860829304
-1488211116 923756085 767211947 1015197992 801853556
259729572 564836193 253591826 447148125 1150862325
-249289863 -1045543767 -1320345848 1796746253 -1967225935
-1971949897 1443413916 54818710 2136532870 -1287498041
1611699484 -1578146851 -1422099485 213854390 -1135418628
-1798516296 18123798 -205466035 335950197 1933275077
979784513 1197251409 133138033 2078973356 -1156608609
-618861701 68195131 -1699767693 -493601836 2025723675
1326522232 2037978667 1034673896 -1121001679 -325853647
1137192752 1410411216 -274179528 1674547011 -2120998360
-1170520402 435615507 -586277203 1257633459 298416873
639435308 -1976052207 2029610957 1872383584 -1772044327
-656912690 -854703090 -879802562 -1242007079 -1409771414
1770889098 -802072196 -2101319072 -1439679193 1815118322
-1699723850 1620877757 -357807525 274347066 -2001940284
-1158172033 -634305351 1762120458 -702422808 -1650566004
-1740723589 -928475642 -1626288673 912608125 -1555487713
-2006082296 744787261 1011676395 934189948 -2103645686
403466392 -906322750 -834218282 1092425267 939972097
-2091980097 -1103808553 -262575262 630590110 249795594
1963909387 -920519207 2110166058 498310917 -711491430
1827113309 -1286541061 2115484717 1608449566 -214498348
-1762520303 -1222945867 2124710658 317375449 -1886653239
722411221 1831838545 2139899691 1601772533 1139554426
-1593246481 1443666819 2068953953 -820754428 -922599098
1903899678 989873525 -1360289886 1675977197 -896105853
-587885974 667642422 -71513483 1633264716 -83505928
-1015185484 236008904 -705856592 1184650744 -45808896
-1718381269 -681931266 -386966891 -1590394640 -1151573670
-678215340 -924197418 621223402 2113047019 556440477
1151969870 -510002164 2129069640 154453090 801160328
2006463826 -1810526620 -1764733406 901729677 -1955437710
1842414083 -1486295911 -2031578253 1813942329 -632339918
2138753786 439295187 -576263194 1117860686 -1750667666
-1934712470 587723262 -947579273 2056431339 -642995435
291580844 1363240163 1495272427 1553979261 -1827078556
1808059315 -288796722 194402532 -857558892 -909805117
2053751289 -1340489761 -484565680 -1347314187 -154482242
-856448502 192784226 352633812 916830474 502582097
-1561384065 -185869740 1019445625 -1345981432 813120543
-1403198677 -1369767661 -579620883 1708362866 659358953
214192378 1874514594 1775775672 -2080848977 459631120
-2097278423 -1432567128 -1721275197 -819054479 -1476676696
-1324753336 -57860125 1900240876 -1057854042 -101821922
317923375 -1580801822 1955718282 -1264163554 1790730057
-132822549 -49940230 1018983507 1038493122 -776216120
285706893 966111557 -330420529 -426459104 -1461821477
-1800317809 838501502 1119071005 -211640354 1871642297
-1171443398 493132729 1904848248 419847848 -517363194
-408190834 1950920133 261510223 -1660334635 302487706
-853412971 -487157405 -259638887 -486547836 1858673136
-197562599 1404897516 -793393550 479610857 -945670501
-2054330441 520711553 1576645598 917890747 -200010860
775000607 868622022 1931440333 2555915 -1129733753
1894240765 426943968 -1097139419 1736848619 424107766
110503465 1384216516 1971526438 -1166055506 2120198006
601694786 1184576632 1110857278 -1798617011 -787336485
1618921010 840677728 1962418843 386268031 -10255767
894007227 -632273193 1388636920 1975940413 -469278028
-518467401 -806989509 -840158627 -1906883729 405133609
1594803566 -532622831 1460471716 9188421 -808793967
1591763009 703385402 -301263862 1442150137 -138728656
669241889 2070101951 -1906505504 -124108138 -1258136688
430146186 408243236 -2041620239 -1123833869 -281869134
2140566535 2035780165 -196222730 2014166504 -1711569002
-1471415133 -26424395 -465956066 1151294607 -353292141
1456217440 750303086 -1772540996 795600396 -319769145
-1783913881 277545915 -2029945075 -2103119439 -1037739033
-337438511 -1938633930 1491120213 299317471 1879983624
1913532297 1951904162 -522264375 1546758619 801230141
1884984724 -1091398607 -1865680595 -1748041677 543182720
184661637 -603309837 1496591088 1688651106 132061645
1982319290 -643036564 -1581337473 335813568 -853193915
1662275698 1791046498 -400687140 1225998041 -1302802894
1754963123 803952872 -968024575 -1861835740 -1574463951
-711612114 -77925553 925934683 -1883472690 889968104
-1761812641 -1264875538 -497845581 -812084774 -71549754
-729767629 -698180096 2064221368 1863059010 -296112011
519863393 864925023 -1426860644 -1649826512 -548052289
-1179590181 792513379 296404927 57331810 559236431
575313832 394309467 -1274414246 140344608 -910667534
-1903515338 635964508 -1048589681 1061729311 -1895363671
-336127527 1905248731 -2030322362 -1929767848 -1405115588
-205869290
