10403 288 -2135540496 -1211840731 78754384
1356150467 1635525046 159903156 -1405281563 -1574292805
-1657464314 2113876452 370245486 497568271 -1604838199
1537664643 -1607225493 -1715016439 261714944 -941174017
-1042742875 1087656009 1412914982 1484269839 150464873
2087705601 1950155285 249718376 -1378151386 894355629
221250354 920388428 776739757 -711991947 -1822094188
-1769655842 1444124610 -265367875 -1879558452 -227206769
-1045629128 -989657840 1837536241 12293474 -152722441
281995714 800837798 1411922919 -2003996888 1841548227
777776488 14373804 794568896 -281757077 -1424142469
-334885534 1414998935 312110871 1774859288 -856501438
1008220061 1142199628 597099922 -1597520477 -287713278
-475857322 39064223 -248742539 1217066038 -1104372708
-1574591431 2118296362 335656210 1276332818 -1363951299
-1488318350 995165340 144127362 1626557672 30946204
1048131139 1779116808 842409390 -1109336481 1835538528
937726436 -220892134 -1583106772 -833338168 1790004414
-1674716665 1405879743 -736787708 -1488787649 -999799605
2002481827 1549997769 172465559 -507193565 -2059448275
-1481976510 298562217 -1728738828 353242029 1126553373
-1917073834 590968890 -2105273217 -941979867 -905131188
878841845 -1797879307 1413119610 1344836014 -1251634982
-385854366 5989003 470423911 -1360951147 -1983248256
1997625316 2033541152 -2041602506 -1435567972 -58767429
2004537744 1602988906 -346740326 1036289464 -1354527585
-570693432 1217391694 1488660943 1543450711 -2073788201
1847059060 -968582617 681876291 -1280537198 1458184884
-1280302114 216801305 -1320927922 1632547631 -732960714
-1205192578 1100012051 -572950787 -647802375 -1307288860
1538583576 1807076469 733476107 -742421434 -945120235
1385689449 -1124057357 805648296 386282766 93546974
945729769 -1914229357 1563849702 -1850703903 1385888941
-296314064 1700703853 -1711877649 -1349606797 -571044629
2068455365 -1756454683 -504276534 290111328 1974935643
898121562 1047516471 -1288292154 802523762 1469911657
-2092956309 937610201 -462699662 1425378523 1322641596
-2076919545 1086933992 1650082238 -996670205 -740753142
1680473025 2096427760 1946522552 1155914476 657178094
-546550398 -583749037 -1690042710 1364356445 1123487871
1010713854 -325725937 281812054 2146923788 1025195441
-1927059738 -1790168712 -335801177 667457618 1123720368
145145409 -1300230437 -769584682 -552666756 -2124975411
1546105606 339672494 -2006275830 -337412764 778944644
-661531879 1125503804 177585678 -1090100946 -1165428618
-1255195693 852951354 1576069885 760714490 266243362
-744187383 301484672 -626272653 -1816019343 1292874915
-162346853 306998543 -762159629 178031565 1500950872
1619814906 -918210927 -154229301 -703633205 -1520328977
1170495054 -1291916132 -867192781 -484766713 1092645212
-375426817 2016934563 -1116488473 -1394563528 -1215221309
-220242219 -1722689374 -711206595 -1977609263 -848952083
1349054659 -88818339 1948982788 367648122 1034742588
1567504185 899321184 -722569010 510748234 -2122283690
1989322687 -458880953 443198868 1064545678 870861218
-948110086 -135549255 474414388 215018597 1461807421
1276707910 -664924170 710160702 522343557 -1954196529
918756973 -206879461 -792629222 -1199039566 1521612954
-531086260 521446726 -706642699 -1042070372 123383954
1638524505 771954879 -70163295 747656736 239099197
911366245 326955195 1401481797 65394430 1082527103
808166351 -879345991 -1869092742 1029438365 1763789431
-18360935 290359869 1141306373 -2000644282 416903751
738567799 745594603 -2506226 1838526220 439853560
-2029272467 -1372545742 1404624808 -1048452931 -579322702
1864317987 1896846718 1646284505 540030800 -183172733
-875701710 -301664900 1909128677 1447111074 718943683
917077117 755781025 -234882264 -339914761 -605166591
565617028 -1226143190 -997677159 -1399032077 209965704
1055387672 -148075205 39655876 2102321431 -1313659020
-623566584 -770976225 -1678289491 -216348446 -1211617455
403235561 142776432 -79340963 -149971932 1379484601
38855169 1644648970 -1207816261 875056087 -926545155
1089358150 -412629398 136720518 -348807320 -1324787500
-1852772716 -1521973396 1972508399 -1845588407 -2077619851
1833416221 -424342423 2024602255 1100561766 -84094140
229921958 -632969332 796867409 754402508 1051085736
983404087 914550301 -365901437 -1560755162 -1047513864
1458189246 1018703035 158061943 -2019714491 1373941366
1943648121 -1309814683 -491682747 1256019750 663587546
-132717300 1502530367 -1222872029 -628039996 -1064406907
686396285 -1935895382 1603382931 -737889645 -1846274061
799322677 934183000 1237042176 -1045296564 2062010
-523738005 1795155589 718870629 1089782326 -983342474
-216551762 -359882469 761774082 128903359 -157577369
2108226816 -1698091385 -2042116870 -500797988 -450025750
-1231953324 -977852299 -340452616 -371373659 -197838504
1416516382 1821602187 44885900 -1795265271 399371786
1693117275 373124672 -1020874488 244296342 -1481218146
-1908254494 -1079670776 -2143351089 2030955371 -214104169
-522727655 -212963934 -128672977 2126673847 1667586211
760632473 -426324423 1923117760 376008450 -637287126
-624881215 -713165903 -1111014534 -1579272628 -1460510487
1143241626 -1927822928 1301015480 238779323 -197587190
46235148 832909388 788965166 1879734550 878325804
811663887 2084533464 68531115 1352803675 19967346
-1497602879 -1420051739 -1108762871 1450039486 -1460782031
769689804 1760011266 -1209398659 -653422887 1962673989
128427664 -2118260225 338567012 -599379007 -1283824250
-1119597660 1347501343 1133610463 -428125969 -300528933
374449087 -381038397 -2051451363 -1803605299 -1597501283
-827951042 1663695709 97078028 -1091083714 1631870316
-304729813 228799915 -1723724676 -1294351899 1576329095
2142963947 630126254 -1837398721 -946893121 433294063
529498437 1216946808 1799828376 -1413432335 -1430591385
-1367538695 -1477798604 1874545943 -2072523353 1338412237
175071245 1326550392 -735806197 227431461 88522535
-925528286 -1125325246 -1264580814 776725297 -2038093594
-487704450 1767660867 -1931240655 -1837222602 151792136
534038953 -931239885 1354796624 982863081 -618049749
422917866 -1501224854 -1761210194 2123613172 1098098887
927537962 -972155255 1405393859 -1854199935 -1185326339
1172644700 -1776393537 509594947 -981189315 2088147956
-1647276486 36321590 -676101682 1607467896 -1720755789
-1439706430 -1975247379 -2016835105 -1590821935 582435598
-1193477275 816282760 661717015 -1267194251 -228558717
487024529 -1454039460 -1619183585 -1468326150 -499500123
-958780561 -876488355 1184825752 -789979877 1595227232
1363181930 73416594 -1297419219 941197758 -1172804722
1879334423 -2067670704 -673380724 1778426766 -1992395462
-127474447 11916316 314487504 -1366757626 883293465
-1582954261 -543315369 -569201080 1230689893 1961620519
-1577367832 768793954 534679075 -1530797759 -1022063180
-2096285496 1250418195 1665537263 -1512733684 1399468893
-693029549 744577660 192802283 1209636038 2096042991
1250314590
