10403 112 746934551 318858642 -1839726220
1211158126 -1857175530 -1634022327 -692038043 613053817
1487143242 -1303450498 -561287447 -175589067 -549541979
771015210 1622216489 543754251 -767418372 371602448
748503521 -2096407032 980102658 1483636052 -1857464744
-1743412965 410020119 1986498795 -1583479391 -557412665
1801892241 -1631961350 1618789878 1413981609 414815076
-411924682 731445202 74432067 537468849 1624562276
408977297 -1997587677 272501931 1894107413 1927681738
1416146355 404185806 -950965750 -1030411474 778691584
1292042654 1302682145 -485634048 80335203 1558794700
-1451481558 -15839852 793884001 358679578 -1446862520
-1713199352 959684648 1746422466 1500159276 -1020279262
-878678149 1118708634 721291962 1211323544 1250196923
1186658660 1140664595 2055876323 -774332942 568941727
1483504551 -106669802 1874373895 1288675309 2005089133
-1434805146 983505705 -2044749762 -969198404 -587311061
1940077348 -1359843601 1500639044 462793046 1533967391
-1371392394 1249899724 1571889912 350136743 -3618107
1945634689 -926856053 -1344803495 1708024683 -272057639
1653134492 -568268447 2006707410 -1164021432 533547288
282261313 366160470 -9094569 961239185 -1716749424
-873437899 183973845 250359490 -2134889877 -1107168341
-148302387 -1666542699 1753296787 1037967670 221735968
1803198234 550500007 150250547 181489910 -2144015826
-445686932 -776214392 -1800666672 629546354 1042757736
50457755 -109169974 -155480748 -1988598640 1187510926
-1661813795 1348511051 2023001120 755654536 1413383470
769537365 1416901654 -1329132898 -1633821012 513914643
-2145031028 72461651 1687913024 665551344 -1917599596
-1389547684 -1468178979 1818520416 -505778684 -518284802
161784328 -120918003 1280797971 -562350728 591655524
-691903916 1020345850 533307292 1971506567 -685915805
1806029474 2039466321 -612959843 1207944047 219809000
-497410334 -944182889 313197468 53106082 -720730520
1906364530 -1808957346 1314254771 -1938240613 -300736909
1565560420 -420239784 1332130063 1360545612 1034341553
1107275722 -1072900219 2020032374 -1552917974 1591536729
-755646841 -108904749 1792437124 1971493365 -1012639627
-370855785 1751289286 391729780 491610309 -1904249372
-1928599940 -1655706029 1075577470 1250626021 -613628019
1549259138 -333743338 -713264700 1997513970 1302613827
-517264342 920254833 -39299889 -1944246410 1650437791
-525512757 -174244572 1030880012 267046309 -1052341333
-619941200 1263513439 1352350524 648969217 369842932
-1314698060 -1672894578 892209539 940704776 1207415842
-1396702693 1220590168 714338720 -1494441761 -680894927
-1995394514 887071996 -757211433 -1622241302 -288918446
-1630561172 -95926294 1379554480 -389945553 1819905856
-112269364 -1799732068 1781562566 455959340 1972361507
707681524 -773860769 -511694956 -1339449229 61483493
-1057501463 1040750054 -366001759 54973857 -873906043
1950703423 -1176552749 -744266862 -145932789 -2014014096
-1458230595 -1757584811 1036929121 -1434116116 -2064275701
-367178511 1817339322 612849504 357075116 -1584334256
-813636470 534980516 104966987 1681531064 -1743290478
1895465978 -196469275 -427392742 -1095952121 384499236
-2144397297 1041388778 -21812046 -341578063 -886539197
-229770736 -2126576674 1368103735 -326695610 -1249915463
1593637489 1380328670 -1840355079 -1276542672 631630356
-1266429858 1954686702 -913374541 1536464337 -244734780
-1876790790 -1582178738 646806517 -271786547 -1365139158
-1238442062 -2045896820 -129162054 -406533182 1949025976
-1058738327 -156064575 -1920785238 1206398994 -55356058
777331783 -1064154460 1420932082 1237801494 -1982558889
476980213 -1348028481 -630133991 956585609 -470348814
-608104210 261538433 -397204099 -890038567 1794155312
-491969849 -789145841 -66032539 -1188395003 2128055300
-1380035255 1664901204 119420384 1527900150 1805601103
554932190 -1843556187 -36893834 1788386368 150405742
-268864892 1635234600 -588700856 1795844549 -348936529
960105878 1268305570 2106804321 1300063530 1292992875
-1794845460 -1285577556 -19475451 -1640302047 -691486113
-220970301 1419044887 1359652867 -985839857 2107776861
-2137339084 -743580983 -502341964 -1453245283 -1832007413
870776592 -631722377 692235546 1177562414 -732306906
-1870189279 235327615 -1143048398 2077332592 301962689
491190272 1530361458 -433909882 382571371 1581241194
-1956778109 -1129973503 -599416788 -60031695 -141096465
-1573544307 -1967174741 1479981340 -2115610945 -1992913351
-1092040801 1621742951 1483986632 -1220937907 -68192679
1735430278 -1904725474 -2079167431 -1951254961 -170028245
-348149502 -157123108 -218705464 688888753 -1326980361
1149922824 1218495184 -1067667807 501335880 2013290892
1356628515 -571111109 -1453369259 -704218433 -2027563929
1538319258 -638246726 40705103 1189241271 -1654163034
-640478009 -1596174577 -1018607049 -852690884 2032333242
-1080927234 1733138072 1557387894 336901018 -855849052
969448967 1171867121 482695333 202597795 895659632
-541483736 1262635788 -1853755225 828226476 -198152018
-1052765555 -1079813010 -1819464792 -1695071752 405466394
2099995836 -2147254074 1619126153 1880666157 253905668
-2125453646 302079840 -2097811557 388700098 -717891783
-188712396 -1653481298 450068591 -636550012 1022229483
-2047912574 462244913 -1684521735 -712645952 -1208464725
-1036361343 350584239 -96597240 1761928983 1361821680
1251426965 347702770 -1181411764 -1636990024 -1402379897
2062273048 2106611589 -116252575 2098500803 1198679816
28193410 614266836 -902601671 -1837084486 -509076227
1328036496 -193250717 296882477 1778795712 -2051362480
1525198625 -767288222 -2024647811 -2054466098 1193871592
-888358163 922503433 -401529664 -1818190188 -850207856
-1776232284 1475980003 1046326647 -317504099 48564732
-1468383611 -1133033715 -25289624 -465075482 -2094582195
-1435202165 -1899435507 531047892 366848898 -1181341917
584522124 936102413 -515575379 869411556 470227847
949800208 320171494 -1624309746 -99689417 1042396295
-1716269307 -653424447 -1718994475 344958294 -32845288
-1223239559 -732078480 1661623816 1943870259 -838027771
-541412941 -461189814 -1769803223 495450565 458932745
-1556987719 -2089235183 -134596176 1109604517 523808020
1185401916 787634420 1714826772 -2113674659 -16800262
590753679 659035644 1268371271 -772971908 1661042823
-1459380217 -321158246 -2120295471 -568647381 -530287845
1003486292 224872546 1067384693 -1068658127 738389460
-1043024492 959796571 -1338386873 -916905087 -857218860
-751936932 1848262489 1027236378 1023071315 1944218795
855557104 1672179350 -2116004745 161466162 -674467939
-62962167 -892234374 -1419965599 -694674583 216923671
1450039215 74638145 -342818040 -1935945680 -1400821637
-884365803 1395709296 -1154557075 -915046 -1870936354
-1743646932 1919879845 -893193690 358388835 -1808825747
925474540 671704567 652815764 1250295848 379027207
1380485230 1139538396 608089193 1800949410 -2134232879
-1274819500 -1571201492 -83105772 -246893276 1106897145
246173419
