10403 528 97098001 -46780735 -1115689245
483833990 -1923548050 1898432049 995809253 -1259328072
-893794557 2070971304 -1694359842 1021481380 700264554
-236705932 -1200611161 -802933143 1522698380 1772808755
1624649474 -1195756860 -1800220269 188382845 853885395
1664131438 1484972164 -1535899892 -2052191596 -210963213
298176155 -1038750958 -1170286483 355270064 -255725749
-1034532108 -1987400658 -1450113655 -854378767 -1214045398
1436856760 1427986851 -1830201197 334146611 1744463231
-913082542 -285721055 796271527 -144431312 268057222
-2046576338 -1584707558 1753954544 1416397809 357303158
-155301572 2085794621 2136723166 -506192535 -1524154425
-782954657 -620254831 -1070981806 -799762695 1522692563
-671848026 1066461025 -1769831905 1597064429 -1297004097
-2114974745 -1608170856 2112956059 878977947 -705798646
-944038433 -1754427088 234818690 -1652312369 -1586716678
484565870 -1984702777 895544929 593619980 -463288314
-1620952883 1914150732 55903319 1654961507 -1765759636
986752927 -790383886 1450000034 1157762258 -1241532881
-1950024422 -569680586 -744726902 -2077178597 -1529542284
-1283715117 502774211 -1034688604 812637173 1453871724
-1535535019 1224153233 1486569691 1558450348 -1849584259
1197010739 1024166815 1734563322 620307890 -597557658
-1099572395 62148151 1243162634 1986648653 -336385298
1110228181 971547422 -337673983 -250985022 1356237032
-639554497 1171314148 2002328568 36647985 2048873966
-688956994 -31453480 -1066831908 298683698 -32259320
-959229170 2110713142 -2054730392 -1249664983 452510168
-1142105800 216222067 -475799663 524358292 -262029282
-447777684 1823781600 1593647875 -1497550771 -1005370435
1164986075 444639660 -1452983110 -1785570713 938390203
1113252110 618989281 -889464431 112840712 670363480
-1226708747 1296476914 1007534399 2100736845 -321924135
-1953513089 1267307463 -824112939 -2140654608 1248074325
-2043410159 1952020117 -1546074028 1314250591 -800570052
-53336479 1659209061 845966208 373229687 -836388486
900344544 -261954021 -1009201688 -23964304 -807731919
249866494 -1646031320 794346832 1115562538 1357226928
-1807987020 1171796246 -1247070471 1517753401 509419795
-974948091 1203244032 -136738649 1682380730 -2024241948
45546503 736316378 -687302060 151554030 1532485146
-1308541004 1350108383 -1606055192 547419580 867459588
-980427836 123070205 197302044 7926586 -394451629
-213788456 1240422157 -868483445 -651489527 1699790801
2009234400 1492598737 -656285113 -886008034 935171975
-665853420 -1296767330 49418970 -1093666821 1038833930
52672568 -768354415 802181567 35139705 1725974756
-1700449652 -1078245051 916555783 -1877807906 63944379
-1525436550 -1428357264 -351110417 847237903 -499986047
-469226754 823736820 256529575 868829143 -771540468
1566070358 1032551165 1594883939 68445156 2025449618
-1422164651 450623207 -295314239 797043887 1813451343
-1392616399 -1371166311 595621884 1982564129 -2114958103
-774729468 -1806265985 989027725 167499851 1648499609
1270764352 -26405017 1056725199 120595433 -1624682169
-406297481 -1582686572 1425638925 778307914 -768701552
1637759741 1133106222 -1129709206 -1188032419 1898924777
-1329783929 1167198961 -1062439783 2003688546 -141282277
1330354954 -1393218909 -1609056391 -2133726120 1995007035
-658536932 931647379 89615924 -566390021 -399479638
216077219 135992297 -719646785 -360259498 -1234590383
-434903794 -817054514 793290247 -509382972 1686610880
-1159984365 -447466877 -1871206581 -1419861370 1701483894
-1225455375 586282843 225926496 1934863304 52120490
1605357648 -193022605 -1286453645 -1283716220 1842074531
269395767 1253761753 1856473863 -115618525 -1036808519
-1195849029 -340222602 1807782213 298740323 -85981504
-1501548917 -1508766860 -1657929802 12473065 522441910
366067009 994185881 -887369310 -980553999 -1863097758
-1848616682 872754549 388709309 -654962489 -162495903
-2110772838 87175050 891550199 213475340 1085419326
-1021129581 -1382552741 -22978178 2105678761 -565518272
-48240178 777520960 1910296587 -1537969592 -64402364
568411796 848807981 1525778470 -1783335979 1420510367
261221136 1543684468 388095848 1463225231 -449374064
-1268877540 1956758223 276458412 1843198134 -1440550789
-986728032 847016356 -1823606487 185921314 1935343704
95226742 -253835460 265600402 -1300661141 -2073046267
-1356102902 1763253470 -860451681 -1274513319 1365982369
900804701 2106323610 1385272882 -399121594 -300229904
1831772819 749938449 -1912081058 1441815047 -803424923
258583368 -2046894634 -1059634446 -1064963835 739208922
1321302118 -415013958 908431922 -1538703118 603119063
-2082223431 861821543 -2122902603 -1833215468 729789570
1234570864 707799831 -272017876 -1256980168 757859553
-1902948220 973521140 -1318007533 1246413725 1394448182
144680251 -1345656030 -128253131 1746889864 -1482421791
741763909 -121963327 1942251409 -2139813334 -811472752
1426913644 -758759094 -1531848839 -1198514155 -1951343374
-1194434497 -1894813440 684215201 580570931 -1599531667
2042699841 134903519 753550650 1101272283 -659909546
-669923523 -1538776638 424655198 376181957 807922885
-1481252842 459647627 -1920612087 1629853214 913764062
-1634687828 -753847469 2136350625 -179950645 -1253034641
509743087 1358603598 -987404129 -1878065294 1932881035
1754358470 -391948856 -2037998329 550936206 -2018987299
699206836 -1927747464 -1229636649 -54792990 983353926
-1703685743 -1299548841 1483844105 -1429125730 -1628558888
-188384077 -1907332612 1775979134 -1976054663 -794860621
1830749223 -502516882 1653937035 2017090627 -2132956338
1155859122 -1556848171 -674103509 467527654 1495901587
-750805557 -2044790104 -1708128577 -541235233 -571789215
1314864797 1723878877 664011116 -1700204655 -1296900300
2095997599 1148534230 1142901445 836010634 240433717
985261623 1951690805 -924675079 -2020567158 1223255757
-1254043927 -309997542 1793230455 -1943578699 -1647196887
1673119339 1124123865 -1146948613 -1200559906 -1826046851
941416920 -982367576 550544139 -894846061 1423160097
342464089 -1393924258 1911497353 -754965216 -844369289
-29251110 1926983789 -613252177 283603723 889867810
169177663 1999923726 791543061 1904992486 -541751177
-1428361755 -659316779 2061180554 1381810147 1159079225
1011136075 -1952709970 529215612 -1772788159 1155504631
-1064923056 -1383137745 1178628756 -1030861470 -1693763917
-688598313 551232599 -1957800884 -1354586209 667443183
-370460556 1015780955 -657732902 -1223042102 -2088869912
-650829212 1227111954 2046020228 111332150 -274038484
-1917015641 -1458374110 -958392811 -740095959 1476372668
-805780366 -2095127143 -2093438995 314807951 846487512
981821734 130015963 -1098005444 234328578 653839560
310894773 -1490884056 -1854331276 -1526103081 -1474827458
-1855824572 1022176254 1692701488 1943830131 -496207424
742764978 1342661513 1762081804 -1400854772 -699910312
-840001972 233824151 445494672 474460945 -357055217
1571147069 1423422654 178966087 -1254553306 -1789763307
869900049
