10403 240 -1327076713 290318319 1373092594
60238070 641026491 290673398 -195087152 -1754266981
2030320160 -1918661344 -595009101 1073771008 1993294261
216321561 -89103579 1141073195 1254884147 -983275328
-1260380170 -261011733 -1428765700 -2008924115 -480923290
109085761 -406453443 -211372188 305387236 -1754661892
-427773809 -494292408 -769880935 -1018546594 -1431817664
-778047117 562059321 1465429820 -256869507 1938195692
-256420426 -110359799 173127691 -2057091586 -785956841
206546530 -489165298 -2129552999 -1616043056 -961621
152827713 -1210700290 715786363 1778350831 -697309760
439660252 -1516512159 -529474147 -136058216 79200543
1667197151 1476661856 -1242247744 -2143531558 -1045904014
-115520694 -1720874403 -224140193 1320342582 -789139773
-2027750782 -1424571417 -1400520913 792430460 199599802
-664684998 1946709364 994622117 157630708 -2028862388
519216895 -906035568 -1554275117 -806955060 -2052262120
-624482157 1543594605 -493510757 -1740878702 -542512847
242543278 -776675784 -136939783 658927485 -958225281
-528181572 1925667799 -606672230 -1961372918 1143980961
737565950 -1549785552 235344619 2114019873 831013030
-1888274641 47270239 1840337703 1689227271 -1424350573
-327618367 1566828344 163573839 -788181988 -1183056501
-529206948 -1748609104 1855764383 1463698559 2097802506
2059204657 1036991512 915394853 1043551236 -343866620
1457976237 -828604270 1672882805 -311573183 -80052830
109868243 -2001245710 1052882501 -1232098006 -1741977210
-354170115 1738750112 -1022368877 1908775488 -1778071513
-721542468 1064684654 1291330677 1692022036 2083394394
359810102 599860247 1565227330 -923687775 -1413935551
-303374434 -953951125 -1095160853 -805812378 -1210857515
844485688 928382353 436772180 -770121599 394428864
931966582 -1617360243 506407242 -607806241 1957342746
1859610499 -7847649 25514840 -884313955 -908851728
224746238 -1505930415 -1631054279 -1208013884 -807338436
1275446279 -1378548739 -1994041007 -1876587733 -637911965
-928544364 -562140192 1857747059 1360002661 1365653994
-1525999135 1881089422 -1652193857 1840279260 1009539418
-1118348974 -1406489093 1037060695 -210976955 1194240438
1875587640 1090493449 41808933 -1200984036 809736904
1733703705 -915069033 2115933888 617079700 911037860
-621310090 -1342159508 -866066134 480061489 -200738686
592113491 -1347224791 -1288951443 -675077654 1387383344
752579209 -708709019 -1227313177 478189688 859420866
-1453747189 -1438556713 -661333611 424289461 -404725280
1764618866 -594894569 -1165108889 -1114921790 -1983945179
-434271613 -478539870 326699454 283739494 -801719174
1416906696 -1444650185 14651620 -694888885 1209352928
1351426814 1872597597 -1172527335 824188980 -55726026
2094423060 -654625823 685180332 -558292564 1986371718
-314373991 375247068 -24654524 1053179522 -902736504
-51290220 788133142 -279379535 678320783 648870257
-113628782 -276025966 -1164606290 -1162630056 1074805735
-1549180859 -50012381 1413811755 1519147019 -440625259
366760724 -192542759 -948664568 1006111210 1504844905
-319249469 -1335336111 654707428 -905471535 714434491
1104134953 -1734805613 -98899218 -1351654718 -1249261016
168965333 -1681446113 1445093404 1772505313 502246062
1386134554 -1021122272 -655639686 852530690 -667000619
1044645064 999249538 321115620 -1021421360 1000242327
106822072 -347901590 1743531070 915871428 2104483972
-917658202 -62344749 1826754507 11524615 -1551340981
-902313047 483782804 -1289015943 -1519457174 1348032472
1631481889 507932179 -1468918366 -2082958130 2065660799
-80963472 -879946160 -135512198 1221366740 -1258510733
131138515 85833823 -700498396 379002762 585356227
-1607128036 -1761456367 1448319737 -136245480 -1498503629
1759004913 1328334410 -59572433 -928058021 -1497391431
154796679 -18137429 146181093 -1313210817 -1149994444
413805728 -525981848 1417941310 -201277483 -1411545807
-1797763961 -1257848278 -508754089 -566840038 -386660862
1119603662 -1022900429 639043741 -113255679 787130523
-402243446 1470772128 -1807989632 -1059559719 1376710122
22441399 1613647058 -473396670 746886940 -658091197
262031486 239356884 1781629263 1783498986 1796018266
830766509 -2049561278 830363849 71122201 1087674056
-2084510243 -190232222 783608514 269393747 1105996126
-1518045793 1495494179 2014882929 1735384148 -1638024130
1552488097 -633522834 1922416276 1873705336 -1385991239
-1943958810 -638754680 319975302 164977100 -523139711
-17010813 1622610079 -168705201 -1312424874 1443343843
-1086169199 -222617030 -478660639 -107341798 -1485889187
1514337893 -410073773 -911746211 -1860267815 1697497435
-488371644 -915708552 -1720054868 2002001412 -1282071185
-1914813460 -237636156 -1656946140 -2092833431 -1250368433
-1802175307 1954918101 1328424817 -4998948 -1525788394
-1003477438 -1246053813 -2033849371 800307692 1118140065
1028993798 1268156301 -812381367 783478019 1401415050
2145566471 -486905808 -1404829357 875252225 -215211616
1340653572 -1718594544 1884655835 562874180 951408278
1545888180 -35679527 -1685265319 2003939400 -921127583
-335713708 745832840 -1631213958 -219474382 -482034518
-800314950 958717797 1273971802 2138156194 2051131980
-1094617138 -746428622 -2079948515 1451171382 9273866
1752791601 -1056355407 1205505848 -973574100 -336608576
-34573714 -226880827 1359403950 2138456294 -103120312
489720911 536179092 -1920683688 -65938993 1706158416
2063587431 835913631 737795903 -348005404 -579546269
1150017504 -708457604 90591939 1557632517 -936951138
-1525927407 1598764127 -228421849 -1204326249 1520011837
372593465 1904393114 1645465415 357596539 -1537384154
-156991683 -1138794453 1370385844 -1046597147 1977105369
-473211010 1498039636 -1944419050 1473387338 -1288411733
1344187200 -929860096 -355666162 331861395 -1421933612
-2084813125 1843339795 681064000 786761357 -287809585
-1669576499 -518253527 -918106881 -588081655 -1952066204
1837443673 -844642532 1152431954 1278203739 -1463740496
2111721347 491107503 391064874 606063064 -334207060
-1967821807 520266249 -1166064112 1305490411 1357850829
-1518010964 1828703603 2097702104 967268634 1882025593
-837914845 -462284185 -1748016812 -1862978124 -1342623252
-606775121 -539675717 -2049188818 1089538161 -2039416849
1774379616 -1453542184 464664314 895922626 1442500179
-779634796 1045164177 -606420449 1257814500 1466506903
-89100888 -1822744101 -1499782045 -424527005 378873619
949429362 -300077048 1311707723 424424016 481539130
-439904518 -1868538604 1081058072 -2046251242 -504305100
-116348524 645896556 -1052057038 359864579 1928558022
-24810213 872493347 -431280004 -1501460531 -1781639960
176328141 -277824439 -6481787 -675593514 1969172785
661555363 -807275940 1884566359 -279653356 -1769345692
-1331202055 425948866 -1639521792 -5433745 -2144742465
1009124982 -961278540 -1562524692 927059954 162070941
-875767847 1465534537 2056517816 763542305 97464604
-237805046 -896825674 -654971895 41756536 414766324
-928064424
