10403 336 113261583 -1570447685 -1501758402
-506285420 1305874036 -762913830 -960064014 -1120392607
491145921 848886046 -506368120 -1800500067 782103623
1263793634 -1811080204 -1927193727 -691917566 87093755
778716411 2100965707 1073412899 1668680105 148140734
-1975341195 1027106640 -839454917 -1391440763 -1750030720
-382647007 693673771 -1318678197 -1226419865 -1326728754
-1059455313 -1249057677 711896558 -390501376 -1690721490
720393724 -97961814 1939521885 193604534 -332794092
446719803 -550819067 -524124184 -884154075 28624369
2126893902 1117451230 248735815 1826394789 1578543816
1825753548 1862197398 -1991002789 -1488504312 -1755038894
1880002383 -1716621266 -173152248 -899791251 885026420
-1756333218 -1796419167 1378888606 -1538566756 898180331
1376826792 716102707 969200271 -152026836 -688227911
1679517953 -748062572 117339598 -1584734110 247064395
-827367288 1207573115 60017858 339142245 1790397435
1936096031 1564944102 425215211 108357536 1933499492
-1988690289 -1889104030 1199442797 -712867713 -2132223463
1852311777 -151892269 -1453022967 297994024 918021789
1499290617 -733983321 150691857 -1908687564 -1639866484
179534529 -669714602 -1198290756 13563505 850064572
1639351922 -1909151625 -1909243154 1307806795 -1378954060
922747443 612114929 -761841610 -1484648506 -1174528917
-530652304 -1668490902 1706007552 815745434 -1942885707
1516123497 -4171237 -1956657779 186659163 -401159113
-1918296583 622709921 11880305 763703716 133608360
-1969968161 -1105595902 2071670968 1232638276 822529657
1612025942 -1671236240 -1996543368 -2061765002 -923140690
-2131701637 1363806395 -1848122596 -377136818 956799977
-334536773 522186603 -1492390932 208029817 -1536302821
791203078 -1553633224 1261701908 -737588737 372185846
1112792232 -1202646347 -1036107132 1855549612 -928856848
-197065709 1136421255 -876549180 261883851 -1742175156
-10555009 -970844007 623734681 -1005371152 878991741
1103569208 -1558449571 -440086430 1598763119 -554663659
-2060821296 -292470532 1223182422 -589156558 554372590
1441476993 -458008638 -415206739 -670205826 -1629607159
1186097715 2029126488 -951206938 490131030 494374534
-1415620776 -209716878 -989494344 -948614970 1015968191
-1155288585 -1505752326 -948964111 213755516 -1574144743
-1694096854 -558216786 -957023160 2017434561 -336993248
1575294275 1078546573 308833307 -308579502 -2103522644
-1405298402 220853769 310831458 111447772 -915924715
912592663 1242277292 1625632719 -1965516539 570586023
1351204577 284045148 251976277 1307764096 1072423797
646344002 -130207094 -1379956157 899063306 512100743
-1547659581 -1524943916 558097728 1888298620 -1297634254
743035337 1836107349 2076443660 353649251 1792851662
-1266923315 1316915579 207349499 1505417290 1404099840
1629576922 1109601344 1917560441 -577214288 -1659906958
-332343915 -1637932002 -1662988412 1129991278 57827039
110204335 2040256193 1334816211 -1648842891 1405542380
1859143986 -106311026 1629864049 1875582524 910425553
-1349529864 -585172110 -1706226650 1382095268 -512694617
1601884827 1597788053 148410715 -1275730516 1192350319
1455074409 821260353 1426505580 -1635554538 -247412031
374114744 -800822442 729098931 1202555247 719574367
-850137514 -772087740 370725243 -1444085255 1968369751
2076377320 647958421 1131882687 -1803624276 -1379587280
653693739 -1662067130 663909017 1735350958 431774144
-1595244893 191261610 1512259996 1590360643 569951339
-1697699419 1820326249 -424272806 -1948930311 -681701619
1384351541 1636374203 324131843 1818115255 1432099807
-1079061429 1049258578 1866687203 -1457868802 1236269502
-1011829559 -282285966 40448334 2019946749 583977063
-1544301956 -1709508913 651717621 1959833584 -1330355619
633525920 2078764372 1900142495 471135831 -498664789
-746763725 -841066242 -1156159209 -2010344962 -954870773
-531124937 1305631931 1858117429 1256818514 1620508837
767732303 -548295843 -684277736 1191455788 884439017
1333391617 -785073058 715131402 597737453 1080436623
-1761041033 -532089946 35060970 -1297338206 -674328203
752296671 -92447361 1166823267 1083494226 1809671293
878964718 2003177846 -459634159 676398388 1772772236
1936892535 -1329000360 -335930563 -1299981882 1856069837
-2096996570 -1869742595 1865524854 974329108 123205580
-759466817 892731769 -1020404881 1511140996 -1600423469
1824863403 -1201525262 817960436 -1896528328 -1248174154
-2107336930 1956497474 885429449 -114189812 1516832608
1625854401 -1575007489 743611919 -1787291023 1418239316
-1729524020 1415403947 -1812729136 -1471795332 -918867511
1441428875 -656270835 -234464712 -416752852 -809281114
-1649588704 1100391780 318737026 -456298530 -586431900
1108246152 1563097077 -1893117587 549222655 1563343360
732355715 -1446227270 -1080095198 -409860521 -749212618
1351605594 1712574685 -1801133561 -100766772 -1682479031
-1329230738 148455540 -668325339 -1426131752 2127461041
1897456652 1584531026 459445266 749757023 492025013
-1450440576 -261145069 364656240 -948599016 1799611759
205910884 -528707675 -925917914 -1794043055 1705798644
1556721960 311878513 -1947367890 -1394554577 -1280639671
-1063205491 1884936535 -458328205 3881581 -824479806
1743169164 341034227 1030651316 2615839 -726847756
-1117611067 -1324387635 2081504755 -2070113055 -1118313230
-1501718309 226485445 -350031511 -1644389655 -1524958821
1460175114 1656667221 -1121575227 -585438812 1901464071
724268086 -1827667104 1760210990 -2039563784 -1572541642
-758229237 -1735885333 1086410374 -664269091 579072466
345485083 -1799419603 -397401253 -1449613576 1410199567
324149212 -248043227 482169630 1441087344 1775978165
853088555 -691411308 1467461887 16805409 -468501112
-841335421 -871686958 1316700334 1782851077 218536636
1019117742 -1620921435 111189813 -1640569053 935105501
1565771405 1492542570 40263198 -864331450 -1020523016
55901257 1776552760 -1790659059 2103994031 -1905456261
1551490534 -322031551 1454455809 105544515 -1967459485
1177102670 1233389349 -1602930779 1973135010 629309788
1145484261 -2067524119 822979379 1941716313 486141412
-1616794618 -1269103472 1789503032 -1544163076 -363815511
318956280 -1196539701 1890282122 990929399 -189619114
-1319858908 -113852504 -1009426107 -511785188 1084023929
577506311 -1623539891 -1414911976 -728290429 -824185473
-924631120 401759130 1796676901 -41266019 -1345597310
-1991536970 -475256442 915565231 -1482201053 -151214540
2138415703 -369368200 -1957879349 -261445788 636316329
1518204212 833849101 1612300384 -828074981 -117848601
-290621819 594920531 1732823399 -332506672 1927022246
-533229205 -2113768574 -1175436168 817641361 -537072990
-972584470 -185429782 -1970457299 1030059271 -1050803454
-1340695768 -644110409 -967188556 1236165279 -961949129
1500965770 930680043 -756211964 -788512763 825262292
114920164 -1212525533 1272174121 -1334667099 93518593
-2051659954 -15614246 -26795920 334165382 -951279168
1713678346 1122813334 345743085 1438799521 -707011916
1666790612
