10403 352 -1767115820 -35057558 2001980022
1490540140 -1212004462 -789015740 -1047610499 869176061
398149805 -999670085 723302661 1294752257 1299869357
357679435 174971974 -1125504396 276789754 -440712964
534748412 -1277916282 -1949230152 127666946 1466419675
399012999 865236835 -128989603 1486609915 -612975181
1645103771 -1032620615 -847233804 1119371886 85999792
1014604246 1424259378 1178947848 59353398 693509648
2133619481 -1946890983 930244193 -685492073 770921193
-2109634123 -21778015 -1498367785 1767188546 1570769376
-1025552986 335443096 -1509519240 -1911721230 1988168060
1935824334 1792325863 1666053171 1132291287 -105680791
691171935 331635079 661064399 276031877 -678866048
1439423402 290983420 433976258 220222302 1427621540
457425994 847405756 -734604635 384750885 1668709669
866241907 1207967485 1236170489 -1667166763 2122544499
-398937826 1490755420 1299694178 828142852 -477365468
-1959907154 1618632720 -601738022 1176939443 1127812191
1930189259 2039445445 -863714557 -600352661 -1044582109
-1686556127 -386405860 435905510 -549626248 -361748114
730622074 643668160 -1882727314 -564321592 1255651969
-574553535 515416953 124759055 1634056961 -440009747
-1467018423 300564063 -381053606 -745339608 -1382193298
1087750688 1928475222 -265131575 1531017951 1427425048
2006173863 365127326 1199798002 1754253025 998960037
-241481056 -1250921768 93993687 -1756621716 1415337875
-293153899 1438497702 143033480 1664988567 139297201
-443726638 -1537051619 1925913744 -386488584 -868751773
-1418546481 956623718 610789930 544140025 1531711466
-2138053155 998691331 -2092622664 -1322874646 -1929253867
961151411 1246276572 -1138305725 -717259918 -1921555826
-1437277459 787766457 1992865292 1983846932 1928920067
-596791504 729075551 1154761825 502941098 -2078421764
619373475 119319301 -1346439850 -266574327 -665289820
1414389764 2071602303 1951145683 928108738 -1961575690
-2123752299 -1552824034 2101244121 -112384177 -1403953492
871283742 -81090511 -1747011993 -1358454624 -2073016145
-443917514 -2035408278 -1271315095 104596365 2032616072
-1019809808 -705592689 1728734196 1328923627 -923897699
190318766 -1931706752 931522431 -1399117847 -869616598
1490916293 584692552 897456400 -648961205 1646086135
-279139362 2134939922 -2074695295 1508922482 1034856149
-1820325477 848798592 -310207566 1016040285 46977147
-1939104508 -809712501 -1951542998 -768564858 -137475595
621900033 2071432596 79947756 -1274858405 1272146232
-875857353 1923246281 1984897152 -716549705 -1644394258
139640501 -624418152 -1795679852 86532127 -1800939488
-1396316664 1062473299 1332820934 427816847 -1932801140
-1676184950 -74937667 1954221096 1175460552 -1437020357
1740357882 582519193 -1571359180 183184488 945075327
1533511376 110833576 159317591 1524045850 1370387623
-1660522208 619458618 -1757108655 -934586056 -1776808392
1763518231 2073237174 -1118671627 -1934885328 -1056096068
-211935113 1483312096 595880936 -274550221 993572710
839893127 -2111317516 609853218 1941405 -1493074544
1461175424 1242116883 -1349177158 -852651295 1565844084
385722280 -638741353 698051568 1447108712 198393407
664243465 -1334660343 2003233610 -102161139 -1680174715
-1343937739 402080201 1810394447 1365302175 1388836197
1904854496 -1052938743 -1924282771 -5364809 186069439
2038906157 1000047041 1709278725 2038963754 -1601518455
1488231237 -1312609335 1024080805 897175967 1242972983
121784861 -630442752 1480534473 -816392079 1810053283
-80695373 1384694237 1960950713 1204838377 -1263853406
595171373 1190022517 1476232597 1155541097 1100396295
-634033793 -1201111731 662355360 -742943575 1041082413
921742879 -1656650617 -888610635 1603641897 1047543125
1094964666 562420601 1313227053 -1031082391 1813717941
-364305953 -1035625105 722418493 1537914590 1854845106
-1880126806 -1850238379 -1395239773 1412409512 1216219844
600753257 1423302104 2092699954 1935580874 -1061164385
931355917 528903630 -235407762 359131625 338771902
-758777006 -203263426 2076456977 1800382767 548376224
-1472999692 -109682163 -1724167040 -1638142434 -567389278
-1947856037 -1577788007 -1314613322 26995246 -590182503
-54170858 1305068314 -733789254 -391573955 1330293067
-2146261608 -274181516 -2037610231 302095008 -1160588078
-2077642598 -1673778625 1551004973 1165590774 1229994222
1249134833 -1321518242 -321874510 -415824194 562187081
1920901927 -51414776 1837640652 1924243837 855347216
-2119813010 1520367482 290664443 645159529 876277238
-1281246042 -1069702919 572975022 1723506722 1502796906
56511013 1633789043 -723179240 -2135668892 -1611776295
520123528 -394824622 95124618 311689423 -585789651
1270633278 -940335378 2033696025 -1606082898 -1529025982
1841761854 171972145 -1085296465 1640585328 1093500676
-1385097779 1891612304 1063732190 -1612593774 1041218987
-1381496615 695140550 -1155041026 951055593 -196746394
-1361462742 -667127798 1496263693 1501080123 -166380936
-152362076 -1195562263 1154917072 -1808723934 -2027561398
1519629567 -1688083363 -165600826 1787446174 -1563097695
-538155522 1792557810 726367758 1339938345 -842191193
-753083304 -1319177956 1373843693 7255312 -253721922
707407754 21066875 -454891815 594647830 1487668438
-1759182183 -1990378818 -614262190 840788490 422394581
437145443 -323643480 1242114340 -468505495 461566840
-24459470 994268298 1750679359 1122649261 988877870
-1134411474 1983440841 1254254046 -368792398 -440936482
1999335729 -287516081 1351124960 2000157396 -844013235
-1098344128 -293661250 254918274 446475803 1068981561
-1721423274 -627982770 -157042951 1592327190 74698906
-545048934 -1100965795 665862635 1004468216 453221332
-313500887 1144622624 -1921556174 463353722 648478367
-1093266227 1192806454 1228293294 1630876145 1746242526
-119416270 -35870402 12219145 -252563353 1208531816
1862291788 1740466269 557956624 -1120231250 -991091462
1536384891 -970265943 -264935434 679107750 2057691545
1372163406 -2142781374 -820581782 -176788699 297839603
520591448 -1132385308 -510283175 2010485096 -1998976718
-1193581910 -786266129 1270295341 -1097288930 -915099186
1734257465 401842062 412906338 655059774 970616241
-1827875793 -969349136 -1792073884 -178436243 -300513968
-657366434 -882900814 1947167083 1787718297 -517081434
2102092318 1325036745 -1016968794 1393960874 -1339814870
2057209371 2023972200 457514131 109318810 -287447311
937000005 -1729091249 -1992825126 905040765 1700234658
-931419447 1772364196 803707813 1522153391 948237091
-1085949198 2862983 -1046257844 1551162187 -1637868486
349542141 1441626637 613599547 739195522 -1343885823
-1783762962 1358363297 2032466708 -740278267 -1432180345
-354676229 1119267678 -1398892909 495872480 1266207379
1058448362 318330273 -924486179 1584042287 1272873770
792019021 -651665278 994326257 1014295396 2106328733
334742175 -1430758701 -886577358 -1414733873 -1666045644
1817348131 -993238398 1171399341 -349206492 1516034373
971266199
