10403 544 1903129866 1145888724 -1440723160
-1224155403 -514702947 1633443482 -2098649368 -1069721523
2071347707 -1581069775 1263585617 -1934759334 -1290001016
-1631549826 1717793868 -673198624 -9302873 -272801782
-519069167 1943764124 -820003545 1490780183 1622026343
-877615130 -1272912599 2037237011 -1308844212 -1435930189
1859089986 -1135092505 357362963 166859733 1594537270
-135378646 -1643760278 -1073468361 -172397011 418739237
-1328381754 -1862753981 -1483551214 -883987190 -1035790670
1567049173 90081495 -302286767 1060880974 1173818789
-674575042 -163925938 -376887000 1893205255 -695544198
-1346709015 -664079409 1147627440 105448017 1832583871
-511549968 -1481949351 1986015678 -1945577273 -952452389
1952374359 -1386306610 -1026308945 1391603264 -1587991549
585383200 -1278435343 16150874 822926807 822327360
1966691202 1818134599 -9081285 762856717 1343648686
1250371245 94540720 -1802181151 -1536970832 1634769531
1524502661 -1129115310 -531581368 -1401775131 2061528233
1779401808 -728220313 1229108825 875035288 342321370
-844836458 -1299698893 104886727 -1093261816 1402714445
951930630 875820378 13251619 899617146 -104165244
-616103197 -60770182 1180322146 -1856711644 984879881
-1965086398 -1300467732 -55715342 -226918992 -578600957
-2146819911 -334530851 -1322036583 -2056402656 1186730610
-126394962 1314845355 825160057 -1294502124 -1337546563
-175160301 -569583451 1031933634 1835083157 -135679950
-1820653461 -2031254465 1989926605 -1215253552 958659730
-2056935833 1157029425 -1695192527 9793747 82040997
943688986 2097974909 -534389982 571028926 -1108967874
-2142710803 426200295 -1475625618 2051392102 -1908859372
-1506367643 -891801704 -521280245 -345083130 -1278615229
-523743054 1379248227 -1449440454 -938871885 -722108741
566980077 -1332402380 1854207675 -983392829 1898243338
-309552982 -200745672 1372135565 -440828454 -417002446
704574977 -1425360698 -1838560522 -1651420499 23796651
792659726 1731208002 -1002157473 -795210337 1565904838
-1232400234 -789065203 -1131170328 -484837571 -1764603549
-1412642289 639716333 7799731 104096990 -1798669550
-2100894742 -237795773 55044709 109192938 -1126201122
1507587300 1700516457 945603640 -8185858 -225926004
914352173 1479510777 683373719 -1240138335 170443694
-1775215032 -1287828510 -944965540 -760787260 -318253837
-2025765851 -1431466198 -240398718 49131508 406606053
-1625126926 554671557 673197624 -1831212242 1639030495
1071261544 1153040439 -731585466 -1073824997 1055268493
-1799668977 -37223138 -816264064 -1756368267 -1324317048
-1496026893 1089899700 -1471384179 -1346118959 -1722476850
403783200 -1170640279 -2108564607 -2017688611 -450249973
-189784535 -1015844206 2013950325 1516810284 -316670843
1814211393 62293101 1558631159 -41338614 1272926519
-456103841 450206647 603967146 -1504386235 -367007767
1345964472 -1560411917 1112700762 1980557080 -587762678
-894896535 -1307825926 -1418373901 -996875904 -822815373
1000713481 -1450115621 2060235678 -500034290 -739976368
-1591721675 -659872267 -1314166521 -1443624827 -1539872469
1450184143 1300133719 2051789685 -824886792 1351593984
-1077867081 711937568 1341910541 1477667678 740451153
-457938219 -1920095261 2077454108 -2133506958 -209912048
-112073764 1086528471 1943886348 -283611849 173993221
588892418 1537259552 1949329229 -244102254 -1618823004
-950126095 -473993116 1532371696 -184286014 -1675740672
679057904 -592809786 -462501236 -575683016 -1292998496
911236958 -1551910859 -1392303727 1464674493 -979933190
1471230888 -1442066242 1201379092 1784035071 2022208818
199483668 -287798156 787436655 1660727231 -1613094920
-1559758453 -1483428180 -282222464 -1970369933 1792341016
2059814098 2054168747 -1511117934 1862677651 -1896516904
1679485064 -522259423 -38807580 1847807725 1451995717
-1099646792 -844611476 1784883310 1772572315 740962356
1552972337 -1621666453 -1098774956 -15672677 1080076806
-2073596348 37400700 1318392103 963261309 -849630642
-1575429033 456092400 -1024873728 -871609904 -1053713186
1819123379 -3077948 -1228896251 -1226022007 -455304863
1462960178 -2119792475 -1320740917 1452744442 547571471
-1891147462 1877298459 -1521459645 881415503 -1377007807
-1593337958 1283706749 -1023611837 167427143 1130662193
852839008 906799572 1252726525 -1666684553 -1896040508
828706675 -2002364143 -1502118883 320515015 -78008400
-615354435 732575903 -773235413 450035822 1493641837
11973871 337682249 1813057823 73221889 -495285066
-1887699926 2075832283 -215199559 -341995053 1499663655
1136434351 -1698794341 -751134378 1589124996 -1901949835
1127578494 1299891230 212555253 -1922994072 -362057689
-1511090956 -1527034610 -95131866 -1650039942 -2109609580
267694892 -1708490920 1471481746 -421664282 1250291430
544513107 -1176149372 -569012198 2037940371 -1101765637
297902756 2039996618 -1292686419 1561316294 2130002554
-1913278972 -1133275080 844915846 1997909621 211297255
-557011306 -1631179370 -874030315 -2036803483 -624717277
-2035506057 -394619013 430432217 -234738895 1220680486
823679136 278705956 1670545604 1138701672 -1030570269
652595005 578192154 -600177234 -709351132 755682936
-1115917618 -1099657660 -736024871 -880261688 -247387472
310090364 -183068016 -1246237118 986361898 1405261082
-55278885 -714374084 -1338982981 176699297 1411863496
-204054053 2094225278 -1214115257 1587372516 -1081833864
-2099004104 -1820272577 338362487 1355216538 1266567452
1328967464 2032325577 1237333229 1264828190 -792742002
-940467052 734759156 -789138302 -1828292354 1351093823
456860294 1049355479 1340375608 733923770 -1781391463
-322585408 169009369 -185919269 2069478678 722975319
-1884227462 889574471 -1455653860 -850083013 -1017616039
1767912365 -1204964622 849419494 -613344462 1819849963
746199314 -1497270389 -73514833 292023338 1927214116
367892771 577403507 1868505558 -456653036 350549222
1614833122 487179371 1038618945 1356222721 1210813393
284343831 51482423 -1109534896 -1350302658 -8892164
1250129459 -938270457 1638565423 1863678295 -715279216
2028943279 6815048 1530105450 2044790904 1747848243
2087853687 -1736814541 1851928655 1721872590 -1959430043
1247434382 1623064977 -933826936 -1269896158 -1111791544
-1362089293 -1646523707 1561312299 2041584546 255858077
30244816 1384074376 -1692384978 313525217 -2141638408
-469136427 1659716001 -249686276 1510604443 -1236204879
-533643895 -342702585 52858561 -1111563669 450823398
-453120669 18408471 -1528341986 1811475343 -1413955904
1377305993 818966581 -1601451943 -1401012641 1524825785
1533074776 -1548483730 -1030968107 -1372128642 -2009161204
1829660648 1491175554 -890984837 -441523690 1012799376
2012985024 974554219 797839708 -1729347463 2011233625
-446302146 1065139044 838710201 1106758101 -169927220
-1039296231 1170492752 16294128 -1422120187 559837877
-903037007 -1075885773 1572307642 1918554011 -836189655
803571191 753957531 635782605 951378864 -325565671
-1602972748 960789093 -716479911 834739154 2091735780
2095775108
