10403 608 368773177 478766303 348707566
898497372 -2102298168 805736412 1139021315 974812017
1150908449 1643896748 -1257910095 -1725241736 -246983489
1925453414 2081379005 1205944289 -839764193 -39174939
835717306 -1600047542 2081144176 515829702 -1175130619
-425916996 1616930054 -716904281 -1526817632 1649347754
1703356302 1189790605 1388476371 -948327039 -324049327
-1540938616 -1781561653 977232383 142774232 -186752672
-662004270 20314478 2102446028 1220300642 788522990
1735487009 977046877 -292378712 -146057772 -612363702
1316863682 2020215884 -1713445828 1754592100 1417078585
-139989909 -2114042962 -205366373 622372341 -337891115
-1785910162 2058378583 -569519611 2144656895 2039569558
1734195823 629497519 -2090831676 1752960131 1510484656
333941613 1535664181 358046161 601313262 -193236490
1954373185 -884676358 194370516 1701485775 -162864143
-399441557 1206279752 1223231825 -882651766 664863488
-1546662731 1506358655 1067039231 -930661524 -1348040576
2081094400 609599831 8967931 1412999090 934080993
-1778813416 -1661150939 -1134380513 1966403483 1868836174
-538156568 -731011024 1066564349 1170560107 -710316767
-1697376950 -988514592 -1983325145 -288116147 1278664123
348746707 -1824921968 -737292778 573533022 -983647360
899870299 -2093400715 146504046 1853799687 1320884119
352028748 -1137891945 -639231036 466819325 -1283364676
-643732610 -313555126 443744467 -551768362 -834145226
-875083283 -679723005 -1426272756 1926595196 543353863
-909242206 -278261074 1941336789 343135776 161708516
1310268386 598172145 -1210059792 71583963 1272717323
1698081475 462996320 569151624 -1703577302 -1911586507
-1652909877 -550000152 728400898 1577994108 -1035134201
-2125723118 -893489506 656082391 -1328603738 -2110138969
1377299713 2062780152 1773143568 -416526043 613973989
1191557646 665483102 -208298711 -1845132130 -1142416819
1731470420 -2014180743 1047879609 852004013 1265303444
50942910 600715721 1216507200 1899290333 -398928076
1136301492 1071274036 -1351826888 -1322648080 1000556924
613541822 1681504541 41215133 -721296489 -991312490
468507909 1043381476 1726905113 80017748 514394028
1841498092 423658140 958919752 -1696539674 -1029350052
-574919048 -2035942093 1620915906 -772156377 -65490609
1263860413 1958491673 2093126236 545946974 2015715056
145047053 856059205 878362075 -1538275190 698902222
-118445656 -1967183514 2010996442 -1181206238 489927668
1859666891 653729334 1233708441 558390248 -404892695
1944490999 1382013043 -1302512164 544878144 -670197371
1167892438 -843919088 -1297819634 -2136466510 -1964709689
-511596350 -1359822514 -2059506401 1113733600 -1008041383
-1865419606 1342904209 1647555613 -1629492125 504762262
961222875 -1885649833 -48958589 906563877 381025637
1353870344 2012588502 116673679 -1626247627 1235752959
1970749505 782494454 -1054729434 -1785241729 286968298
-1191726385 -1442012296 2075533736 -836839061 1493677866
-50900431 985129179 -713856414 -34959492 1398823143
-35150790 -306122982 1293322991 993464890 1091480444
930159151 921654411 1224797882 -240640246 949466239
-1770148377 -336624960 1996086805 -1525347163 2116385676
1202387589 829210646 -293938987 -48375831 -1289936452
-523457433 1955684681 1480017377 -1184052574 1404965254
-1050311978 -278235818 -380811731 2053524327 -1805561074
-1455245336 28346363 598812436 -2099156735 -113393859
-920014091 -281446268 294044100 -1449137795 629484798
-1688003932 -2068297056 528454571 231305636 -1828335355
1661538285 -1433396712 -558332771 863385660 1504688373
1647278796 1802784039 -1761593358 -290776603 -1619147104
-925928005 193861288 427996941 2011207870 1004234215
-860274831 -1242869997 179210119 1935026332 -1197915903
1930949504 -881382937 -375341267 393816758 -736430864
-1600759674 -18170705 -1143858606 1516016890 2034374662
744903165 856833193 -1280636925 -378518141 -878113687
-409323293 -268778743 246771919 -1947336556 1213186649
-1420614393 -2028125353 -597461587 -763075419 1270092100
893374767 -1746256388 -1884260565 7803230 -881530944
-1387842179 2008779885 1685892681 881802697 -1562118047
-1042022356 -928252125 -1797320842 1336609261 -57632022
772311635 -1036605009 1408732351 -682404828 -598392026
-1607276963 -1964428773 392405209 -1551609194 -564281810
515387211 -1039732017 -494506526 -853479052 -944275026
2130162653 448539246 -563786710 -768370116 -807661192
146937043 577196344 873294432 2064089078 -539957408
-1804437819 -26869186 123735761 -624795471 1012466878
528711910 -748811352 -543972957 -1215322069 1007346942
966562389 -2117371753 -1328867836 816685481 389105448
-637076217 1912209014 350926072 -1502500931 -1765666055
1538865838 1631490857 1384032830 -679057820 -699819201
-366616945 262389690 817404402 1252518634 1023523160
-400515861 -1086315321 2086714071 1345410970 907829915
1848206072 637863727 -1420669311 561702561 683611564
165605466 280177361 1313184886 990870626 1361207344
-1827407395 -1559454438 -344312945 -1560919840 344914747
161964705 -938040159 348375567 -606786508 1288005015
-922008158 -476353651 -747678247 -1202531247 -1648841068
-1250507201 -1452977846 -622433043 -1396314807 859418055
776272697 -1300688408 -272935597 625988362 1146791887
2024928465 -1510112554 2121392122 -1215721376 -1645005153
408302204 -158825749 -1488023129 -45094818 -1700684336
-1357834199 955781214 -979540874 1027944660 1008945470
1659908898 -2083863063 989680812 217564800 1756525291
-603363016 -1070925520 1107877173 -822894184 657573006
-257188102 -683597410 1247213580 1960981394 551303231
1608803486 -1135891570 1442439675 -659616524 1524765195
2140080563 -210030977 -1588181353 -137073927 -1583766579
-212096511 758246805 481630720 132416112 871447397
1946470647 1122819639 -871263365 272084516 -1667503501
127371057 1173480320 -1124930596 -1495492279 357995068
-208736696 -826740560 577091762 766396214 1995646472
-256934100 -1222193559 351872899 -309946749 1775680272
-1688325109 478716396 -1473401750 -1712038593 -2055084389
476512906 1312370367 887952293 -403158335 -1958771374
-1994115531 1356491803 545610093 -1011816901 -267419713
-1433548750 107024051 1046443364 1451331424 -741771265
2059464932 -1539098409 812203750 1142264843 -2012233
288694788 436422280 -879380599 1216818355 502645544
-1404577810 1808978344 210782107 297073449 -1065929942
1686862082 1327740859 -172455697 -1748369165 1021575199
-1063099863 1609677759 -135596943 -1424995576 -1441390706
1157118142 -741422400 1599439839 -349178753 -913928106
-540886961 1304867002 -762320048 -1138055767 -160720749
218250286 -1398885400 2011250826 1460979752 225462394
-26267586 -163515444 2013972390 1403388261 691952661
175811883 800115907 -1446068802 -370891304 1797973783
1799720904 88648839 1191358048 17081782 -1383723506
-217588557 1631502588 -1057084385 -338207520 1440813874
2108453261 -986490608 1233023374 -1597090187 666583588
1781399081 290501581 247606795 -499661304 -2123976157
-386774219
