10403 600 -1223608637 -331369654 399321483
318602080 1810555501 1371468703 1540973175 2133933239
1712820882 420971785 -1880509677 -818642920 -1744937947
872244385 -330242533 -1714030094 1563835087 1057388654
2144083573 -1069853183 -1063611701 -642756710 264181173
-49575071 -352251682 -1805512034 -287224932 -1269975801
1664360069 1509835480 -1632800921 1571923978 1482860318
2013361852 1901770533 -1035118171 1553224974 652934301
679893160 -1117914735 -1779859394 -932002376 285277466
-1736385823 -1357019160 1148046787 -2064329687 -1276360896
-1952975614 -71840003 -1571090571 1858866516 -967031370
340996383 -1341806457 1265209731 1112930018 -140425783
-45106563 64302356 153105186 913137658 1481839951
1490972372 -1191257373 711874228 -621658127 -1325973733
-677454588 -68104472 -1576299429 344400049 -554896891
1248878791 -2018471708 -711928532 -672615894 1886587500
-394977307 -1414282184 636475703 434624334 1483785007
-1305211331 1334518779 -602077293 -884370500 -2031885817
1296410317 934082281 1132973928 -1236954833 -251656898
-415381504 -643055946 -198890747 -1621622375 1073212689
-412199859 32653057 -997334049 611132320 1759289759
-613433161 -1941151698 1875840872 -1305453919 1178016632
1702711894 -911452561 -1940496015 -1457719560 1166034838
36571623 -1928002457 164617585 -484131262 -787874698
1655977935 -1339929475 1046156543 1658957060 -1040191375
-861053831 1898663828 -1017418039 -2014383606 332731209
-159692964 312500230 1440631408 37212500 591447043
1393012022 -1467218505 -2126894241 -1165190979 -874701841
-2006839200 -201523027 -1285056166 -1851547540 -1910711872
279071358 1337882152 277300817 1158728414 1085994574
-1842042086 -1393263857 1875431197 605408955 22261414
-1426837143 -1039520827 -2110824917 1639885575 -1535512993
-1805626736 -1676638663 1931223568 -1073861316 958322527
2107118653 -1705000403 -569428706 731516843 1753499089
-38828317 -969216679 -1119922243 1265344547 -1759972230
938989968 1116450721 -1544464559 -2107498901 1104033473
-2071238251 961783448 1749333160 -965633532 1185021581
31476575 -1823304489 1401435680 -1848951461 -618674889
279093443 344845713 -1736709588 1530327922 984260555
-1868196886 -228859937 2040765782 369307029 1817255868
515180872 -990963615 -807360731 1503462768 1840719507
-2075237079 -1224403498 -888671110 -702614636 1851946135
-1475912259 -358960897 1835534892 1280245529 -95693241
88706199 -345523523 -1076621127 -141853858 -2128241246
-231370958 -421792745 1975151036 209698803 750870752
-1839753383 -120045961 93633942 760957791 241070559
-1820546550 157704134 -1159166031 -755814890 585018749
1299112075 1115293250 -2014037933 -221675505 -763241555
-129799487 635536321 -1808569897 2046347052 -270716827
1037325929 677537254 1508850527 -1561085621 1108768528
387520443 1802345739 1496691263 -1561256006 -50518962
-727822415 1819045228 -1965036873 -1425457072 -1242368257
-1223452775 339360954 -762591452 1766009116 1857895938
-146041058 1094469694 1690793862 1917544018 592388253
949974958 -1020650302 602002623 130898794 694925291
-244805928 1056093315 -1348975904 -1538398568 1451193042
924639557 -450392803 1723958332 2018333802 -1083745359
303103770 -542758345 2042491537 1878375588 1892156310
-1168600584 1457005585 -587283097 -655996883 -2084806436
1921818559 -1707756651 1969366725 1216463259 -680832121
-2072799855 -2049778311 712468425 -525949043 -291789022
1322809150 1786429959 1291218433 566137963 -463443919
1001461244 -805534637 -1868671377 1219543916 -455279159
1209230858 128523265 -1098847146 -1635537034 786476207
1509022374 -1749823754 1769655079 -505705821 1165423215
735659820 503873955 -1301618125 -1943217777 2096597340
-989856379 99702849 1796539454 842612236 1846899540
1559434663 -2013743261 -2055334293 -1856355382 -742872959
1505903648 1998210541 -1767610100 1957505438 1874548259
29880400 1730415675 1537160799 1337191033 1111327506
792941537 -1291554517 -1922877799 1290772556 592240614
710092611 530837456 47842266 240345575 1292714068
-1642033914 204152026 -1524853982 -1773164185 1916473621
1654479357 1384479904 -2136698033 -2090019322 536699236
1765745390 1937254231 567876462 533099331 -22811486
610456738 -1484559674 -587083876 1802421740 -634317911
484298327 -1216660384 -2102136707 628615019 1787333113
820148509 1466964316 34939093 1417875820 -2137813086
-1159847830 427087713 -428582296 -1135061531 -1737576198
1521954297 -1439584228 -839650982 247707967 -1806833608
-1314823465 -592720369 1170425377 -1252720970 47340890
547931868 -1377490026 -2016645821 -1764681815 -900522900
-1437578828 -1368880648 1309888823 2055334876 620003016
158769363 -1431548874 -1027740979 1480884480 332872964
-830307585 2011570559 -1538710848 691059253 1393187429
-335549375 -155489123 1280464665 -656237226 1017251723
-310528047 -1775675987 -952235379 109920496 -37737220
-1806037156 -1441266213 1353509116 522933649 -1370694380
1944215309 -1425984573 1875920287 76799593 1053894542
525960419 252838364 -2082855636 1193208394 1384999444
-2106119315 -1762242338 -724991880 -1021546661 -1654749734
1016115137 1410413200 -1932201955 66530836 831220941
700781871 1236655673 1334807594 -746335247 -608182791
1594878668 -1837271325 1385281572 -2026405180 1997930051
1847305491 61537798 -695956208 178578820 751334125
-488928822 -1348678061 896142266 1772762387 1585611811
-284274524 -344553831 -439007770 -108775775 -672068217
1770761556 1435004300 -1572737089 -1330903647 796478041
-1862719679 -1863447587 483527623 -1236313520 -1023020012
-374480454 -617107387 726065302 -1083864450 -1405202764
1384343863 -117117694 1439512281 -1172314295 -692650948
1065150268 -423171429 -1163809529 77261790 1516214483
-2146242621 -476957853 -49048997 -1917810078 985299370
1183866499 -1063137871 465776111 1585881002 -531450168
-1883356195 -1199531862 404170631 -1393362734 1769459459
-671222592 598028288 1673901831 978775331 57575727
-108391668 -1908803281 -1203916006 1996713503 521767759
159533625 -1798637787 998567046 -1252725022 -427104311
-804478498 1853487314 -57933147 1267402327 -886317887
-109412521 -1696132303 1840937766 -879273781 1945778537
1181125224 851123616 699731371 -693496106 1038684369
1562818322 1818882477 -486570987 -84934493 -302838508
1791496382 1648937661 1951263048 -1086795747 2086281509
-1129466900 912069092 1885494401 -1655881540 -229006841
860148251 807039728 -653686756 -2110187668 922591234
-46246501 1804687032 -1474814823 -354285623 1897388356
-193858281 -167305285 -955280497 264587016 -806950868
612801513 1435951818 414556131 -1532352627 995866125
451180107 -2118382394 -563523666 -1951140535 -1199648549
-1233422641 1753891535 -777687650 1241751321 -304973290
-1471202125 367916561 1976894554 -344007241 -524863208
-1963210737 -591930575 -1806507855 -1439494786 1770077433
-408574337 300845555 295876777 262340326 -491917659
-335536836 -519176593 1123592805 -265088622 2147328183
-1366204157 486059467 -699132299 1768236342 -1639661302
-1941728639
