10403 216 -1429000561 1324690693 -931558889
1058901988 973088784 28135990 2021748563 -1750235597
-1819386611 1326457785 1824827160 1004948483 102557329
-993473774 553809680 539330125 -1898303108 365545447
-1818316761 -390481306 -400431229 -1066904721 430992726
664543101 -489787011 -387294305 410888149 463300611
1571591866 -833108420 983820982 -1514285881 -632400590
-1692930714 -472518954 1065263950 -892100972 1631687373
492202936 460604849 1703904475 76837526 1693429898
-1291721021 343429380 848750152 1181391284 -1007933749
-1411488237 -990944056 1101561698 -2139146118 2017565560
-1394322811 -1263422058 967256139 249902591 -996459388
-809265861 67401243 351482998 -894447540 -939933124
-2038894816 28315499 -326381423 -1754750736 -1300578234
1833128130 -783188779 -748973911 -371266057 -1418700539
546232638 570090417 -1261483133 1890180024 -1423789608
1522623422 -971314540 -1553384258 1671040462 1699221659
1503238207 772338239 -1617042601 173436234 1386496711
-765288760 1293142288 -2097893119 1001563421 -1969979476
-1998175861 -1611122066 1741987717 -1375965192 469239677
430339611 -1368261846 1115046506 1570117631 -354602831
-1427984513 -1556514379 209661306 -1886690857 1423335011
1997315904 -983699784 1652177464 784584370 1542890919
-763363170 873337167 426322737 -1552603548 -1276587708
1390204682 -300062539 -1347664427 573182554 1129240386
1825639040 1896069282 -1796521681 797029373 -633485288
-571568111 760473704 1276749730 1301907615 -1822855651
841246987 492372991 -1270945954 -1166248181 460897812
-1473566633 1460127973 647753599 633082016 639113594
-277726078 -689660429 -1361768156 698417372 1367920464
1993749690 456121719 317138383 -784092581 -675704262
-694986356 -994928584 1707026566 -184667916 -1699639705
2132018866 -162047911 1307166351 373811082 -1565727932
1419831244 1141971011 -200622166 2029382600 -712410207
853955280 -218787338 -1340431175 2116776111 -1717094348
176610790 -1487942949 -436270397 -2012796131 539493846
-1828673598 1573667873 -1223754593 208658904 -1949106641
-1324056965 235319508 -635506574 1355854460 1705086464
1762472141 -338017451 1195023108 2128145797 683663320
-1585708665 -1425033797 1851476190 234579860 462641196
-1856972379 -1932927047 868678204 -2034618437 -483766758
-276640126 1880866306 876074402 -1523993225 -646991416
1352977326 1941814240 -1441910077 -2067635134 57367109
-1477224791 1775714458 1138805657 -1850801223 956477868
-956354309 -1250913217 996780041 -1881450131 -1422922364
-806171403 1704178095 2029447447 1436210988 -556499322
1626178129 1994210105 -1912449125 -846316528 907623070
-878176881 317944823 726371966 -1006665168 -223446200
-1290646609 1021441711 338378450 -846274526 -617011790
-1477050622 -383796523 160427392 -1926299578 -16052597
-736935715 -1450979286 1502098623 56363920 109352209
-783316588 -752093746 229807850 -63324371 495483513
1567749355 1670810206 -402930324 637009729 -1653120527
1677909629 1850806001 -536255421 -270843053 -1811669505
205286852 -411487130 -2069020091 -1107923110 1998211487
1397562971 -1800439808 -908595257 -1581127411 -639452491
-35385309 -2103259410 -425038767 -85949098 -346779703
893915661 -371306444 -1488378118 1231872530 -528424402
-1262173554 -1758652433 2136795755 -1263464189 -595435012
1248452997 302854153 103916332 599567729 2026803177
1333168520 1213408981 -968912840 -535323389 -1977745372
1320955232 853106368 502252400 907098843 -886742290
-1013112495 1745997200 1318251634 -694942133 -1230047636
-1180576777 -100390598 986169609 1609105947 914361589
-187482643 1992407735 -276792708 980769271 146494171
1919583009 846155724 709174589 1095445385 -1342590532
778021733 -939997476 -808142664 1178773243 -1851940218
604305047 -859638260 -1299787327 2022824813 2015685298
1860816007 871055241 2125320627 -1376853548 907919717
795825811 -1462368617 -137892856 -1826442166 2067341746
-661781133 -698979548 1863967242 1754649335 161898931
281072454 -501095611 195036880 1950108901 694388273
1137093618 206475426 1203446694 -859044029 -973594317
1797799181 477831134 -1637468280 -1172027595 1669427171
-1924421758 -353960772 1477474150 716408464 1280464792
1147304602 1835901105 1555369711 2038912105 -1449791605
-1741092339 1023055831 -1852644727 -1797556831 -1217019899
-2009447071 1364709282 1851150805 754365393 -575729418
85074085 -135428061 1503607769 -1481732169 615789294
1211814680 1476978201 -1478764202 1982536328 1666434526
-1960420455 464410215 1401169659 1156665171 -1616667481
967531548 -525082209 1230579589 -2086513392 168465104
-935830484 -318116407 506660762 1639552803 1169697006
-1665185575 1813623965 2114478913 10423598 -800626203
-1265153735 451911769 398328838 139319341 67633122
22672125 669842777 399636421 1327084280 -670939544
-1395606230 -1317564162 915174083 950234696 -175856779
-109288851 -585469542 483353636 -398337775 -1295335611
1721544264 -444819576 1602288574 -360979789 1010416446
-1141810093 -93871616 924673157 -497020012 1847044710
-309150034 1763503175 1649168072 235996966 418029816
822644244 1485968937 551857441 897254699 428114940
637397947 -1383393311 1403908303 752965625 -1520260369
-1949354833 1489277012 1512462596 1656118341 -1649409103
1504812538 -1306082719 -531421666 1117399316 -1888944911
-1442543156 -1929636337 1532614280 -754083078 1050888005
-740280644 -332437994 140051496 -47537078 734576330
1859664252 -752801898 1885774411 -1613782074 570590550
-346162642 -783358128 2073310104 -763991391 -1712454690
856756233 -1163855650 1187660816 -656251946 -940864117
-255963760 2002966597 1510211415 -2134768730 -1232182024
-205297848 -1357527254 -1556484892 -1170966562 1389765088
-691107036 -1512421441 1322085845 -560770452 -403075551
-943795368 733925398 -1350946943 1006333391 951980252
615245851 963780842 -1584288459 241117181 -1829917273
-344742218 -838195598 1703809187 -1767496010 1923801533
-1109603688 -500199084 1164575349 1210404118 932351071
-1055037260 742450707 -84901303 -480330891 -1219009163
437951640 -1995541852 -1058478208 -600814145 -1793169732
34815613 -3800393 170188260 67045673 -1643666109
974102162 -965664170 -1028049445 -2114790788 2106459777
-578447840 -1355996858 -1216618346 1490024936 -1479151592
267415137 222900632 783557866 889166331 -2069562262
-755168217 276542592 611303701 1402851952 269766849
-1127062302 -1882918197 -555874844 1133394561 910219674
1836588668 -812279990 778202667 -574686835 1566990700
-479362293 -249448650 238545201 -2134810425 -2090700877
-313190815 -1667332332 2063082915 2139314921 -623966304
-385832457 -1586708040 -1373673046 2096017943 740254113
1240798783 2073462798 228897680 1359047330 1777095785
1874427556 -1969087510 1551052864 -1617543695 -316396952
742222350 803147236 381724715 -1313650046 1656350413
-1608157635 1364371764 1694475340 -203514049 -1640641147
1311852460 -732008939 359313922 -2122907250 1008040391
-1949893722 1709465524 457425681 754674692 1500135044
-1169539824
