10403 360 320486754 -444751927 -1519191140
-1358418631 -2116024558 1701491993 -102964855 1946484475
1692349790 -1292274088 1117110764 -1747814008 809671044
-177059540 1950612938 275830752 76861581 1766161222
-1786126542 -716283165 561015655 -509657671 -96214248
-699177960 -246058067 1532019992 69368802 -673905528
-700027042 -1125161899 1401106159 149276127 1172772162
847266845 606843624 607651677 -1451243653 -1480154094
1040184867 -266659473 961730689 1826184125 -927477251
541188240 102759867 -1830379801 336006593 -581835261
1153151042 -2003399416 1280287516 -1164949874 34576440
60289372 1740272005 -21314359 325435274 -1661315999
-452933782 -1448642991 -1115122163 360387893 -1754794575
-1945566859 1237791703 -166799554 -1585104255 769747335
-1164744634 1191650635 1844941746 -801252278 -204001573
-472231329 -156834309 -908735717 -286172089 28329632
1662934231 -1077313399 2116562163 -2119277507 -109078467
1042466655 -1273605581 279255537 -1802766048 -783672592
1095795871 830749186 242003413 -2110078879 508609583
1161310164 1320069367 -260078906 -1441726642 -1594369967
2018657374 -941203488 1528104688 96055278 -979772678
-911764155 -1044413200 -1142825616 -2005977574 -263028619
1247324523 -1717622090 -396798661 1848907955 -2131591502
1041454600 1029009730 -647301261 1101736818 -169515707
2072026824 -32888330 1151285254 128511146 600368641
1710689897 1664198430 -1634451790 373517050 -1232745226
-764967304 -1758284669 29107981 -437622913 930421680
346740812 564209198 507131237 1068861962 705246723
-1893310911 -1982467706 1300736648 -466719272 -1824358224
1853674119 354346472 1442965577 -825883721 -1005766379
1619050579 1854054896 1439380836 1790029114 -1128404339
861302257 1411929464 -666768767 1133197827 144195961
-295741331 -1558431759 -1632298616 -1205343986 -1449121594
1691451909 359088635 -1810926511 1440153537 1164526438
-180113068 822504452 1303992356 1285159856 -782978476
938042526 62586933 1234412494 -993170466 1805951473
714174117 1510249679 -458486185 -1493646962 -521338276
-1310692538 -13384521 -869287980 356556390 234957612
12343994 -1952520403 -817262197 1468739421 941821235
-52014095 -397588637 1886765621 999228852 911689007
1634652655 -738937463 -1365892416 1428632041 969794922
-162912854 1013508508 -1807617696 -185880045 1190737708
1504181479 -622465142 1896813299 -2048173657 1739962138
314986380 1581167358 154983256 2044595593 652612409
-1626764272 877663777 17123620 -1234111490 301097913
1900408018 166307251 993802091 1718713260 -426905179
-144303963 589395230 -1771047407 -1247511689 1359179243
1267308219 -1198198111 -1063103217 639859335 -140780237
108105889 1099419713 -1608118689 887866098 -1840231507
-1682704413 -2023766617 -1504330052 -1108245630 1770668089
-2081565595 -1449788967 2048770026 991884385 1162085390
-1867288280 1396021545 1209366690 -590350063 1743788074
567108169 400512133 -1835536443 377387820 1156392556
-180632361 1556472722 1519763456 891999070 -1898428489
1711492562 -528744127 -233634888 -1983061352 1700046098
800313757 -103352190 1226565592 -533781770 -1024648358
2063574890 -1477011426 -1798977044 -1428348597 1374055374
2105584622 -1816505371 1642883227 -1966660684 1032822620
-1723720558 -2047526859 -225401649 -2053408325 928001114
-482124955 -500096834 206507791 -2003214728 1538833360
-915435610 2073052867 842906770 -2017251668 75265563
-498400721 -2104354125 -923542502 1513338344 -1836640343
-1689569109 2088808560 -1040017842 -300757014 -513497429
-244698555 1780682821 981534586 798272234 -1630144123
-490656452 -140474759 111433123 912340885 1867760990
415185727 1656830037 1188980673 533609588 1002663225
696836508 525299812 1778588042 2027519653 200743560
-1003980273 -912924712 -1723684504 -2051690362 -1209555857
518362149 -1164481321 -65688940 681784844 651199225
1745074249 1795962768 1402945657 -122195268 1925648855
895694676 -1936155299 2118249298 509524717 1159253893
1867342880 1010016392 -909663222 954398352 888867914
1620802975 1628924303 2009316023 -1264554538 -1450859059
-498551580 -1313234422 -116892748 569787751 -1622219401
1084357546 365238075 878177149 1161075638 -836837747
181894008 494863667 -482764300 -117126823 -1979463260
199326136 1769143162 -1195990699 514304031 -1960361676
1310055157 -1430931540 272678425 1230119656 -1489050377
-511767771 -40912768 -858901262 -1046302453 -1757978681
1462505522 -707366471 1643115554 1687329794 1314116876
-754131437 1862924384 -1699386665 962861274 -362887408
-1207277732 -1473632738 -447833221 -1328493658 619531876
471611584 1668623576 -405927780 575390004 1451036120
-1758712920 -177215165 -986358014 736572844 1649215997
-527285445 1558480677 578318753 1805445057 -1819668669
1282536220 -892888829 -285200084 1416864673 937063796
-1633544634 -885606553 1015000540 -901204789 -1636397122
-341764417 1175461521 -1281319438 -1842153065 1071437949
-1412010016 -598175145 -1262180559 -449456090 1430546238
-793383325 -1306489911 1176215781 -578665892 1623715419
745436787 -1878414596 1635333945 750894051 1367992131
1109554449 1119118146 1222851386 -719212589 -60930913
1970921210 171338449 -1455082217 -839796885 -1291245104
-1928901413 1462573832 -1920007967 -1635135670 1534287262
1471642029 1695318490 -376722238 -44632415 -1098894854
1411940361 -1086397256 1191910552 -1438939049 988195270
1636032475 -443275920 885556009 -1990384690 -1242203391
133590797 1338576094 1229717565 1106149317 -1958799235
1220479871 748838758 1158271793 1708265005 986832222
1696427837 -2017311993 1070528713 1665247570 1259100524
-206595344 1412417352 -1287177908 -2140984639 -2057149773
-1415747891 -597850498 -2126482749 -908990156 -242435660
551501139 1319871283 -1303396457 770079896 -498789420
-103978793 -1316571132 854439561 -1013663957 -1648412091
165682028 525668114 1602792750 -941827486 -954794388
-913548094 304170745 -1659828986 1810985218 1859647851
809375915 354579363 -179802975 1774778494 167825377
889667340 -472512615 862938272 1884506049 640878859
1528002975 -1815061868 -1701612811 -746909324 1574149212
-121587399 -806844710 -1952580871 146395569 1809011191
412713305 1082628223 43854213 -436914079 1288102554
-483648552 -1853465733 -1604687844 -671260597 1775291761
-1467916228 -177262943 -655945436 -482213755 795710925
1705354167 1429814816 -928946505 -373049568 -83067958
1043748798 -896421810 -922081537 121219019 -1563887418
886852343 -818294219 -2117540262 -844487435 1486808487
554832456 -81403259 -33610178 1796251351 -49223412
486428168 -2073521368 -755007108 -1072993736 -2084678692
1826729653 710799790 -1967907278 -1439882128 -1268183507
-1728167661 -367931623 -603448964 -367094813 460466208
336828188 -972187360 -1041196864 1004759981 1893671645
-269765445 1622200578 -1391040951 -2085287371 -1739677871
1702437342 2054341782 95412812 -1277088508 -1370208976
-734892543 -2049220630 782883853 914017086 -1005820604
-969295003 -146254594 652365327 -1375126116 -1813192568
757039795
