10403 120 1354559731 -855266993 1321016737
1400673938 -1524942146 1445469229 -2139774298 -1898254409
-130228322 1515680952 1071688416 -23676793 -1602516436
1842598359 1969093265 760573182 -1532516282 -1986753630
-1949567739 -2132308269 1547477241 518452313 1516211018
-896563902 1129999546 731343588 -622626825 -1871376716
970388169 1179602450 560386284 630058721 162598026
-1112178382 -2016569611 1593669162 -2084029786 1542212969
-1741297653 -632233308 1547982998 -1226917476 -524968052
165437978 1318077738 1755924697 964979484 -529689042
2014033944 -243024382 1156252441 -1420393061 1934266425
1867401501 -1854624026 538415718 -2138816054 -291155299
-1630046628 -114896666 -771121932 -1133402812 1872780101
759368946 -1608502453 -889345291 183118587 1710080064
-711197405 1243216128 1797276751 -1178315206 1242185641
1651661187 530658817 -615864280 -476977834 147497440
-93173346 -1048384429 1676508601 735326474 1527188780
-536990026 -1902816800 -703642264 612287399 -324676243
1881599868 75167770 135756540 -634746486 1069172635
242714304 -1216182084 732753781 2023757956 -313221556
-1196847934 1155098243 1440497908 -1036992576 371171617
-1847882604 -77084646 1200481571 2109783944 -1361373021
-2093394753 1295160807 1869949734 -822719577 -379547412
-1312733979 1264136850 -1547176841 -1081875845 -1493962346
-1290936858 -1773644843 1648804857 -1945236618 1444476470
-840524415 -1915236375 408336048 -1498981554 -796703141
925637022 -1489895453 1615362598 2022346221 1266333025
-550780596 976780430 -1846503446 1290744436 -1189202831
1279111618 1347222526 -1034296258 -2130927803 525105182
-252510889 -1270740184 -333876332 -619282321 -1105354082
-625208453 1547562979 -2058711621 -310176787 -107158973
-636621191 -1966565159 -1872226632 1226473332 259054073
355432787 2112996474 1560941563 1086006663 -807126170
369143496 630431384 467261609 1348936025 -1823565810
-1918729207 596209435 -1484872727 1006503860 -1610462727
1333875298 1266550153 1143892546 -497942495 -2042630389
1277848766 -195872101 1412252264 1828054304 -1071351074
1679143352 -1367679634 -457761853 817228687 1956525382
2099449698 -2012203099 -2025406419 -701097525 -817043528
419477451 1835812266 2061892263 -1137647632 -2111355711
1739801793 -1698170929 2105590816 139298220 361713133
938571534 939781792 415689398 -1058479308 566927068
867464226 -1906459457 -253624646 879836994 1003182796
-274546387 -919686672 -1026023111 -1670020794 654547321
-1369754563 -718635218 58047057 1508629644 1941445440
2107564078 1925053326 -424344239 1681563540 -1725405028
2001612752 1018592535 1789261455 711317319 -1888269605
-362526560 1125152996 -1040208106 1760185445 -1534350842
1622304364 370759023 -673734471 -1324553457 267156771
36723152 678251830 517922572 -1462058051 678668480
1693603211 1717799498 -547987113 270614647 1194447956
-1917778113 1875509992 709200833 -719466859 -1295106865
1555303084 297775846 -1818341868 -1378699940 -1848344790
1099862165 -417153298 -1070226349 357922581 224143674
-1494495212 837742217 -771420745 484702875 -1510946599
395274876 1738919646 873688952 635963545 -728763135
1737910015 -1204525526 -186552591 -1031264265 1744282352
-1762747640 21533730 -265485157 56417492 2008463469
-1326349646 -1804614269 712141245 1830693426 -1886601129
-539148567 -770674329 -776790137 -403181044 680017191
2133311527 -1096268490 1942769303 -1662171162 313482499
-1198365365 1223446019 1687790822 -1217812791 -1319419732
-1037777545 802693961 -1660022694 -1017074019 -1997939504
-1178146223 1375970866 225087990 -667941148 388567678
-284200658 -581712893 1239557423 -1774750043 1813626408
636347978 347920331 613536425 -2124720788 820016030
1240570099 -838301007 2118491285 -126784082 -284095172
1708282687 930039922 778400109 841123703 1699329135
1436031264 797613575 -96748854 578332505 -1920564400
77553220 1435014018 448265732 -353126408 -1837122628
1862299231 1044903913 -768126001 1630400221 381139264
1195472443 -1352101454 1615460390 113552840 -1092761642
135482289 -151201369 -434010838 1415162149 919984629
-1338555219 -1719086131 -1488260587 -2129504613 -1221630447
620801453 1993840163 -343397702 -897881073 -1136619996
-1035968307 -1868524451 -999057590 -2135559552 292535161
-1665533009 -309383987 1268572803 -218593686 -1321742841
-70518514 276868081 -451435740 1323376504 1435774454
-259769572 1977667818 -1872989601 2056020713 502388416
76600065 67307533 2116955056 698024509 -1048993850
2127358365 1582376211 620908893 -868765691 -954759717
526133060 -189576411 -1301243305 1336819629 -659317375
755391778 -814486302 1854688052 -162573375 -1358989626
-410900969 -147539096 -1621375013 414564907 -1515112960
-731295267 1693267009 886873087 1961616108 -211457538
-872506361 377673883 311689936 -2065632667 -1598138897
197270827 -513039744 1278614243 699857736 -487454254
-1321252403 947140740 -1673663654 147792899 -860664022
-825430706 -597845103 2038689559 99721609 712235225
175899742 1557405926 -1937961082 1938927941 798392851
-338666124 260599190 -33383759 -1411885966 -1474089243
1392358023 -237221940 245484181 662221435 302243373
1611399425 873929823 -1771377356 914365625 -743878890
958200639 -1988404494 -1180022729 830105954 2012619782
114475440 1489551018 -1190797158 -1598635133 -1474602103
2059372725 -1531962734 -1724842452 606077409 2134130191
-462013914 2027155709 1930140876 616025043 -2079184044
-117817414 -153444695 -883124991 1433863635 -350122038
-1067592019 800966183 -1622050362 43250405 -287608558
-454393653 -1225811253 -1485768218 -1566146149 898068518
-899926924 -1623574995 1551595762 -815818990 1520406215
1120367254 1890239116 -1021954646 1043171991 -1169586459
169149963 1182244050 2010470988 1236176115 2080913160
-294693706 -576171155 -222306999 1305217525 -879664248
-1901488977 876685879 595684708 -1886759 -1635959567
1352743505 -1753660536 -569807205 -2101901764 -474451962
1394026409 683392999 1056762557 -33323222 1960771550
-95759776 1452313747 715006604 -404886353 -2088343690
1289946172 1844224505 194966950 1452627505 1292540560
-1306570629 -1380268692 942704441 -892012012 1548976352
-530089314 1139648421 -305215520 -779838287 -1320255001
1133725049 1688825524 -1135102666 -1320336865 -1033193062
-983859132 886859523 1378755508 1324945693 -89395332
-1871598802 -549973380 -1634370661 -638706754 -2110782050
1448439053 831744839 1900182462 -192271265 397548844
987916494 -1164015192 -99302702 -537207516 1108295811
637508142 -1733221369 1940791210 -801806148 1003210893
-1987895736 557298667 90114780 884874513 -589219598
-744792275 -270323724 -2093746451 1191470264 -856770996
1403750015 574854123 546675154 66555668 1631702703
1032004596 -1182574939 3469210 825123426 -1507406738
-645126262 620838303 728055813 1860503224 831689227
-1523219080 758809050 -851575090 -997045360 1824561669
820522789 -1668072739 5379337 -690549496 951401274
-405930551 -221803520 -2095047157 1030948819 -722374481
-1731343717
