10403 288 -1349786809 1984355233 482139394
245319702 -1332662538 -1071143498 145078804 -1854786787
-229777397 348668703 -159458081 1817559381 -481419778
-802444141 1992181163 827481994 -952561127 -394079144
-1530578551 1469966764 -902076059 -1697128382 210203357
-1120982280 -1957813088 1650603386 -1338965683 -2000485544
-67004437 1408582658 -616870016 1174482497 319036274
-1959151452 -1247531590 -1714317896 890970351 1418137662
1400697262 -238512127 562687283 1150668050 1015818948
1079068800 -1348131879 -654657107 -959998923 310238261
-2064399198 998059847 1245278978 -1674729798 744222232
1158437707 238923619 -1794034519 1657704458 618625955
1711264557 1013918212 1682421047 316028882 1668602582
-1207592533 -1911361792 -709932994 849249955 -311364543
-2147434237 189118896 -236660871 1829659534 -1796631458
-1398071460 595137870 130961675 420329748 1034457196
-1183524668 -1122967039 -936598702 -821074723 -1745303399
-66557164 1195209387 1659652493 690073082 1583955626
934569374 -989388449 319505597 -271522710 1895283950
-1939656088 -204351980 -791480827 -1502822036 -1869380107
411444780 -1116161125 -126346068 -1411382999 -1359423783
-1816554331 1833463046 892224711 236760794 -135089377
1040545704 452727623 -2113873274 -87936710 955763152
750008568 -273941119 -1688336616 1855027548 -642691179
-395507791 -1313716830 2085718923 822001407 -741616927
304618273 674745591 -167340119 -480238020 -884067712
-1723742589 -1986362429 -4838722 -1015645675 1513692804
616248516 551711073 -2061015816 -1427200332 1448918740
-1828774198 -156520569 692896107 1205760173 -1363795069
616410043 696094659 26387322 220870951 1123953924
-1270837714 -2143546021 752465302 -918950776 -1019802889
1391900202 -76215556 -513406055 2134688632 1216526042
428416 1280634582 772737953 1105013764 950103623
297226230 -143068214 -493992078 1941868685 -1029570628
1126837866 1181916726 89802997 -789228366 943359334
-725220279 4759882 1312521829 467660130 1351146822
820523551 1094173392 -335981095 580701142 1227346815
-1322790744 1993972823 -688014484 1918129174 -493173966
1604005653 -1550214043 1523646162 1017342965 -2146784270
2064070675 32058521 280046655 -159404870 1580093566
-1056558881 -605322289 1914287418 972322826 -1232426182
1762853789 1416255795 1523982705 -284973082 -1878088502
-446284127 -637451600 2011280449 199714591 1389574901
863111592 1616821372 -2073338550 1304388515 -1855236119
-470125134 806315303 1229910668 992516856 1315584538
119550045 -1353179755 246991886 -353205611 968053298
188795464 733010134 2026806510 1194772834 -1067050087
1026173644 -1389898072 629509849 1175441677 -989992404
799233065 1041513120 1319086210 1690404661 1076496372
2102972972 -41306743 609992284 578047457 310738166
682824085 -1645179283 896967105 -2033838555 -1926180651
1631846306 1791677382 1294410247 1129044778 -2060656538
-56906704 112024862 -1819569604 -1145513038 2084359229
1997106489 -618787464 1480320920 243135240 1361213711
-116880830 -798241070 1049964914 -1723280902 187228759
1696106246 -950577247 -103947639 -1110581225 -472120150
-1400164026 211307282 -226238427 65166273 -2072519808
1189128410 -1676572223 170846337 -695982539 447142953
412434930 598767447 -674532098 196595687 365752983
-1120857943 -1873921771 2010192977 133291301 1588543701
1820645011 -488942226 -1600418481 1531180897 -345784937
-259792136 48993087 755367389 929541904 -982671241
1902381086 -1941232734 1339529217 -1245027020 -1679679594
-1063774604 -2101504973 -1182252293 1643276132 361291958
538952725 483181100 -1521074506 -1542442312 -1936843490
117835744 317390024 -996074121 -1020851220 -736700011
-203819701 534242551 -494530293 1936093526 1321916014
-817941788 -1386428002 986574657 24388335 -1592049407
600781712 1433432274 1910684067 283875614 1010754818
2008030098 2077842456 42435252 -703389844 -2079616805
202283220 927388613 -1389601576 -1865175494 1613511112
1991841785 -431350333 -1365068936 146129144 1748350019
1789708821 2145990395 -700839085 612850259 -633877191
1140151864 -1588732376 -599183400 -1833901089 601469740
454049709 -1207939983 -466269530 -504354868 -1102600520
1626896955 849240346 -375493472 -723806532 1671845616
-800924897 -703475302 -2002995218 339527421 -1128026842
-606210103 1488996326 -1748024419 1707226224 -1812710792
-1779238954 -1083860963 6549024 1870719631 -1981340504
-821970184 -97198247 -755897950 -1993574367 -1064522375
-1542044057 -1779912525 -1338115305 517760490 -1098740902
-662145009 1181812637 -1657705606 -1219923568 1038068695
-1758265486 -1052667986 -1281503559 1005628778 -967423834
-1154239916 -2057425055 -550966564 -358212736 517753323
1712745832 -129541761 1460257330 -406292888 -1176875355
475609306 1388832147 213905326 724700020 1137665472
1805471396 -1044888442 -2026746565 -1072932077 -1744602593
106186940 517139325 446547377 -395601049 1015896854
171316288 -193418806 -2045150191 599260436 1470795073
-2119082380 -953421732 429379826 1998845260 -332258736
-1174625054 -527638283 -1401221752 172520627 1690667263
2008050889 121045349 1319691540 1495352913 -1843772452
-21468471 -1237162045 -429333857 -1722809521 -1740430161
-121955530 -672880671 1295771953 -82217617 1709661736
1411983834 -279396353 1166915684 2008855988 -1007441945
-180400063 1562287678 -1395660302 -793082179 -2606308
841633566 614622264 -1173389673 -756790399 652017361
-476348551 -341179859 -365390713 -974216553 -1659064530
1811846846 -1352704678 537157957 -1282960535 1715847687
1127369352 1196117668 -158064169 -413325275 -1006471695
887664704 239990119 -712742783 -8807717 -278664405
-1510273739 -1476643915 784136094 -1232923817 -2109293970
1864773313 -1396250262 -1211271273 -2081638515 477801132
-937613446 38386475 338275248 -95278748 1277828976
580472347 675255246 -435075267 192236412 1093602017
1988468113 -225310194 600620005 1646110735 445284778
-143460186 -1577753401 1317085686 -84388670 812967323
-1065301599 -1200529836 1321702067 -1293075663 696704001
2000116588 -1408910464 -1435595284 648477262 1509180545
2081769832 -1379869948 -643144552 1786881309 150901139
-311977785 -1359843753 -798459963 835248690 -1354927609
1711109320 -737406504 1957790833 1261828768 1013991875
84377861 -54289371 992095930 -1572531007 -1937111665
-55017237 1313825626 -2064142579 -1964613979 -419793895
1891574686 -1507667424 -1470976617 -1841985834 737035129
-554874172 -1503077131 -962668529 496469026 806917293
750531377 -1444793119 1021851320 -405706693 1366856483
1376870602 1223858183 934314960 -500373543 -1843981074
1605153546 -319734249 -401216308 1530035750 766062550
1227029712 700261406 -499981967 -89277619 1468256018
-2110258008 1617538182 -1218476594 -1550256444 1469661418
222417915 1315633321 60439592 -1273252839 -983368110
-946578698 539486972 1704771420 961497390 483990538
-117547310 1853189840 -1377949171 1677184648 1995432557
-960352605 -1577196096 1815656424 -1513589557 1021383683
1205942621
