10403 432 1017603428 -467437705 -1126176195
1516072262 129016722 1077708916 -235987472 1587833895
968518351 -645129299 -1922422038 1939294257 1406431821
-494881458 -1605224043 -554622115 997494485 -335085128
1220396481 -1872031041 855216243 784714049 -1738597279
-863958456 83354219 -511896115 -476856972 -187803864
-1147426767 1382891705 1721368979 136242528 1542353577
47736699 -1242387787 859928555 1552809325 -1730487401
-1043237726 -1606391361 -839529028 148594562 312759378
244224983 921599982 340223415 -136283405 1719892542
-866014352 -1953055131 -1883860049 -736476165 -1144994622
524874612 779650960 1624664691 -151079094 -673830359
1349536866 1917118341 -1498421998 1395072967 231858175
1778936749 -1500332690 -2003843744 24431046 1374396933
1036431600 -1773885005 -560172700 -29281383 1577270345
1600131808 -1036290794 -211165609 -267118577 1000273435
1879281033 359724906 -1635662893 -1077324832 1130583145
689560992 -130818099 133738528 172598310 1646632479
797144509 302468070 114799372 -993324095 -1728583209
727925588 -1301430901 -368459257 335177709 -291627092
-1028675326 -1949095479 925360183 -336352458 51648896
-1697115688 1189822576 1730531249 -1570529750 -1932831108
200636148 1386662604 -1557330169 775945043 -2112912686
1563948396 -15114931 1915105478 -1056161928 -145008333
-1392358984 2116536261 -1054154180 -780789307 1458287997
-34265918 -1858858268 164216889 2138066068 -1484697203
-1385682538 374282269 1398226658 -1164992398 -652050080
220203789 -457847668 45389502 1163556341 -1619695569
2056533006 -881120312 49506150 765497571 1242361717
2038135169 -1171686199 1261084093 1526122665 1989396711
-1751819807 -1934839901 -173742434 1639800704 -924408861
1846376487 1369308611 -2041907202 -325375654 739644397
-551232156 -2104605266 1575947363 605341314 1258008930
-959942258 1300541895 91329323 -1276146932 -2121177145
-122136058 1544718689 -2001542618 -418645505 1961590998
-1615045053 -764883300 -983104072 -2005264787 -753241763
1459695400 1172637748 935066624 -1204056881 1963410842
1420241120 1919778323 -1794860830 -1055844498 -1766727892
-1721103561 -558270952 1211116842 -548893304 1800347794
-670501221 1798707366 1469656730 -11424682 -1253894991
-2074899928 1628372880 -1810588830 -1405911850 247666742
-604694062 50296874 -945306705 -1873761733 -2112357906
1956301639 -165851461 1062915282 -1027027227 786820390
1367194469 -925820471 1582214872 339193293 -1294352507
451717425 131737148 1101209387 845356730 -330925167
-201398809 144965357 -676591815 -756700659 485701669
-268154295 1497965715 911061577 -989039983 79298365
-1879114547 1337642264 466955975 1826356449 263311302
-992583202 529118136 -2049379553 -895059312 -599797740
992153160 1621520000 -1294959516 -1143891717 -1034580448
-1606920155 2068410530 -1120642394 929243602 834705389
-272514646 1640101099 2060092125 -2132126819 1297996783
1962974154 1616400376 -157148932 -914090693 -122488870
-991603957 2097164607 551881211 1367357620 1825533829
1837181831 71506840 1670057964 -508325791 -106280601
-137106545 687698855 -1547381637 -933373949 -21429838
567505218 -929681999 1936948361 1974197218 1749061541
-1270932735 1213014699 -908713794 1966840348 589916210
-884337709 434932530 -1185571593 -1424810982 547656166
-1031451625 2056836767 -134834626 -978773231 -756454109
-1054011871 971135820 -1080577759 -1861459900 709801623
1208359381 358627483 758834763 409241138 865469996
1431138215 -276480658 1992753970 875379491 505505061
1236952883 533290972 -1215199881 258477529 1455526025
2011078057 1142135952 1571487585 -1669296264 -1023955885
-1441817597 283173200 697255376 2006347582 1703743925
83801555 -1139697140 -1332590122 -1665897849 221844855
-184674411 2072158026 -1266330126 -2042533185 1897733507
-1014032173 -724114314 -353290501 -1442905172 -1655365517
2028467286 -1223009728 -2013521145 1801640604 -1958380313
-1528237671 -1035567258 284909616 1621631777 -1188878912
-367699191 -1077175465 45653089 322856978 -1791622357
1598302325 -352282721 1771519776 -78583906 -1950354248
-391431922 1754990471 -856284352 -1927029997 -1998540274
508843406 1018702744 -691957879 207860572 -1471741993
-1452740612 -254684800 -753684503 777303894 1034131237
-701621118 796919879 -1742117113 1616418268 -1999326430
-1241222358 -1155759330 -645966521 1666154376 -1362439841
-1864879084 1058416191 -969664164 1865987374 -813767234
1497589033 -2141600021 -1819750545 2100525763 -378661320
48340630 1163195994 897100688 -1119913585 624248815
1740223069 -1124157385 662057934 1934613880 -1415070485
-554090829 31441894 -381960345 -31932109 559945132
313766748 1637695057 -276567986 1882010818 886134961
-750550315 -1419216828 831370237 -627580838 -1540920938
-230787078 -1875363217 -1175344742 -1948485041 578151854
552266087 375263515 -319627056 1169339016 -1240138225
-782191473 259159097 2046039693 2017049248 -1999775549
1881166192 929176527 1532675606 -752683859 -1791810839
1698468897 -1999828673 1654915217 134252193 1235424664
841134345 -2075545525 1538732423 175688609 -1663244896
1148991611 476609463 -689600172 1747852478 -1544995861
850699437 -571090884 -721542512 -461739890 -1541714654
862480453 -1715578662 -163963414 -1734644960 650326005
-769793915 -1298901518 -846238952 377977904 1241964841
-524842775 -1937788321 1107844074 1626549334 -2058552338
2144486125 -131822732 1527851739 555154212 -1213461557
1469331651 -1843940021 -485096673 -2084370191 1667727052
1089562166 -1837421743 1355849859 386492576 -64861311
468447932 -224726232 -1407595069 1220718786 -77042199
-327753070 1185810800 -117652170 -1727915948 1972393160
1127809740 -276202089 -92027076 24703113 630630096
-1903036567 -142200064 -619195036 1264588523 1634284988
306731752 1646186366 -1631297377 -1091583475 -168462027
278226071 -1905783358 -1490642008 1785649540 -1810742698
-1171381456 965715045 386539821 -986661856 -1846482763
855313337 690402028 889320223 2096771962 1733832478
950357582 -907938682 1284477901 455146929 -1970988073
-984540341 -441790677 788312729 1638126617 1939194994
668038007 -39577679 1240704244 -1635103162 150857912
836768790 1996227068 -235017367 -1662320546 -422051253
-868181611 -1116699552 -739337476 -891846112 1277941920
-372644270 1746354094 -2030120334 538815761 -53669699
366214497 -1014148235 -1166980692 -1314887604 1912519875
-1107258917 1042436090 1952396740 2040836595 -777610875
-413376778 1254758848 1069571403 -305433651 -1324888518
141622510 67870448 -1848118154 1569330020 2072097060
607841550 -597015864 1094900606 442205567 1146080587
1832254114 -90707983 -2100097768 -628435201 1161043958
-753345704 -331153937 -965119177 1840226483 1804481700
1771542684 1619729849 1273054073 -337965819 -1554683644
1528693894 -638316539 960478323 -1812183653 421039942
524557533 787686157 -1210678996 1975214398 -1193334688
2107569108 -700879517 -226053978 1776512977 -59305335
1033295131 -791193271 2097419629 1845733433 -1992855703
1667287153
