10403 144 -36053613 1611650632 -1179803925
-1040477978 -429839031 1282277242 2014194524 1800257092
1506499225 -432174022 -717436107 -1433003162 287868656
-1219463169 -1408199004 -1755148910 -980380458 821144157
806377854 -608100429 339954974 296397496 1297157025
-415055620 1414891169 424915456 1553607851 -1625313228
400656878 -1164665813 214609965 -1238226349 -333939136
1767415781 -1856746965 857738265 1998293878 1983512627
-394188817 -1161237284 312508542 172666418 -1594494786
-1117424397 1841782997 800459653 305395259 -375967092
-1505912915 -1207284973 -107702490 1059548387 -1830431649
904677476 -540852403 1857365145 -1334281502 2115916580
-540051100 -177191565 861942357 1891658459 -226906997
1975049469 477724642 -812136746 695557746 -1770840471
1783143445 1550531287 603432153 64487007 -2039771763
-1741222983 -1773927119 1808834541 -55925440 833601004
-883837525 296939279 -976899433 -1752984447 -386041709
-1320086182 -1357315206 -751991875 -1561228823 -1712078935
976414258 -18907315 -81149675 508923634 -977332346
-1577507176 1278548509 2097455844 -1842060412 -183191041
1171222210 918319480 1041312661 -125708007 627023147
2076970142 -1796759338 1211894818 141939645 1261216956
-925954302 -1054273134 -451280615 1916801576 1581577360
769930209 266280676 606283114 1008351721 452020429
592039441 1946087829 913974551 1672582829 -535748509
-315331824 -922367487 1045418577 -983343191 -52100218
1580457444 -1949218230 945530947 -950340341 -1962139364
-395489016 822019294 116646780 -245714856 -763107228
517089729 1886965433 -1916339273 446899074 -1125616523
697996675 2012472239 129209121 -1423401000 622366188
-307759094 -524701614 -1330597765 1572682814 702137015
-64078868 1788480023 643047484 -1349288920 1375744715
246191901 1331937155 1336748774 -1010688028 1072658602
445171685 -214291112 -896293033 -1447490465 2139845677
1522185330 1098541078 768774592 68483292 -478088361
469975262 777172929 -744407029 -2109934824 -76493442
989459825 -1289974521 -1198176744 1574431280 689483242
1664199849 1410609740 1044061424 179811668 -695803635
1950508264 581175429 888394250 -173316225 666024988
286481801 1903479404 -1035389101 -361457810 19523235
-120761796 636716964 1527786116 1730151227 1833115221
711983766 -1071839944 -915334951 1093113396 -1411937640
-183821022 -1480259903 697393678 -2103233082 1324048114
-64479274 -297690348 -1327283916 445339041 -1365543488
1857873517 -1108701177 2014721151 -274131453 -636251604
867835407 -90395450 692042911 -139867964 744406697
-38135135 -30141994 1856071630 -2131085932 -1728753376
-1535333543 -193200790 -354298066 592241436 58241041
-1476929417 839461696 -1516404504 -1436194555 -922744662
-1101322673 812513670 1629661612 -314384863 -144809789
107169905 -1997182739 -785067590 1409189559 -859968566
896069584 -1817795534 -1231715046 203368488 2032935201
-1003305030 -1134453519 1831162079 2142922192 -260144288
-2067342921 1988740496 1308302882 -927288928 2011600666
1735721081 175047580 -1648636878 1457101213 617028237
-160047261 990961263 63665627 -1200385046 -1448132667
-1168497455 -874722285 -865117962 -1341511187 -2115698028
878866543 -1553335532 1592140504 1138763131 -1718701932
-1099591072 -1242668689 -902775885 1272549694 -434275607
1371400716 -619625499 -2091031500 -904813320 -220692021
-1984931834 -156114853 893264886 907894150 -1803686832
837716557 -1896847900 -30731581 1708063776 -1377769122
2058577363 -2113304786 2106919860 -1269936358 -1894150286
-1053889604 1379272619 1352423877 -1750328711 1267446227
1266162589 -362451608 137392286 -1373685844 949988303
-1382028249 1114562852 153154664 -393828284 1271933962
-48540028 334036337 974922421 569231141 20500714
297663483 -1615399106 1634338790 -843074836 -1594985098
-1298281974 1742813868 1876197916 1288874682 1345868368
-1415725586 -2056543326 -908033765 583099191 -369083975
-1554853082 1590150388 -277209397 2117980640 1991706777
936349924 1365082503 -1071118779 -157685952 -1171711858
-1329966909 -2032181697 1556988783 1561506989 -1090525630
1821877115 455360575 -60493124 -1661324199 1164451944
295724066 -1601081988 -727890440 1312454884 -1842382956
-1772770559 619420537 -952459648 977719199 -679918419
-406250309 942985532 1328818717 102639427 175189765
-646570111 -1928186633 -1584649744 -620141874 1975561153
-589757548 20940764 -1268223716 92966280 1046513847
-1102493764 1302075602 -1286589534 -1503448138 434315584
-388065428 1233444938 -730317402 -1155032743 -765210888
-1890743882 -1405816940 866891437 399228529 235329669
-1307344324 1315646553 -1451499164 2094771630 1972613409
296676660 -1407437466 -1855420625 802293244 151811226
-466704562 -1967142850 -1220041139 29631736 -288612481
-2100889943 856012590 -1910867505 -1306378064 -926943120
-1223728578 725421911 -2053387357 522101936 -91516341
179895799 -1192613769 -125988125 -1037212349 -126355957
-730603850 1792009168 1290204218 -974613356 993172141
-551056661 -1058086065 908785741 131126704 1733780488
-1762152158 1538033743 2044365744 -359309935 -13175257
-596438953 -704081371 -173002922 -1852737150 -509127138
-755206420 -700185307 -429572843 677783586 -1661913224
-459167045 119205093 717543305 1733202975 -1714338035
-1993929224 1570739327 -1598929509 2028417164 784534841
-1744826630 1274260802 -143607604 -1021882158 -1431940059
1013970482 -2056091319 2071406275 -1952730904 -84504847
1286033806 -1403225025 -764699879 -783236873 -1777295175
52860060 716704333 459578416 -1095289148 -1679223664
-1387420612 -527093284 1602704899 -414120826 1168837152
-63513394 403241590 1623249815 -145577919 1395162280
-979316378 921056210 -936392749 1166683321 -452847017
193280054 -1734486434 -1505074729 -501212044 172476025
1885032360 1911443500 -1014142920 2051316681 1663172868
-1398288019 2026598554 199128871 743597585 -324192124
1925365946 -931122266 -1246706912 1479800497 -382995907
-1426852415 -516024672 1140951616 -1210745074 -30047286
393298605 -2125175022 842431839 -1430873138 -739312299
1027921514 -1843876859 950776683 -1301919478 -1764712403
-1246395208 -1801003078 1825198279 -1796522112 1481650327
1826589711 1900013692 -1997579492 943101442 1686522458
17054215 1600366687 925386236 -2001747526 1693114378
-1044938481 -1553688413 -1816528407 -1005542873 -16546560
1297253288 1367980537 1417502583 808543216 -2131831100
-1012468031 1605101118 -1897472667 1479498014 -752085469
-1256707737 -2103941096 1125546002 -692443006 1149266024
1159003411 -1964978576 -492070013 -1312326920 1843888735
-486575693 1088746987 1494247345 1170170959 1978957351
-1979338440 -1439733551 -70792751 -223742498 -1300445324
462519861 2015257987 1743029150 -1128425184 -1413104386
572605928 753789129 2044514315 88050190 815092964
-1597160330 -1481379763 -1641870815 -142532949 -43288752
62412376 -1358378939 -1834181548 -232635120 -699309089
-642137216 782335557 1519775792 747037096 -1863851768
7023689 2125256882 1284535996 -779971995 1355511585
1099394464
