10403 432 -1321220721 -1634734148 1618573793
-1303070323 534010468 1623728305 1265814496 1909522429
-555529030 823532612 337751035 1229098574 -628936326
955355921 692645984 1156168261 -1880859090 -378886180
-1724328256 1713508960 -385904499 2003802834 845684396
967551449 -1916973233 -67209397 854951305 -342443320
-1777061412 1933079626 -251882858 -1059187449 2061276734
-1417060577 956743439 -1168908516 1973488729 1499127588
-800837103 1171038849 -1627873309 -214631772 122038883
-1639154655 296831284 -1238587171 -2021493293 -2075961105
2012055567 694307340 453527614 1556716205 1028943655
1870092342 301144060 1366191191 2076675736 -1737713915
-1075740719 -1641944532 297830222 1055254462 514070266
-639363101 2131092521 62375573 -1679475348 544394716
-1498071364 -8248531 1692322214 360758471 -682153981
-417565995 1810356424 1014802612 980799172 -1346621357
216227986 -1451916495 238316219 1620813108 317060878
1679086628 -421947985 823363300 -982275296 2020518466
1350183286 -625082558 -871535503 1661508115 1452640005
-866107106 2100933326 -1080642646 728817693 -1007650648
-1909650682 -218074858 1849354310 -251265512 2113934200
-734576175 -1118485073 -1462200328 -433760454 1554865688
-99684208 -1924429432 298103525 -1027752558 1553577565
-50027753 -275451831 1876521798 557123109 -2041786165
-1346280985 1892463784 -1360315954 955571261 388776221
-696425040 625145596 -144871177 -1115958295 774495713
-1717840193 -1863059255 1973998592 -110738760 698469741
-253720066 -307593193 102281817 1061521357 13026402
968031368 1617162730 -812806675 1694137113 -1142202828
507141190 1427064399 1223609947 1877824961 -2083870655
-922816833 549564753 -635756460 1481489971 1856488251
-1645974553 -956072979 2061103949 2040307883 -1939494558
475375145 -289198638 1941932874 1064709501 700050100
-1936359193 1865888734 1221189836 1284132233 -255109544
-2003258052 2013349078 7939824 755824551 -1398158583
-308621928 297904867 -1749109274 -1514392047 1524963615
75713204 111533584 1882605735 252014018 1171235517
-19562299 -2084761928 -1600114461 -1456886314 -734103723
621756828 -94722492 -1485685731 1798816383 1545782766
246061084 758058215 -2113933818 1384960798 -317063646
668022975 1820038533 1370532500 -262639232 -583065564
-1292107729 1656245624 -948182786 981915547 -762866690
-7114391 123871363 -544655631 -1600261279 1282136813
-545858411 -819595894 1614951102 -1782932335 523579228
-419948232 -357636493 140660331 1193191495 -2006837258
-302258994 -446214503 1013722389 -1186836261 -1363814734
423240937 -1526149209 357683159 -764064565 -45560770
-98154651 -1193258856 1938720303 -517905404 -1135855650
1227711714 -1056070487 -2105587803 1085122214 -1634141151
985706641 1851341686 -1775109115 341764803 1801629834
597066576 -930592829 -972023220 -331611103 546712881
2128948691 515345420 1642987556 -1285044532 -1937188649
789872842 -1812771187 1742516044 1379872604 -2038376703
2038063353 1038930247 1953867468 -2141473047 -92629265
-1782867626 1806628507 -1465442943 339857062 -1700354946
-910754331 759483726 -367308341 331029901 280224660
-155178002 -530186906 1828505087 -817661421 -1087057988
-1311967635 -696409579 -82517421 2018432532 1799087574
-262561732 2055518235 1633955876 273068621 1506528066
1331109778 -556256971 -1842696735 -821308473 702684383
-391167825 -872960595 -1320784448 -1233334204 -1670741311
-891100848 -1598567558 1550381048 365849862 -697697314
-1923282136 -1842973677 -1233177098 359491717 1749357048
-2029376876 -597917723 351466417 83800073 -712325793
-849333222 1495332465 1414259295 -2001628252 1651928551
-839293485 1341433321 1120016043 -2046397858 120665547
1753197737 2052898357 1569988793 -1263134796 -956261152
141131436 -907466809 756370393 -375592624 -615598720
-687625295 -1341549846 -1637738568 -925580739 369478974
1107586996 168691014 1863083003 610267829 -396767451
2037456500 1589081759 -638039556 -2102544799 -882962570
1729987797 -966019235 394337345 1784945173 -1534629199
-1028854906 1586894510 575801682 -1183472535 598631055
912838445 3357407 -1690552490 2129350822 -1678151982
-363607256 -392664061 4119171 -1743910535 1776786756
288027825 80893898 154506537 1529637264 905536176
345624087 544560922 242975269 -663680825 -659224151
-455207251 1329075427 1096462704 2099226746 1274218928
1259509544 -424554555 -1326488904 -2087854785 -1739761986
1646654024 -867148647 1013171728 297236066 289462927
-247076548 -1513083764 3430798 1631595031 410665786
116640993 934730639 -1182693778 550503875 1537817013
-1008906727 -783500017 1948719667 -920996128 -1605130068
-102081275 104666296 1847215766 -26084858 -399803190
-586100931 -1593120623 -1540674698 1719832580 1195474736
-1253903653 -1681319885 1570967550 1819260521 -960360378
-724951062 989526176 -595622246 229026685 464921679
1223577643 1391890292 2044004676 -1184817784 1689989572
-577559782 -736701213 -542322141 1823292214 -337914071
-393044517 36980320 -1718486483 -1650898510 1799444842
825389075 1133836448 1620385761 1596059466 153263918
788015928 270280958 926648689 -177742926 -408862138
-1399526284 2134578466 25105698 -590812990 1916014312
-1833040333 251937471 -212507974 438902996 815110992
-431471407 1049111881 1004623022 -307810432 407929105
2020330302 -713463390 1864852170 -2050169328 1682689661
310075087 -1612060168 -995589703 -187681394 -172967853
-1329475270 -511487457 1250348276 -110179374 -961718274
894065350 -2049088857 800100258 1285730560 -1518374615
-351590310 604957748 -468195931 479306722 247704618
430691785 -887570266 -1104389244 -752399062 903142786
1612977020 989020884 639649689 -646445864 -1790002736
1679081180 -753276289 1265547389 -2062401345 -707604977
-1208013368 1834741677 -263044690 -661195904 -1819294845
442094636 1368319409 -130496686 139176641 -717897430
-1699233583 1242073493 157027896 -158888966 -169624601
489325648 403496226 -773009079 -1223960511 -1016053009
-1673757990 1607035122 -188916852 1146308264 1523039684
1102330405 817566043 -1780274380 -1245789327 -1893173348
-1922348630 -325047216 -500729571 568544470 -2044929352
-227803081 1364026492 -745904355 -273203584 -1455575209
-397967671 -13863556 -604038204 826853671 170662108
1477740674 2010743538 -980079476 1506506730 -1542479787
112597777 1389102013 -117132721 -502920250 733481341
-918121733 2002536102 1001576105 405782688 -1062471412
-1307918767 1571834964 1131889265 529217704 911991653
-1964637842 783351407 271843951 -363019578 -1706828739
-519136742 36225140 497454720 439676933 1693006193
-447474870 -669741228 -761401813 1830780281 1136350857
-1052326372 498059796 903336331 -865741360 -1336245508
-1681432150 -224879295 -659547146 888542014 -1361763371
-997895124 325320210 185168109 -1009344650 1867775021
-1567803599 -986147196 -1303594769 1685335556 -343485197
662100094 -1951914668 950560222 1661958269 1858309133
2092385193 1160266715 -89721690 714535388 -825544373
-1876941702
