10403 408 1115102556 -981017769 679100665
916519513 -1658765899 499304727 -1847380847 959135119
-1833398585 905627661 1264887852 1847310154 815765825
538579826 141090882 -439164391 615527296 -1664390034
2126434766 -1336325084 -1162146610 1181006906 -852951712
-352390633 1931598435 -705775828 -2007409554 1425890984
1238350105 563726937 645568286 -1810538260 -1908764039
1862468949 -2061846110 22720614 1141205403 1872416360
-1327721843 516119678 -861899006 2037545817 -1456610565
1076754913 1074394793 936095567 377301310 -1359094649
-1100484740 -690782295 -1163492166 1875039080 -873608719
1284207183 -1558491577 -1482441211 -1231053392 1951423878
1993296457 2071588407 1399981271 -1386939507 1912167733
-944276441 -1606579650 -459200063 -2104161896 -2023948126
1678834156 -137014382 -1058339098 605343358 -1658561406
-325922413 -163896380 -1425777167 611337019 762758212
1219502175 -155484832 -626503138 -2023008250 -324508252
-33524254 1659544372 -1299654184 -7452909 484360010
-367679764 -2136419977 -670414861 -1786633726 -943027461
-789655911 -83543684 752339112 749010282 -1815271511
1895361016 -1973817338 -829310862 -1375932846 1271005596
-1685494514 865619795 1688312797 89958898 -1435253011
-741301670 -1981365291 -343807066 -1885981184 -1726101066
2106837789 846401160 1106192896 -252885330 882895778
2027893666 -1636125933 71746824 -488108298 -1332568157
-272854310 -1216181945 -1414896612 820394793 1866182830
-987423236 -325377199 -1934149492 1584024329 -155318347
123409753 1033926693 -587356869 -1374205306 -1263800703
1764886057 1515802114 90039161 2036325422 1075823412
-1428112350 -1656870376 -941223687 -2054150181 1868958622
-1767029766 -463979255 2015577976 -1935936200 -1728967376
1077650775 -1613857887 -1869244698 54730940 -1830622510
-1834371029 1026077902 1579269089 -860602653 1265829737
2033465934 -1146235813 -449129157 -871104931 -1076789642
1299234243 -1241966241 -1686900509 -998944336 -1460350972
493572746 454505263 210969196 400152199 558534228
489871697 -166294067 873642114 1928551971 777521792
837417888 1460166421 453589651 1868694168 165148556
773742706 2118357994 1810598799 412248811 1335569507
-146276021 -247053902 2057095645 280093151 -1368704773
-1224864513 1738927362 1033341647 787879047 1299288400
178192236 1358978061 1920306374 437647473 984728953
-1690719247 -867097614 -1586210581 1211558478 -1622847904
179748119 446445138 734809689 -33907511 38242596
-244603976 -801484645 -448356908 -1833084916 807443301
-1604494652 -589489286 2035092144 -1273895748 -478312281
808122817 -1437325054 -1926335538 1182102260 -2093676626
-163687907 -1379329485 1037942888 841101294 1762629827
568290966 -1417981935 1162423866 1719076936 -1203542723
350422208 -2052894116 -1168200340 -780956876 1940885507
1002439787 -743256013 -1320197378 -221699766 -502376455
1638995652 -258953447 -793632760 -566257807 486202107
-1539750128 -1251238393 -1832272105 -112999857 -98522820
-1550990885 -421463478 -1742958889 -1314104477 1667781150
2069100181 -1729600243 -369327858 -1512807739 -718607785
-620027854 639043173 1128379298 -1450180752 -363906021
-763267729 727500650 1985912766 238270794 615809882
1269939258 1354452441 206735175 1793940014 -270549535
-509428204 -195353711 -1841368534 -261111091 1558920981
1725026824 -1129952323 -1613970245 128538076 963981609
2028331992 468137165 -1542135375 974440528 370139588
-1211568215 -1562179650 1149395782 -277840266 1762022674
-1331050831 -1748245443 2099140780 -185425543 257776286
-261428995 -1642148562 883495135 851487212 2062399992
-1215566774 1880573332 -558986971 58089354 -522668426
1691651522 -2029353663 1261690471 563595267 1441157700
-1275845804 327886199 1289478290 -334727881 -942268216
2023614039 -1338938348 167290842 1751186891 1397675792
-436386757 1970135572 694962891 -439275922 1033687083
-346002546 -295086338 225337068 47234495 -818279141
-2083835579 -118542405 1189098389 -1424811097 1202223431
-167033251 -1217442239 -860214795 2131268123 2048760937
-220024807 -2106222555 989030038 2021622393 -1465370180
1129478554 -1831796959 -1230283905 506009349 1249364414
1728301538 -227036113 -321821300 269870380 -1823316217
-34025701 -1612223307 -1048111023 1669416516 1395935545
1112752580 233705068 806875065 -1683742160 -879251597
1590518067 1733685422 -485619729 -1287295810 374186475
171416867 1751714759 245915865 -1676499324 278124400
1429712375 1864214814 -1428049795 -2125589949 -637321304
-421582179 -1303870004 -1694736750 -796581881 -1505277027
-1867630013 1928435635 613758957 2060313447 -1033464060
840744912 -2083691028 -672322586 129521091 307290941
-962318993 1041630123 1443428883 -48001171 -616367558
1294358217 -1907014334 -637275802 -1554647687 58978848
-1046131657 -225186762 1779990791 916398037 -1259712861
-1127109419 2064179512 1749526056 -754805803 -2083690914
-995855694 -1622966560 -1490717023 1363115852 -647729069
-896575626 -1293406869 -1171294306 -921888775 -1067797354
1620355209 -367183437 1818447927 -185869737 1700754831
160510198 -990661767 1013551051 -759993942 -2105825710
590178744 -938521587 1144911774 581436456 1300009287
1754242794 -381020442 -2080151974 -3883870 -43957099
1056768899 303207990 1838340870 1628600116 -179343705
1060971185 -561721167 1604369112 967348759 319674823
239395524 313245174 196710976 -787173948 1471083351
-824482576 378434123 1899653974 1917721123 577801398
1312619787 -193369173 2094035895 -992468639 -1297019892
1769400120 188762530 -1475775093 1106866005 -706119799
-1998511369 -1402207200 523415284 1012196134 -1614286777
-964467075 -380335924 -1752552424 1558129665 1658663620
121893220 -1760632955 188071412 966235138 -400632619
1978704074 1228892648 -1224145008 1611650823 91662899
1541553553 2041920881 668856269 396963796 1132261566
-144980948 259551937 333889226 -1230017898 -1025780445
-1033488591 -1409773216 1518190024 -904400824 1684133042
780636454 -1786271596 -1984563692 -1857089487 1490076769
-880769995 -1773589461 607193270 193059081 -2034342442
523204147 -1054100723 1504948782 -1479266537 -1102505541
-1793453333 504654722 -1194407063 879342024 -966884562
940072820 1093595933 715197933 1835939003 -1273290126
2133822003 1007755066 -694164924 1973340455 2017399739
-1744311584 -995538447 -1315209216 392123541 -635835979
-793844562 242643910 -1121095651 -1801843542 -1352355079
-1161819757 129190601 1320846248 1605544675 2126541207
1739960671 1238537057 740702332 -1603483482 47730146
-1458121505 1329824636 -1731309585 -1968204077 -559456398
1362998143 448590294 1724367481 962252383 208247751
-599998114 -373178576 -1222663622 -263524134 -1624820013
-251602643 -1337736966 -1998804636 -944722307 -669341246
-1185359057 799700580 1360918854 -833759177 -1408755182
-697041255 -1767692321 -760884266 1096960463 -1497542392
366281577 -797118491 605082028 2067424414 -1648263675
22112976 1863252408 -405890540 -816172452 -915686773
762428159 -149328615 -79771340 -225530251 1113154714
-1602904851
