10403 504 466016121 -362037200 627988856
666848108 -1202342220 -1487833612 1721865022 -1694536522
-752182300 -284675351 1163195629 1465775132 -1574169681
2065232807 380345541 -1758265262 -1148180508 1468544772
1927708057 -218104570 788785252 1308830938 -618555201
674446121 348181312 -2135175608 -2129203008 -2060868788
262092250 1553730752 1460843791 -2081256479 1354665119
1780689879 -474510193 741509941 1684764399 1134063456
-1249928422 -941881620 531697414 -860011199 -468673369
-553236918 -663279070 -237527888 1903467520 399454658
-1203416292 186688178 -249696565 -965091907 1251170355
1085480182 -1532913917 40497386 -1599562069 1231849302
1161692155 -1715274722 1189316500 326795799 1488543156
-1956503584 455746443 -844456080 -467796180 -272590707
121817523 1564244427 1181164753 1581258209 1264947622
-1602129087 1218092868 -1366893518 -94024777 2055285692
411095550 1248609672 -301448509 -1975378621 1260463391
-1860543293 691290552 -58090375 1167609238 1774662998
367251540 -1271499457 -1284048912 -1450088287 -775765727
923284507 -1708139031 1174013131 184221688 -360551054
1977652903 -1446500553 387365593 562340593 1615457438
1087919666 -1229728453 394357619 -1003221614 -1935552053
-2141804564 822809967 1343176717 1808039302 757196093
-596619651 2085940049 710716749 -330221461 -2125875542
-485706729 1516091606 -1268664179 394848312 -1162397953
-984380832 -179828087 918675484 -1385029600 731242116
1357392432 -206146753 -497953490 -572240898 -15680376
1320333698 25548510 889798232 -772111120 1872384443
1480102170 -1080827822 1272095580 -295687209 -1063766586
-1251349671 1410648108 12247301 706766906 -1438364860
641906360 -1010751101 -139568896 -73272904 503431291
-418015242 -5991184 -10719388 -242988653 -220709032
35399323 -459245961 -769744743 -1093111317 1361479900
1976584839 -1169157423 -1718929095 -545986454 -1285861864
1208426929 1477307287 -690719568 2005179447 260348411
-987747123 1794482199 -321312611 889766660 1952993842
1116950356 1364245399 -219481523 -2124311927 1599063082
1193425496 -734458203 -1696728643 1797391181 -747366
1224760839 -138096326 578347546 -1504468862 -16179235
-1138284715 -1160549745 1168265683 124240811 467436939
1242864486 886913292 -1106501771 1093505058 -1612484790
-1883290521 -1143088906 879946081 1492390564 97221743
-2024923378 -2136019412 1192065598 -530918140 -1555428938
3544257 1678666161 -1869627553 984514999 -162207938
1033452632 -1657776136 -1548000919 931797658 -1232025549
1082769123 309620202 -883889128 218535572 -1308524932
619193043 500352012 -1308709705 209468264 -1194303909
-1994966049 -1820800212 -1652602348 -1267998611 -789886715
-1794190970 171085544 -1155825273 213164445 1046063950
1667908449 645621907 -1266934701 -1015117896 -1920168326
583215645 -1932736161 -1294877905 1414330907 1073597919
-2001905176 301637122 -1797963925 1413093289 1092896535
-1678420387 -575843527 -1623682953 1643369464 15206810
1237110197 -375082068 -1861215131 49702853 -1152998330
-2093665295 1060834690 -843666731 1466458980 -862094660
-297869101 495042497 850803258 -153177324 -1164872007
538450827 -553254292 -638402027 1508694427 179029321
105531177 598127283 281604120 1327887971 -824698704
1796877783 937451055 -456388250 -1522253117 -543727826
133766039 2008907329 568437437 661434890 -1732608567
-1961142888 72856870 221386570 1301065152 1696587691
1389953289 373916084 -677271782 -566861064 -485605746
-1731007026 -24652168 -253227326 -146245679 -1320516480
1302170072 692638148 -152648830 -2038570095 2038610165
1588045254 720766822 258749321 -1472072613 -1384672026
532786056 -1339431270 240447762 -887831289 1485360012
988810917 -598050772 1305521931 -1152131884 1255422375
-1453398595 -35352024 -1260648419 -499475685 661737659
-1249268240 -1180843288 1763383268 -793860804 216850555
130876167 312829107 446624738 819748163 -1069956045
-1864314888 206266711 -452282311 -379104611 474000391
-834817854 209996818 -763562201 -1696652858 -1628387924
829562820 -163892259 689838778 -1729699337 -1068806089
-1337679770 -10972606 2128661417 387528250 -526745043
-1029862419 819364505 -1313792321 1634578679 -1729314802
395843514 -1025264626 -581535246 -1010159933 -352071423
314012743 1822551388 16742019 -1942890993 -1601311396
-2094103621 789535150 229239443 -1706121232 -1654651449
-1580433481 1264709038 -589388572 -285609588 -1581392777
-970092555 -1078354278 1717254885 -292226139 -194141978
-1536787090 1798369640 -239234660 305360755 -787510356
-2099527799 10361480 -1659701802 -1550104205 99431774
1640012796 -1222423684 -1648820375 1043364297 1736500718
-468592135 1115850937 -2003700399 -1273339715 147277184
-2097145172 819869166 -586729907 -1811068324 1653546357
1128932871 -854813697 -2121130187 -442660395 1715587254
-97973205 -2017445722 1348357476 953971252 1131611005
-1433104043 754433594 737760122 122726784 1548467286
1951389456 -1099246448 61877357 274275112 1926229688
1456046623 1696833488 -296485660 -1732262831 849008019
105398085 -80801073 1816676213 -605196448 1926717221
1704912046 -1949776173 1061249184 1936852685 1060746030
1691472125 -2005568342 1319237139 -493926857 -1913730016
-806059726 1144644103 -1675844109 -881849557 1787952191
-1941333103 -274505698 -1927559293 1768077452 1408468267
776374972 -460298922 1905096891 -1273223295 440747850
1999672678 -789990732 -920437057 1072205464 -198477072
1226363773 -1023244257 -63959589 2094708730 180235163
1317922375 -1262781592 118651603 2077035585 -1477664528
-894845625 1104002828 -1181994150 -847600313 1647571476
-630569075 -1753823580 1850383612 1370244467 -641266931
-1845547984 -786136906 -381879231 28206385 -109345773
1950623729 1278844763 960501455 336853960 1732809970
596585448 -2068300319 554187551 92182997 -2064193964
-644134185 -1589961540 1741968515 2097305497 -1061032762
1983259607 -280067788 961295958 -1503747261 -1292653053
-1963200422 1510070576 -378631779 -1308080307 1290264250
-677256513 1852563111 1194383924 1990692699 1346497149
-1092087660 -1950090987 -1165443624 -915232766 919940914
982138543 -955564843 -2130905884 -115432031 -340403250
-1849958703 -731542516 6930040 -1373300253 221132092
358858858 1281856560 1919693667 -2116250762 1182829143
36360757 487428761 1673022489 -833267005 -1074667064
231898112 -1363750463 414641517 2078027615 -1067633511
1607643565 603466183 928754989 -638655326 -1746590775
-355147688 -1785963648 -84077430 793782451 -1789521344
-327018910 -1013318214 -1140273109 540050242 797827609
1462266474 999088069 1336699784 298146754 -1518619199
2013904343 -2055169151 387247249 1507829263 -88778496
-146693196 -481464823 193395724 1847638820 -1337894460
1975992235 -241786554 -673552874 -1761224967 -933511832
-1038753844 1341143314 1218773563 -729985459 877808226
2013099336 -1342993644 -2093988719 -646322137 1383742258
167619351 1232754791 791938111 -1829459369 405901015
-1988095900 -2069433603 375744317 1348008830 -1750910236
2055151814
