10403 72 1786541374 -1741162894 -1101597199
851311639 -2056352035 2015797371 167998285 1577438932
1229160487 149347463 1213249123 1933958281 -1319059840
1080963122 1378772359 -953607148 1808246099 1515683916
-508344116 -748384967 -1824045804 -1966596443 -1141536806
-1773479766 -171533667 70953156 -1753851432 1074717723
546535043 258176827 -601015887 -115205682 207291558
436300893 368484311 -744440565 -1590924816 -523278013
-112180604 -1679597176 2016783787 -1070832346 -1416848588
304755648 159581312 677018558 2067167264 265316195
874831063 -451718368 -1260882519 1860805976 -719740934
1963047653 -1624456451 -1186411201 278495747 -628111548
2098647687 1699955988 -1689779626 -251985955 -1599309191
-51019682 -759224637 2015134750 -795117712 102892636
2107673371 -1913861836 1769764816 861005107 95567714
-294988981 876972412 -1338234068 -810273017 -1969870711
1551796923 2128402900 -1390476354 -2018815845 -251581140
828806448 -1899850065 -271537865 -1124378590 -1445055543
-1724846755 -95809512 1667226585 867342816 -2147453089
1630502392 1308864214 -2008645704 -1059683758 -1545462214
-867006970 -95209030 1500529246 -1111081367 -2025154307
186445466 -64398628 1541294187 -1468393547 -1527525239
-1535090522 -1184814223 1026600149 95242324 1001884041
-1346484049 -1055067434 -1367070769 2134161972 -1863134708
133275572 -1037999583 -1455446789 -824806006 -944654503
1194522698 -226053834 -158062369 483272957 -1294316763
-419133202 -714294154 -75275023 1112105085 -1035899946
-582709476 927055832 -225096384 -1436714244 1018504459
352598584 904406962 -1961442863 731404481 874489458
-17461434 1894508797 582411568 -1022208856 700197900
201232987 767521229 791775565 952850047 -818975654
-1604853550 -1811951233 948365190 -706578515 -1023243258
-788382834 -757503405 -891964010 911802136 -1917712763
789259620 1785269033 -1693534285 257264973 -662926963
351280717 -776452909 294444564 1872419449 75484084
1521128249 -1298497719 -163907190 -1562684268 -1443934321
-378844200 1133028568 1839145731 1146543552 1524393131
-1427710763 -1918155165 -652406425 -1246385709 -745227244
473207459 1902349078 461053068 2126780077 -342324524
611573344 573559996 -2122498303 -1042871988 -1597340568
-152887478 852175622 1808052679 -1886285631 182951816
-1612367226 -514410057 -815077057 -1760591200 1375589821
-483460968 -539760467 1461056411 -2013354121 243574143
74970434 -273489443 1072226610 -77165885 -227846360
1322624053 1402729662 -1896651149 -613945018 -2092835136
1149021367 2062066187 -1149651666 136575910 1605687439
-379315497 -1182589351 1192896873 -516278096 -24783887
1773167622 -1886142341 -1017756069 762275933 -1668766080
2117015323 -1548115677 -2070714459 -834889746 -1578990582
78454171 -324411294 1536104876 -1417035641 -1535563563
2009529413 1889752992 -583696979 -121456121 1065945280
-116312339 -1333160167 751801846 -1648810436 1273287817
-188420163 439120844 -16201142 368674603 -1451341523
-692602317 -2113306631 -1543820745 1765634625 -63411631
2083632007 1540691783 1677942615 -1519665463 1840412420
1475824889 -1824547641 -25580016 -2053287245 -1692721021
700964980 904652953 900104203 1473027312 1353456146
-1939701768 386081678 -838063748 1927666020 230498032
493509733 -24906438 1019068113 1362595891 -2137372249
161652881 1151718788 2004054137 -1111671470 1993642245
-371359357 -1279558777 -1006384432 166913442 -502421675
-1138860822 -1487781241 376383894 -1843995619 -797667266
-768101036 43142068 390031842 1267656709 -1856995859
-1851574391 -361817084 -1844001018 -1947788190 -99233275
540802873 -290615653 -2068428268 1858701946 1185988290
88742295 447103559 386591895 -1506124103 1709437093
-188525046 705988552 -503368615 -1036036952 -195975690
-931671915 -86428362 37084166 1418424564 555173178
1007336888 -819897600 500101434 539857914 358162865
-1160307392 1145529287 664052990 -342486469 1777413157
-1074461924 -1172731677 -1541939098 1480358098 -833800143
957553278 1782932413 1706701814 -1396304696 -601581523
1042247320 230771709 -1675334650 -1281214556 -775791942
-1862440681 -1623409677 -917223487 -1232375482 1905921423
97144887 586937518 385841312 -254556104 -1844880636
931418627 656093629 1486707408 2117196788 -1944787744
1074224569 -1806833656 -679897325 -554821235 347749330
391775278 43815948 -784022632 1328613089 -867856614
171311494 502304086 -2031866022 -2137944442 1282639163
-1716506826 1546829920 1209217683 1900038676 -1298527189
-1326215980 -889492708 -1440047339 1360322001 1413734074
-52698211 -1241131278 -1982701341 1651700467 1413458437
1989608561 600306104 -876370128 229907711 421619646
-2049258788 -1992094714 745047545 -685351062 542219802
-216381296 -1084883918 -42273115 1182293220 1594055558
754520230 -268563530 151402436 1070127247 815151627
-905161815 650009254 -753442186 1857400063 1370938465
-915470528 -1760243065 1025422819 242260933 -80486829
-1774986123 145777385 619402179 117845066 617416739
2050412544 301172575 1702359915 467849685 1946383337
-1594164584 -1391828647 -559724224 1143240690 -1187904297
-1739081167 1180033051 -481001622 -544358115 -1476834292
541361296 1438653049 2061631085 -249821647 626090785
-1748851140 -852725718 -481044544 540699879 -1188027787
-1672716125 351939316 1326915424 -1804562270 1327035293
-1584102789 187156388 -173637423 129371909 -1309186843
-2008566679 -138778640 1937875815 28141129 20765750
1220528498 224419582 2096740228 -960946544 -585313016
-2016676306 1104227041 98071030 -2147301182 -644404542
363393587 1360130564 -1271952364 -289580382 -1675361442
-1692457950 734140777 385627691 622935705 162164371
-66696780 327378601 1320738775 -1099532116 833367824
796769304 1021971414 678885698 -1659548860 2039059583
531181433 58578620 -449574266 1470451771 -1997309064
1631683599 1977607689 1786947071 -1035725857 -1053420544
-727330262 -1048965029 1457261513 -89139301 832596103
436054374 -2141943320 1957369068 -1104206154 1699761300
158837174 -1333995563 1363125733 1554684978 430578341
-1444184393 -425797120 -230201858 -1522896039 1942492237
-1285239409 -1492026294 -72051577 1826135784 -1746377769
1209558613 -1309228462 475761733 1294578850 65448161
-1754712182 1864871476 475560748 1409626410 2017236434
-1209425819 1161962198 -53324454 629771444 1600131774
-368347147 269762798 1049582380 -82653941 902271495
84416769 -825623604 -768843185 -1445410787 -943422146
-424460683 -2113005193 861244590 -1738863158 -1583371809
-600679469 35823913 -3144956 39895410 -1029202592
-2115411899 2046566114 1426092156 -459523893 -1468627210
-1267552571 -1083711958 1395834052 -1581544021 -1960144333
-1822184111 1631943664 1924788583 352331402 1792936304
1243613700 -1463044213 37621344 516704373 674850573
-463752526 -1601458502 -1123288268 -920927158 621329960
1764508669 1509393551 -757935273 -709575903 -2045291477
-1095153490 -392985982 -1540483490 1924247703 -861587379
-1646946198 1529536219 -976845667 1891291010 1825036981
1149137035
