10403 480 -437561073 463557415 328920405
2015815695 -1861800393 -404539879 1521200389 -1139110034
-205312074 1117720553 1232841202 1447315580 -1199494448
1566681269 -2117320172 -879245722 -133743727 -1362006689
-245009780 -482087108 -416170076 -445846985 1581433276
-5476436 250789256 -2133731403 1092159972 -1376489051
822147783 -1052886026 366436419 1160736458 2048031719
1036040610 -1368371134 1011729505 640036579 -2033379286
-1449688483 1703039316 661906310 1850910465 -1661426045
-658019743 -1151308554 -1899178045 1183115494 -291980406
760567223 329659743 -129829481 -1102973664 1839641216
841312340 -1871782540 428955530 1123605045 -898311144
-604863804 1340652846 1903344191 1041880357 2118936516
-935836646 -1126706215 1513731645 -1897447634 2096742073
380176216 626275464 462491107 424611575 -1734358472
1137114348 499091635 1508290679 1549955697 -521566624
-1924429527 -678606542 -1926544832 -1134988619 417369623
-1767044210 -183922926 -606109501 1719556794 -1678206182
-1109793851 -419822049 -1241471019 -1828734089 583919046
-894741377 6970156 -1168864732 1119224800 -56313313
-366137090 -1742883990 2034193027 1639826546 -1886962190
1206013184 -1463206331 444532189 -872273695 -1185623859
1957003504 -1620636801 1133217862 2057607877 -1542310341
-1123986982 9914905 -430220863 -1134840403 1309958219
-680149187 45370234 -2041877539 -1046243081 391139111
1094842873 933486164 -20205116 1160397093 714016501
2572706 -448130982 -2143557983 1182748362 610558305
-1747486589 2100473616 -1241584440 1278286045 -1424520135
2091026884 1901390082 -1366705598 -407148251 1083805730
-1639508515 848330215 -821981870 -147068020 1910315347
1360544695 -719859430 148363629 -800445809 2046146236
817405864 -1328424086 2143719996 397282369 580497124
-1858132805 -872129487 -606758849 1580639250 -171652433
338852025 1433458610 -103386697 1422731301 -706944417
2088415996 -617841721 -1155253564 -1314227194 -266174778
1481448455 -1297131887 688830758 2091484227 1101508537
-1607897459 1414548995 -346388218 -1151114704 1710720229
-1059483056 280567484 -1348506869 -1428635048 -228133338
1453766530 -246612792 -1629207448 -119611942 1441972270
245904777 -536560793 69177310 1865760962 -1454226988
-2045538860 -2081876126 1840760418 -844204055 868739105
1399613221 -1522705934 249795419 -312984253 1690977144
-1287210387 1707853651 -636148168 515622335 1782131690
611706537 128816607 -415798859 562894437 153860612
875648237 1060882535 147368551 -1788327486 -1444886972
-831570824 384346291 -439040905 230452703 1358239108
1143054781 -1629372678 -822703660 807620167 -724730556
943883167 -1100355923 -181639312 1585459677 1951413042
-2100923125 964752583 166684515 -1644101695 1434795234
-670338491 -1926980243 -773949587 -2114273363 141696315
-1137984678 127977747 -1311150451 1767865118 264194923
-336442565 -429204010 -1132258571 -327610676 -220062661
-289909788 -1415133256 492666379 502887723 -96278042
-1405158077 -660239752 -1407336301 2105553244 317500951
526871871 -1973446608 1894312407 2082239883 -268244665
29755613 187117315 2130127095 431841347 -541662148
-1258188851 -535576226 1969025327 -1604990116 229879028
-290116661 -738633846 1565055501 1873608287 -945791722
1374753063 898433055 2052646175 -166471510 1735576872
578363457 349367764 238209079 -1511088413 -1010719334
-671863003 -548129330 806197846 -194633895 957581835
184962259 2081459362 -892614466 -359489150 -1819682795
945258572 -1819607280 -1060956643 1234079231 -295170237
1515516550 -1475459027 1639617022 -391028734 141698430
-1586252722 -1115120337 -1962565529 2005053354 551885276
468199260 -611025484 104981792 -1864510208 1256707605
-857167131 1916345348 -1666956904 -933339799 369910370
1570471189 -1519833479 2133491697 2104044972 1536603872
970260047 -1787511823 957526404 -1795370563 -1348085369
983088870 136306866 -1206821515 1744268960 610023363
-1276538449 -582337384 310782730 -883155507 -1712446366
800993660 -482545704 90353371 -1324954133 2108915254
1672936469 505967182 237661556 -1378933335 1497242662
929933719 -801182633 -1785172498 1077976706 -872391214
1216999075 2096638339 -2059946707 1432807586 2098170135
1569440481 1380950388 -1444482470 -491884530 152347225
-1407593266 -1137250791 607350273 793779503 984356391
-554570720 189284868 -1126312883 1217486435 -666559241
734700389 1057678755 1559805091 865484074 832648120
-86550207 1393780127 659537628 59081057 316984560
-551705718 1781463630 -1448162085 415116143 -2044963596
289139372 2136237593 741530980 1514882416 -336133821
-298912717 -1227598454 240479711 -1044778528 99525344
342302347 -1980091627 50833240 -396135579 584977633
-424613487 299397944 -940876942 1692266419 726963906
-273841383 509938085 -827474780 -2094429605 1121245536
643652104 -1283805601 2006997193 552253613 -1109322036
1254238452 -2147148780 -173701909 1941867802 1762338486
1648298571 1587751377 1467491317 -1519638732 637763171
-1038335356 -373941160 -1712211524 1438139932 457064805
-456811051 590837935 -21997070 -765042107 562053147
-571797915 -1613315027 -1005723172 -2093188276 2030737715
-2047575859 -2097964598 1410342140 -1828224418 -1807417984
257610202 -1598603915 1337134302 1397868736 1082586541
2064631669 -952252371 -80869889 -2088453373 -1914948107
237188446 -1191316961 -1015912104 -1406457231 -2128139501
881025565 -1792628953 1821803032 -446268700 876215421
859861838 819892200 -1510703017 -2080018015 2047884093
-1232712799 -1259534493 -1339166350 1623962006 829781944
-613675102 -137560948 -1970491534 -37946800 1161423813
-611650561 27810361 1011996465 1269150492 -1906073941
-1708700970 838097953 -192065435 -2130724640 -1167715556
-1899883950 -344369520 1736900762 -1184651598 933595320
-1761988490 -160135481 841192459 1157041009 -743490018
685421750 -1680439010 1010672794 -1684069752 -43283770
-300552700 -1016002074 -2084877389 -897780027 1091471790
989700965 -328184939 355620989 1057886253 1113853569
496178564 -579958180 88573231 -275661589 455647861
-519133344 -363734366 -946179161 -311738542 315906812
1007176103 -262486212 -448166917 166482314 1354768298
-1711890876 242921392 1779721482 -1511740115 -567439151
-908820536 600820891 508477808 -847293918 1382393495
1899875393 -1074927970 1487428598 -1127497604 -1837813408
-446148747 181550053 -1345994997 42029512 -1256716158
-826299784 20203267 913724391 -1340998416 829352334
-305397311 1922253044 30189490 -105886415 -553922234
984659969 868985824 20020054 -2062017893 -324189879
1042196837 -1081826890 1238881356 -356101527 956714737
1540862653 633280792 -265061767 918448125 1209418101
-1744897216 2122362848 -744578049 -319436571 -884650962
512573208 2042909995 -1428598230 780533776 1147023168
-1862150922 1628545579 -1159172118 55753683 1343942259
-562366369 1850129467 -1150843784 1960112397 1596440679
-727405837 -1375816273 408951446 2036999873 -1100276754
-1939637556 -655561309 1918431951 11045705 -308421819
-394748615
