10403 120 -213382382 -953922343 -1843675363
2041834265 85669852 389433294 -1590849944 -67204268
110629885 -1291777804 -1205422076 1809723782 -410777196
-505087022 -1078947952 2103852859 -906105652 1534557137
-69593415 1609976947 -2133193284 -12327735 -1918614045
294019858 1858692287 -119102952 -1296329226 -70126343
-1940743337 924360977 -151814722 -783162483 1206126901
1061432323 596691986 -692207155 -24541985 31775641
-493784392 1263962783 -1968071519 1765623169 -1171630702
-1522972004 1847283676 409389308 2098137154 351836792
-571452486 593350939 -1315781545 -105703831 1155589231
-300034007 -2026913494 -2076223639 -494512464 -954335317
1331526497 38568254 1044178154 533885304 1401902104
-591121093 1982330957 243801044 -445300501 -1768521149
213240349 -487189151 403123592 181852801 1461444902
585674376 -633853118 -1108939677 -1739423217 1533339714
-1788432289 -1995436886 -1406433382 1063466450 646908884
-1822177131 2048266913 1312093729 -936303852 -1759610546
-181880738 499974814 -990185335 1345081657 1761048309
784519620 7936668 -1234659922 1390643073 -2059916657
-468701841 -2029075811 -1119657398 1105712412 2038124253
-1872740387 841627456 -2093752392 1084190585 610384142
-1990774865 -1047729027 -333763640 1860691227 1597394382
2007905630 933950065 1873395689 736731772 -99549970
-1405046284 442329294 -2079728030 742724536 -409761717
-1485961619 1254550552 -963925795 -109011821 709684930
397810011 534064485 1396995247 -1380544038 1914761582
-630371028 -693131241 1452228103 -1068130296 -1535744656
1273598759 -1963811239 1533982622 762581617 -1363798087
2022459114 1450846490 -336439114 -850518574 625183511
1734959559 731436000 770670960 -58371267 530205141
128016480 988582920 -1096020380 -43139095 911169997
-149000833 -1956394114 310646879 -412341974 1005766835
-198587077 273402741 -332088070 -840378662 -883011083
-1533241930 -1563967586 -1291897268 969923987 -1430230300
-1281851023 1345429836 405093014 -1625284153 -483374003
-562615615 1477959507 -342036628 1662772398 -1088441694
-1070190436 1156790991 996169445 710274091 216679646
-1956185744 1429477217 701460242 -1021536242 -1885644971
1107698651 -1761063795 963028975 -273765353 1676471431
1236832122 -797630212 -1852032027 195922455 -838601923
-763971146 1342938955 -1305699004 1067251641 -929871500
-181325977 1535248188 -573240844 -1958830789 -781169091
646521812 1619899347 638227817 1666030992 -1995988005
-1180808835 949493005 -1881717580 756557320 -1782676778
-659328085 546812219 -800079393 348790024 -2016338644
-946435992 827757304 -178029480 -418239665 -1003821722
1219298652 1241849478 -1720718310 -1736893595 -1071860933
40212755 433252390 128546275 -1426511685 1519465996
1442530286 -818593228 1527924312 -2083653553 177244063
2062817805 263013686 878609435 -1307997355 -525393861
-787003017 -1968454911 1843599567 -485288504 480873449
398194877 297757869 159899796 -1000352656 518848600
812964652 1150790345 -461716288 2065813732 -1024428465
-889092383 1369274246 -341620961 -751901517 -1816518573
290180908 -1992599573 -2030929044 238625784 2069241797
1265102908 -1649096469 1860766013 -1185506005 383163739
-1047995772 886491008 1207350102 -1510316605 -1593130095
1277684409 -793697503 1824816769 1871450581 -762556345
-2006896299 -1006209677 1593192296 1502544165 -789875532
56940461 252292296 1248602252 961058570 1888475724
507068974 719312938 -1327177378 -1685012675 -351380692
-1826811352 2037941712 -1663074641 -364667170 -416138933
15461127 1376803081 -1693978213 1238273180 -1738699554
-1809688829 -1836448055 -1570871477 -781101817 -1376333453
1510772867 -592650223 -1870937291 -1138463949 419444086
-192953346 -1867847618 205626461 -1916441927 107922355
-461093042 703988692 1459929264 -1013002338 1618085066
1775517384 -1863052356 -1268953786 1260194559 656026487
-396886844 -8181801 523508708 -75874316 -1938418970
1087224438 -1801093153 1137968389 -641211437 1916238356
-874468985 -1874004447 -100659278 -506268364 -775413141
826336819 -1977196053 -1658507740 1632430869 1649985008
-1789609315 -1091360033 1043091250 1874642024 1093788450
943302611 934185484 900823077 -2034941163 -2119557482
1550693208 10450759 716387607 -1908282531 -597443591
-319179556 -1114819547 687692099 1740161368 -106717967
-1288386396 -292071328 -937733449 855144471 -1825441048
-730187978 632899590 -122474883 1801777807 -1921343403
360412639 -416506498 1749813862 -863060108 -1706719917
1665105231 -1111023051 1739057606 -2101216344 1013524800
-408269758 295002554 -578173450 -2094049273 1724255521
613036192 -251928349 1981701132 -1323762987 -2076716292
515808273 -1749423809 837843965 440678065 855729182
913369911 65562404 -1965246786 -1009566784 -1294557269
-807773196 -334094426 -1609372408 -191099618 1959841321
1991182595 -1717257614 -1626774811 -2061304444 2120756958
-1761324828 -331187014 1153380502 -1854528495 1186146205
1339129665 879721187 1429216305 -1330373210 -1646102886
-1673965726 872644057 74735449 -2083919368 -2122399533
-1288913898 -836312366 901878182 -2009427771 -229205057
-1053433041 1455148685 -1545901430 -2101922517 -543210017
124572592 -1322253550 -259331510 -2054452809 -1014352768
-363560619 810257432 414394770 1909578330 612036186
-1822889123 860613597 1874572881 -1418848002 559122803
-591494970 -325234811 1270889736 -1213093887 -38110768
-1792221182 -1394110333 -1005200785 -1741644271 1173112893
-2037511864 883936107 761501851 555179586 1096621033
2109458969 2018780714 752313498 -1377526570 -974929191
-2093578748 52273432 -586379886 -1769988349 1646183799
348587608 1545208070 777142774 -1133450525 -1222035412
-1413126168 1983564048 -464229808 -112291970 -1286304893
531561703 -1833543724 627521770 -223749926 1370262715
510275584 -1603503521 1810475444 83202262 -450186029
-1978201143 -803476328 735594574 -1223849892 1045752061
-172319374 610918061 -450597768 -165004051 -1540957609
709099813 -1693963186 -1226801048 -1046312176 -2007085870
-756795140 -693470973 1588445576 1201549331 -1099884922
-762575098 -1556988332 480747616 388541795 988870512
-2122292225 2110801537 380245987 1191787661 -164915363
-447740899 1061075906 -1737547252 1423152663 -1543005539
1830619297 -387770019 -1259849536 -648040024 1347074005
-1693645411 2123402399 788785892 1214303051 1386286012
-740634059 967994017 -844533232 -1265389332 1587096671
1723322742 1070909537 -966783587 -2127073268 -801004910
1454967291 -453596842 -1840680624 -1630038129 540821073
-843346957 -23624406 -2000500181 -2065070823 -396727142
-1496782302 614283143 1377267916 1843342130 -584826876
-1453052469 1422403496 1526720181 -2049233897 27122590
270033406 -1667734702 -870479539 2138917445 -460937576
75367392 -1265837146 1798278116 2143741997 -527194018
-574516764 1024373991 1135726210 1523211426 1931507282
416456768 -1018242775 -1115821879 96832548 482513896
1758051619 -297476309 -1316975628 152624208 -1612183591
-1438811511 -661924251 146927565 1453459297 -831593410
-181748995
