10403 144 -447753576 992031937 -2112380382
1000399449 -1987625907 -768927681 1431579924 -399624106
229605764 978005892 -1444417110 -199785882 729075156
-181889553 -419824802 1926069933 141394687 1617880216
432374757 -48295476 -568353405 -1630776140 -1240322042
1036138188 1839982497 834955684 -1322235696 -135896588
1304589067 1997026875 1476625504 138467023 1539529088
-1353901385 -858096466 -761791519 -918562229 190921634
1887842614 1686120649 -592176535 -958394206 485995896
-809585578 -373226946 -1818783619 -1273138537 -1249512762
2095053634 524916300 1502540631 -149160736 1462799233
2018018643 777865570 1220179150 1938438653 155274491
-2041179786 511595000 -1478273689 -886569896 -1703155712
-152572014 -517676747 813363398 1907074337 -291589047
201416168 -1661716074 342984722 -875792214 624761929
-1654687889 -1736983262 -1212790188 1137231941 2014780358
-1138578274 600348938 -1876052668 -824912418 1228213
57749602 -1066086456 -2082336910 -1275539581 360826468
-288067994 1881102176 23342145 824002707 -693496724
-917962510 863652725 -262637750 633220536 2028602803
-899333855 -911313791 -1881249074 816488289 2118798010
-1830634880 -929242376 1796127667 2059472823 -207382445
-216352571 1087755659 -330914332 -1866578311 -1487980770
-1501166359 1703047490 1148109557 1443293717 -1414411836
-1357225883 709022898 -1515595706 -198109973 2075327814
1187894630 -1864871428 -1125289177 896605735 1080515323
-1435627773 -172029186 485156855 -1326450588 -420068513
1295919232 1679124663 -1981282886 -1368544847 1792174519
1186052678 1365766585 -733885743 1922520357 1237943173
1453717625 -1547457333 -136852659 -899078364 -1213387450
1721204479 -1156204096 10929380 -426212715 230732006
409507285 197900998 1363113060 -503143847 326766865
1139954023 1231808433 2068356385 1191380302 367533132
1801699684 -1491716590 -1496867165 -470043311 -1747519096
-102620231 379671328 -1122699749 -213020088 -1513909369
581098269 963028569 1099472122 -394991474 1890815202
436928527 -1143992020 1490420860 -896734054 -818403919
-1592768561 -1810639598 256384152 874107838 -1889331790
-1342150670 1640828238 621898494 1370828867 -176183991
1706087470 855143660 -1529142293 -641037733 1458613892
-1734711085 2130156820 601570914 797043868 -309380659
282945352 1258089895 -1644747934 1636151121 142912248
-1485674096 -1227688996 -1778764521 -2008442914 852155675
-1465730608 2034442223 -913998624 63463735 -74111626
70423097 478738344 -1086331703 1846984788 -196059150
1145432257 -1547278302 530186314 448484453 -2027253718
557338977 -964268927 1679212908 1941094458 -1393771955
-2136486829 -735849460 696536857 1938219280 1702523322
80175219 240704617 1591009081 -971406493 984826499
1165108154 2134803091 1910697111 406533549 -797271332
-392294286 1948861348 2021130752 -1414281174 -1493804646
-649233056 -1364926064 1299151111 656863760 347365553
-1790920199 1920190618 807238872 1549246028 -734116014
-1404865601 916207065 -879982927 -1342138192 -1407563043
573629272 -1603611888 -1868069963 -2052866331 -1528332446
681730495 1544946368 -1115565985 -1741574464 449186953
-1831301745 -1416583305 619482521 -2058408345 -1476849118
264266028 -1395280508 -305468223 -571153010 1189444059
2037328013 -1728032788 1166957619 -1906128226 -1469230259
-1964845756 410995099 1575617521 139576648 -372410457
-2024738096 -1076474491 1532335233 595340840 -1266056591
-1579512855 -1241055174 5103558 -1882801329 -304704204
-1753408619 -504329915 -373400374 -2048885288 -1679032582
1036858224 157364819 -815954175 -90637036 176462915
1048367364 -364121784 -138254705 254494686 -1016333262
-1888836934 -1164182116 1103229617 -1973297815 -1189804447
1249404628 -1517080615 -2109786465 1831682493 103631720
1663611265 807786862 24756253 -391566821 2116035872
343490194 -2066889551 -1077576599 -1745486754 1380133782
1552084558 -1004004927 1424467351 -513464709 -109590438
-765226699 -200430611 1354630078 -1079796580 1810179031
-1648222240 -237159595 -2641966 785105776 -235158039
-1892017569 1630768312 1226684467 -233535284 1556327254
-61080191 1268878349 -1053962376 -452991471 -1867760779
1793918046 -102169489 1396169850 -1225412646 -59584946
548666208 850248004 1568304518 -1113651102 184638329
-1705309125 1651888260 673684764 -1858897845 1885355366
1119859070 1471311179 -1075780592 1382077777 1713485316
289176602 1383029897 1176024743 -1096230767 1044379874
-1940906798 703587504 -1668660807 1426603725 -1809524148
-871466914 -1973035950 -826820501 1426458238 1015155367
-1268597107 -938659979 -451327908 1319406701 1173056467
-1423122835 65499140 514796664 -1791757032 -1335157410
-1802446326 478083727 -1253802525 1994453197 324700835
1173351514 79597612 1699923533 1538807912 856641164
-1592768755 1872529390 -1688577781 1783532578 -1135735980
141312545 -2027998962 -606552219 2005851098 -1553323056
-965171337 1672435186 863849648 1828872015 1060393159
-123378912 -949303897 2101142277 -1638711861 -1414577843
1665569407 -1644008561 2007987006 1145862006 2137455977
1506177156 -697933233 2019618220 -1255566207 -2133180857
489445224 -309437914 -773300576 1944046218 -1214406952
-246656700 349416588 -992359241 -132297944 1797310650
-1532116992 602762932 -605953560 2178313 1321629722
1918003393 -575851327 776570642 1148850987 598113493
-543528779 383514543 -1416231653 -913033487 75962198
-220864753 1522504989 -3913390 -815507879 385585782
1857953941 -607133090 136922316 -1648337179 -1986957718
-243301444 1528743906 -826141787 -1884376295 2037643689
-572675454 1366199811 1165362781 53892068 -1803436133
-48915811 527367265 -174719512 401089820 -471477721
-585514114 1314845726 2052787877 2064762645 -1105020731
-1655582680 590029383 -1023378364 -261692617 298594722
-1436875111 1752592763 -433276993 -2070102026 -2125006509
-237537835 1971199109 -980765313 1252640421 -605648516
530335468 1555886341 1307811041 1884044487 2017429012
-1829167971 770023713 1948894664 1053589075 1607398381
-1601259920 -1706628782 -41485887 -479941047 572194419
1024519768 -1391053571 2015075309 1453416017 -1993482234
-2134894900 1415490878 -952709221 477007249 789478446
-1419555938 1822431350 -538430694 -1571347733 945944395
-1716533469 -1216265835 -1466811820 -648201675 2123075932
1246702497 -95036460 93042113 -268902122 -215174434
462183837 1991719181 -957207143 -1542740791 -556242227
-266895704 1750832296 -902123119 1807371252 1880366597
-1710504368 305323987 1371694120 -1741145947 1902851109
-1839118553 161802726 773610289 -371272926 -21237220
923033942 748553919 231049669 -1701281062 915728595
1971420080 -1114337873 8162749 -435592064 -1895297195
-683112270 392347767 415795787 -1960154882 1782592110
-1484609131 1575091785 -1954041598 922255121 -250835519
-995445176 846440980 1759317452 1571297003 -1262144171
-199433968 798623268 168558085 -303296640 439656829
-1581313027 -65904454 -1608560663 1404910997 1954470523
1673786229 -2003673089 1820185663 1030814635 1927290812
1739577217
