10403 456 197942275 -923295916 -1770659117
-218263420 -701885405 1389767097 -466980936 445323296
-1350292459 -621111219 1222719327 -244870927 808382231
-740780179 -625817926 -151626079 -504933903 62066567
1603205388 -898543322 -1407296576 1627759772 128683044
-749004133 -2109505015 1095000281 -649581561 -782229366
145266086 1029590537 -1468241251 742005396 2066221286
1958002704 27957058 -1261981726 -844134595 2107651886
-1240037837 827869874 1912561574 -930000674 -638235652
340404154 1953210455 182368153 1019645007 -1401528776
829361182 -1103940125 1037307385 -1025199296 2017894652
-422732499 1902047927 980672676 2125743977 -715329904
-914304463 -247313744 -41484257 -970732157 1435680654
-1787638888 515083707 517984775 -1005552252 1058005390
1758610436 356392868 459715955 -1222010841 -522993502
-1756774082 1406317278 -1359936799 980768530 -181082274
-1074726269 1404807890 1510310679 1516516375 1277155727
-1014155506 -238058046 -542056492 -335674164 1808524104
-1870832124 1118132206 1770556152 -1761618219 -2036350694
-1032837522 -1518964060 332200114 1691812326 2105136812
815524187 -1278750196 -987413706 -943534723 -448082641
-477989006 -1470129928 -1090463702 -1653857901 560769980
335878662 -310451489 -1943375418 -1005306303 -1958747776
1458081120 1873484168 1952483380 53001269 -1399440860
1390503804 -633320985 1405047655 -624606080 -1916083024
-293991853 473226120 316213101 -266031829 -1990383492
172772421 -838614812 -262868509 2130875680 -1631296228
1432391726 -679575784 214083330 -1533985311 485082904
-970984227 772045297 -1774507782 2027364445 -2060670244
-50499131 553691941 -1350249379 -382169847 -195432456
-671833093 -698284849 891373179 374251946 -761778188
-668245142 -705006078 -195801708 1606319355 975561164
627625282 734547698 -2047112477 1861658327 -1386077247
-1011147808 -1128469164 -328013571 -576959050 -1931850078
-223897112 -1092486102 -1185874121 -2087764272 616544558
1036734636 205233669 1230167385 804680799 -1617788098
1272133408 -1647593123 -2028422820 -528298019 1910804398
-1769636797 -1740097789 302364940 -1496685332 1078001807
-420475018 -112470957 -694612591 -1423646272 1577602621
992280455 -380441692 419874829 1904654650 185103395
-2050485111 552359729 -1479746969 1933213998 -1611213296
-1236691998 -1396940839 -854593488 -1231296926 1713214053
-651651379 1720645928 1366400362 877442431 -118217996
1932510377 1771211318 277766767 -1996124465 1313249415
-1301589914 1684562702 -1849399541 -1360519245 -138393219
427241287 -1697023538 259668715 255759791 936396265
-1266956679 -1012840086 159941990 818713469 1910120347
-1209002368 47879786 1647236873 831552347 1585612191
-1695094329 -1048711382 529707409 1254147548 755928328
-788492833 731622272 220205269 -1180259784 -127597842
-1495617867 -1937246748 -636983489 140662310 1708506249
-711409861 -16453211 -1495048939 1216306493 -1775494303
1386014767 1058169318 258474446 1801910314 839540900
-1102323312 -1399132567 -595380189 748652853 -929122089
-1081845282 -605384805 859050925 1180340304 -693813850
-706533071 1026069756 1339279402 -18469209 -1910920068
212837679 -398892993 -443547750 1099819845 -1484589254
-1147047864 1254716655 188712513 -792282921 1102397495
16401576 -1538167798 -2135287660 1278839530 523954989
-1885055932 588372456 -1009408248 1503947210 -142196412
-955209403 1578311453 1687303470 268722916 -2099221187
469055488 837575168 -1975833025 -810426908 544222482
-1612672643 1939149605 2055560908 282327414 -1424011442
-759299018 960561166 1763835528 -1346692662 -1517313798
2075384410 -913476065 -382624726 -741410880 -113609676
-1890570435 956888973 1229291458 -2080178157 -418085412
985102545 -577513147 84521377 174739397 -1490401627
760226436 -1741289762 1762503859 -967813941 -542952540
-2083094555 -266002157 -1404710122 1189633322 -724516362
1939106647 -1976170847 222835897 -639552707 -1950002375
935489272 539207723 1339529769 -40929012 1611035171
-878542181 976064345 1179343300 -1939897621 49218219
1273582454 -1599097737 -457654109 1349167551 799456972
798895278 1968381848 -619027645 1830544577 -1713842936
1543561646 -642583959 -757729815 352592732 -1461177128
-730324815 -1809492902 -1596667068 -176549832 -1797764374
-1341507775 -489818088 29704138 -1882726890 1889060035
1516291553 -1994087252 -279863951 -700073839 -2105591131
-4244301 -451926667 -1432612910 -376038344 1890308610
1482199900 -853050344 -404227246 -2035055009 974673269
-741335800 -131371842 -1949998463 112822445 -670199932
-338130976 -564202046 -1271515123 2059672208 306848103
577005820 -865465665 -179428711 1967816829 440946782
-882351653 1541718341 1035336622 -492642248 753201478
1218713753 -1950787343 1577090985 -989643185 1997675594
-1488107622 -1357394269 -934321020 -1014942623 573513878
1351469986 231948148 1493414598 1099254049 1405536243
-1706153482 -88591796 1288646830 966958236 -724852648
592772830 -1459780491 -762327949 2075547461 279800287
4366860 1950033437 -10917773 -1853045342 -966026874
-410314584 -1365984703 -1967761785 1915111661 1890819276
1711062307 -2103692032 506544960 449674844 703102321
-385470008 116498523 -2024678224 -1333884749 -1844572933
-1854281378 918121978 -2025343087 -424648381 825819061
-177180875 -1934692222 -106960684 1210232104 -543010682
-90810521 1955969680 -1633925743 -2089870942 -949914058
-1131473463 784221055 -1002245445 1990917349 1424781262
1322652944 1312978876 571590685 604973336 966401738
753553817 2142766146 -2074824959 1133379600 -966399504
-1506543941 1311092376 -1340232613 1524839087 1905759763
1341720424 305266346 -12868036 -938896076 -1674666772
300999235 -936150011 -1874982357 -1864678992 -1186487660
864726891 2138512982 -26291574 -574675862 1562523129
-1786504168 693391066 -2028047338 1869624660 -46396233
734183668 -736907439 220771946 235286804 855761993
-1570397458 511002060 -686740536 459639915 -1580615822
-603588599 1476393858 -800845725 -329726050 -923904699
41393247 1260927150 -1678203336 61201834 1961959931
-1620202828 1961149707 1598291935 1777153164 1412659585
580545239 -1035744480 1964642553 930995742 -1217837715
-2056512198 348251813 127700137 -517368215 595725399
-1546090821 475715380 -85543033 810324242 827194212
1698521934 -535701771 -225420831 35140796 -1977334074
517976372 -564583810 26188759 1766303067 311615358
-1208935821 -1156349501 -1285743497 -702348750 2005037468
2113387546 1961820452 -1617903600 803394039 1200932322
1068677101 -472017054 1850424605 1168081465 -1859939580
-1645684218 1831671756 -472870688 -331197946 -2121507202
657960076 1446057710 -96703583 557428725 1799374831
1290127090 -1917647309 1959228972 -1260831399 965765451
-1912700289 533285203 -1691458989 -992176117 2097159520
-926147538 -172819112 -497908755 -815304026 -740851281
1622839190 -1903267854 -1305984280 887018342 2075263796
1820399506 -842860519 75406605 -285071400 1998475247
1286167595 560752381 -663452913 726480460 2079930632
442308737
