10403 576 -497929827 1666139853 -707431489
-381777976 75708326 -1237951298 -2043090856 -1628511521
307175192 137199359 -1379312544 2024265593 1855884151
-516713755 912987941 -748170384 385195236 205714387
2074669330 -1593739078 2131696329 274053370 -798272496
-775312721 1661055866 612040619 684819997 506057472
1621980789 1320983098 1383781262 -1051925410 -1440092429
1721491904 -1096590083 -1819670917 505921997 -1101321841
-687168277 1440716174 -898252856 996286848 1045032556
945718891 -5404585 -1515979451 1185916739 1255799645
1728672397 -1891902161 636185790 -1588000330 1171749006
1438901476 1067456325 -1133216085 -1639399942 -1279369359
-851548521 124204933 717079344 -1662767273 1708845395
-889695868 -2034960213 1875800798 -1635990114 -105768863
795467600 1329264694 -1537286460 -664441650 -6652230
-715340446 1617727250 1195125752 -1696461572 45019518
1622403494 -1571460777 1383165828 1514045932 1801728344
454583492 1317143991 -1303002023 -1275925368 -1440608715
547300372 -1854938603 -1387056623 -394713634 -479137827
1879561372 1431666445 362890247 794732525 1904749244
-222867511 69978958 -32972956 -1734361 1304149382
334169806 -839360259 1453744563 1550281344 -730315856
125777647 -608605255 248636335 -489501688 2072872783
1653711031 1348457477 187180683 773103800 687040137
-1696941298 -1734105846 -786276278 910756666 1205765705
1619165261 341311337 713078278 119524795 412652462
714442500 280610843 41247109 1898103250 -1480970316
896729374 -1365849233 -615024690 -177965295 -788791531
-613229553 -320396721 -1369753601 -1761424066 640212461
-615302735 -624945760 -375146066 -651754384 -1812117828
-1563888002 628854682 -117936405 1187994939 -1094076981
-776427370 246745372 -734071411 -703401758 643422437
905934806 -2088889941 -234087542 -1353724978 -980651908
-529876863 -801158510 -1331718609 300360155 -1853726134
-1971873038 1524259773 249873097 952674342 1809948216
1631907603 180947995 -289136664 80870948 -253996371
-189673515 -557818467 1378817094 237615758 1879018187
1471047995 1711365144 1577829982 -805189203 -2066808204
-1946428940 -1466445157 1455476660 -1632007823 -1980840653
1045172382 -144557086 712505038 -2141980399 1741735531
1792692593 -1258587052 -2128807762 127672101 -1899858854
777490097 -1896011894 -1950859054 1690452635 1371325744
2014775313 -595130264 -693177430 1133051267 -901578905
-1122380504 -918534555 -1721216246 -1399663635 -1743308298
-1466048335 -1964104372 -523579503 -1192111757 -1931749704
858831249 732920829 300012666 308550321 -336829288
670853422 1370063032 -2142826301 -857419321 160013348
-1492784263 68963881 -232558656 -127589386 1222662623
-1285577146 -40923325 -1647316621 -1735573560 344279195
46444055 -1178739037 -203842200 -1073069262 -309648949
-1125398880 1710833104 -1062132366 494870877 -683841364
1592242347 -2108778876 891934301 -1924312678 -1862555491
-1957561853 -2090070687 305821006 -1979857924 -1473262092
2126112210 -1942449588 -298903614 -579816161 -700840929
452407265 -156125972 1001925598 1913709437 -1659389399
-2132914723 1561713197 892305857 -469474234 -1485984573
180518887 918010512 1776635601 -1189410238 -176422618
680728638 1449662182 -87770939 1057175118 932285388
1853918592 -760399041 1065600333 -949303099 -1887400482
175025291 436976604 -1843294398 -41426646 2138023123
59028141 866745729 2080843387 388062339 542117991
920116512 -1109559647 -379317428 158199184 262792570
-456625382 -1172067664 2134902130 -437990516 -698583204
690934359 -1251837922 1876882351 1595344029 -2119442622
-476003675 247806609 -639459054 -1360611611 5105553
-1185785885 -239735942 766088145 2052067296 1165988217
605394392 2016493465 183998920 -84747945 -505979969
-963411474 265287770 1339168522 728600358 1647362495
1079467553 1893708745 415708280 -24457269 197910179
-2071062918 -1674293895 604765933 -1178770301 1602976101
-1228700816 -1738035750 116740203 99717274 -1499359880
147733075 435524163 -1263237336 910125105 224732934
926371775 -1254857179 -413375118 1317270330 1930521583
-601437887 1235289709 -1698384116 -1558605059 -1698388344
934702666 918835290 1303949519 -443423759 -1148005377
-890851053 -42098318 -679504760 -1855211887 798898463
1567802123 1721302314 436988924 -1560675009 1430747612
-39125940 -1101268912 532610912 -2093492614 -1352463425
2063405217 -155820728 659432108 -1677192465 1154265100
83884501 -142894361 1411315378 1358737313 -818101379
-812253186 -1878487561 2079232072 1268785846 -24085370
304311279 707974355 651293918 -1142303829 117911708
1495137906 -1845587313 1794022613 1954243452 -1011341592
-984092746 2090420173 -405169804 -1585689575 -393658860
2084710673 -1681238957 -203621029 1206887951 -2038386639
1644625792 -1729012424 1185619930 1940049742 782930841
-713030356 1951777219 1829842633 -1340263948 -1047181444
-1463357271 971682126 -292941306 -878614814 911699187
-822029123 614624631 643336899 -701966942 265036196
-1424239869 -1711658144 -887974508 -1549234106 2029644536
-208996068 -423684476 -877248797 1694513424 -694078651
946635769 1955507273 1711799844 -798718463 229452427
1899400708 776886833 399290974 -255127542 -1650156890
1750280280 564692429 -1329305820 520995005 868913957
-1722269493 1070009875 1201069269 919688970 -1028367987
248288452 -1220664298 288779510 -743387362 -147452640
-238234930 -1512584609 -1154671836 1891541144 1105985783
-1484167332 416542621 1242515468 1306007698 -2092018127
1484945101 2135849160 1704872186 -306550714 -1694898401
702799330 -2087095212 88468190 -1599171658 -873386086
1318229500 1861849498 81333926 911123507 1787949663
1315938772 1664469663 1217333768 -2104441306 -253457937
1373283116 318601428 1850432783 188033587 1082402651
-2040831927 -478630428 1103348309 -494641061 -514567044
-1691712368 1518579394 471322850 -138875774 -1176537822
-1403684566 -679096433 -2019068701 -1424586295 1086468093
-919269173 2085538282 -731981072 727253977 1957529231
-1711266083 1382781753 -27130773 1349413259 390485405
-1831323675 1897055953 -706485853 167716513 -1972667173
-1955840550 -143203631 1600380447 -298805510 -86907866
-1212467147 -1918905957 -1845011320 910808013 54184024
-714323991 -318184532 -1067113130 248035603 2140377495
1390283990 -604917989 1074223423 -387295209 1367658236
1883441108 -1022796000 1324482175 -1862544875 -663884374
-427297101 659495597 -980247092 -951411336 -2086902529
-864694305 -762329098 1522151499 -521387656 -1513809345
-403001448 1546579040 1328323031 1040639573 2147449347
485759316 -1741203416 -1133843290 1905331708 1931931272
1314780505 472239160 16220986 -1936269601 1492237492
1314128709 -1307176889 -876670695 2977105 -2137547191
913287206 -2122821166 1716612887 -1926873602 185253968
1715006422 -54527592 141247924 -1957637239 -1328445412
1929775385 -996240041 -92568769 369475549 1774121470
1790548370 1461186130 1122277480 272645580 -1458691342
1266480341 -152171543 1884121934 -128320926 -1959293139
-1193474128
