10403 96 2129918910 -2137335918 2012180058
932170754 1043009228 -953330552 -1053171648 -2001918742
-547676149 1348365021 2129686813 2101057588 546485462
-852883805 -521804354 -1129536795 -1555536954 735703349
1176547437 -274521464 868941043 -112814984 1101723360
1433513378 1629509534 1193042650 -2084299939 -748613344
833856985 -1806460397 728764992 253401966 -5152231
-1764204218 1187528797 -485092223 1170333606 -1385792418
-250242552 1726810184 -673442844 -1097457016 -1733055844
1590414722 -1465010886 917630295 977981257 550632682
-1262694265 -1997766634 -1556779007 192783799 -1591215673
-155660862 -70017727 -1470034432 -1129862378 -1095238430
1915921126 1316781057 1278938255 -1898668932 582392358
527582286 -889816804 265611956 199891743 985535676
-593054537 -1646068838 1796476699 -86020421 -252108108
803064645 -1928095849 -640440030 1054529605 -1719058851
1626945754 -857862174 1792943754 -906642256 1462560678
876688444 1336961383 1327888984 1470129619 -1899370217
-916330228 1367128237 -969618673 109594047 679871815
-2070921832 -833800832 -762610352 -767504403 -356819798
1544878712 -2008505887 345976774 408638523 -1747455897
566795519 898749788 1686098179 -861778408 -1472276468
1015533446 160898820 70915049 2124762749 -2019586433
309969669 -1052391913 -1161726230 -1122587523 -2077311586
546522236 -1511532330 -845781453 -442110028 -1950690264
-60671409 -1278710143 -1926327978 -1578620509 -856731833
1419321781 -225199313 1190495791 -274543162 120479553
1675678970 -151270177 313091812 2144172167 814634098
45637491 -957276496 1525717003 54868019 -862097523
1371533362 546959355 -1182176648 -317619916 1508670478
-819544041 1366887446 -1281705527 94485344 -1209802682
832715603 -1716480019 -708592035 -584869542 -147430718
-2102438133 113310525 2067766150 -492200457 2145136743
1088941304 -635613802 1267781391 -1713969367 14803111
1448705225 1398405781 -540080572 -547555026 1448329846
-839530075 -694347394 -1080840733 -520802412 -594821129
1496706880 -1242792944 1953870355 99460929 -356778789
1687384349 996562306 -90600043 -1278475029 530986074
-1738563119 -300560936 787645640 -1271059215 980141262
-1249520584 -478271180 -755574348 -1951361856 -929922732
-1258368278 2100817156 1701252217 -1370737187 -1568936670
473241802 1028462393 -2041397772 -1989580572 1020987278
-1253888379 378927589 1806306730 -1194317794 -2082254445
-1448434122 1022815187 586832550 -94284986 313921564
1791437470 241524991 339793276 -569249687 -871826409
-1166089268 -1759431260 -1494466715 -1806041387 89451606
130636230 -608885310 -1145727106 -1600513154 -1306562344
-1598956494 -1470958751 841397990 1109114846 245973547
-281050532 -1838033835 212124667 1041984496 -1112240627
-1216428707 615947955 -884645524 -1147472152 -1732548887
-898150051 -150374764 -2073445050 1119403444 -657698406
-199157207 1598776351 -2110393780 1413231787 1160386326
130368029 -159496941 -1070515224 237141960 450489364
1984987345 1416896168 582455645 1615011029 -995492882
2137646355 683252888 -1984790512 593322377 2104907881
160966694 987253590 1061184532 1000589897 1240920993
392664738 1113587296 250900198 -2010624967 -1558822012
-66854649 531222128 865913996 -324038424 1413729750
1575734882 -293134809 704467287 1412999656 -114113249
-68512909 -881906784 -1352839759 1353602518 -846241833
-443855840 269989152 564881590 1565297097 1553083224
-1012641893 -1413092306 -498771103 -1804357708 -1832586002
118562251 1504440203 -856042579 197429007 -1966194769
1050785482 -2005098004 -444994946 451424658 -239897704
-248965279 -713054449 377697813 -1203639660 -1065513355
1091966167 1643840801 1555648718 -801597394 -1452321952
-1504206404 1912442610 502278696 1108956098 -1885452221
-686429663 637849701 -1130480414 -1573161492 787881849
-261574239 -1165864166 -632479626 -947484737 -124855864
-1747786308 -1988803940 367697792 -321387256 589226435
1670292639 1000983824 368868862 -1198280159 931568276
-1235459718 -1127500972 1476097873 -302163772 -1678470360
1305743818 1950260692 -1866157897 1956221178 -1816497043
-1442733634 -98329177 -616971039 74325351 -1854374398
-1591327747 -111576368 -1383401750 2126096617 1101130433
1011448773 1003861931 -1887684265 -2134482571 617542849
-361849383 1260724696 148797542 1478737969 -1473887526
208370813 -977423536 -438314825 738913734 1132299784
-1738934910 -285558377 -1532400301 -723147018 -791669168
48223216 1073149311 -610513656 1944401270 966902357
1769790328 -572892665 1927717240 740191052 -264389055
1134836441 482034179 -1477820343 12386831 586587266
575951152 -1644308159 -960731102 1813638881 273690177
-933865121 -922523800 1292759067 -53651752 -573661959
1598227982 -1190315538 -1880087218 -624124469 771827560
1509509202 -1042776004 797317895 -1268746452 -1181830605
-1627790179 1567117452 149841262 204739536 1204136397
-715950938 851833379 1747717211 818699888 214727437
1341543689 1714034375 844809773 -1329088672 667179145
-737459403 344496095 -1979235613 -2136567511 564722630
-1714043230 1778450832 -275592715 1513624073 1452955385
-1397236429 -619923005 -1921142748 1270643211 314255137
597239182 -1188428222 1660510897 -2121902870 -140477530
1185288871 -881535249 -1216170259 -1450523050 265134883
310326437 -1590264256 2116883523 -374111320 789714409
-1446839391 -735897089 24109426 1369168204 -1236098987
-1478888171 -515268612 2138197791 1564635573 -28775023
-1235629280 -1181946551 -193564629 -1007779082 957833313
-1057739772 359747831 -1374566020 1662625313 -909483545
-1573101201 -1760458979 -1221454591 1920607371 -1399023062
-171390400 323740688 775414703 -828424982 505666911
66497295 1753082228 -780541130 -965505587 -755606212
-1424784816 -1728254302 1104943009 565040628 78341847
460523905 -1273719891 -1576699321 -883970077 -140432417
-1760523220 -386763859 1561573696 492373255 1577410630
1527968786 998463557 -1529835714 1640729891 -785888323
-803608859 -622530855 -56259570 -777350207 -547343791
1714641186 -2020874840 -1376298173 409525296 -1433906765
-1539676372 -1895742084 -1931236083 -1359352668 1702818460
1278563108 883130587 -733779349 -1151965313 649104218
1086294425 -157618811 -1327699376 -1605044979 -1535622483
-496226444 -1220244997 1744416876 281596479 2136861194
-2122329956 -1500948071 1768018544 458303451 -190387851
-844661550 -122416533 -1667253122 -73772587 678372911
1179091651 -1070603241 882852684 -1028895734 144419815
-241745444 1578401962 208914957 -1012474482 117682409
767791357 1313969473 -1639525084 2015815629 1396373621
611201518 -1722083770 -830230627 1515061677 1610723326
57149184 1261125572 -914123806 -598423935 736409345
-1941478323 -2127383829 -1596095369 1357983064 -1286904048
-76500124 29072652 618547956 684118428 -474338670
1263423333 -1468734436 -585359739 -890972158 440711898
247365852 -1900495427 1847744949 718622349 1688436730
-1152663433 -1705231277 -1288539386 -1298127862 239543144
-1383702282 138979722 -982589242 -1937310217 250747034
211601577
