10403 456 -969091652 1339581951 -818594154
942009119 -230227780 1916875433 255241499 112587202
-730469809 2130088329 -1059773059 -227647141 1097609487
246631637 -1536027949 -521826313 -637069061 -246904237
1923502278 -1678005065 -916403931 -1986950833 772687086
-2137913930 -37899082 1272451632 1616841492 -538065895
-298671777 1355451045 1615031813 -2107844828 -1382354290
1620603112 -406525374 939176290 1235526881 1304849893
-2023445439 1611103449 -953498135 -179574315 -1412944834
180884878 2063793162 1161890320 -179298495 638846556
153752524 -258896888 1142864885 -1844001643 975555717
-158910648 -1632712320 -1712022050 -120496023 -231766705
-1543913653 579704460 -15809666 -1160623313 -1494238265
-1821162033 1729358239 -1825086953 -399589799 -1411137831
1561925274 -946733330 -718683639 2000691817 -1495353765
1828286841 914314215 988134418 1045952110 1733330516
-1464545855 -356611247 1174610582 -503605815 -1636818208
370296209 293669466 1191629088 1052524227 -147140907
1333867399 1175294612 -1436068263 -404702910 145759619
-266806044 2111960196 1345222216 2083971698 -2099616525
-964528441 405529550 1978075644 -599167738 1650031801
-1321338676 -1617788627 829045252 1602589295 1269210201
1647731973 -516260669 507309729 96713104 -1241907587
-1094445751 323402381 -259988815 1761128588 1153886598
1937355190 -556134848 712393402 -92658694 578733373
669797296 -1527055766 116791947 1650122145 -1016944329
-1323416674 325694794 573648587 -1312349430 2123581195
1806372853 636577353 -1116458448 -1861196985 -1556099394
1039004078 -120233526 -235035080 -2126352527 2088427667
131792267 -890504709 1766436666 -571574831 1105090104
-809342090 -728822301 -504513998 -452180710 371646564
1920764095 -637017037 1290937902 -661083974 -1302794727
-515612745 966602466 1031730334 -757655095 1828481565
1913663535 422070392 1629164973 1452183173 1961845403
458961463 1595100330 -305318271 -1230072549 -199591457
-1238808464 -459890589 -1775068304 1410819778 -74496147
-219402132 -870512206 -2092277666 -784086356 329736904
1231942664 199172033 -1178525595 1194185334 -724043145
1903274536 -1514901411 1164517404 825152170 -1142705405
1496946453 1957797906 2139939092 -2091394134 1032415498
-1838536626 -1708250156 1956300549 -563708969 -914696602
-1203241261 -251692702 -335904450 -479922870 -507883582
1359297692 777529551 -2041594765 -345608790 -445317200
565837384 -565709560 -1763050614 -802064399 787394310
-1628090758 -469318867 -1260437745 -661448210 -1076137057
-1608247735 -1421190739 843799925 -1073604613 2099557821
1084799618 -1471251844 -113443613 -668877282 -1217870919
-1995772270 2082718330 574440062 1155434512 1488891687
933669863 -594333087 -1732541462 -827290462 1441302026
94234258 11469114 -1420574769 1187648245 -680192888
1397316889 -1343601801 -197281735 1667932636 -416708750
325740031 413465020 -1743903175 -1330432921 387926007
-678447880 2050817364 -143885662 -622485839 -118653156
636903901 -2101330573 -106646289 -260465907 1368507305
-261872179 1253369866 -1378967660 -636798858 -1666531679
1774925855 -2140724488 -1661201614 -548733418 -2020160308
-501275590 -645724979 -424815898 -663281670 933673188
-1859269716 92493974 220688571 22919175 251591474
958168063 46889367 -1468356198 346722059 453198568
-498612045 905079325 -689510092 -1502532573 668689732
418003086 -19367056 -809316854 -201447875 -1502729564
6271039 1110794763 -570581760 980604804 438887088
-398529983 1729698097 -337792079 -1078084316 707569763
-1280071158 -2014869974 2077852550 36995115 -1159820162
539772682 -734364305 -1948677327 1838381162 1574594022
1375526056 -1040542109 -823354297 -464472037 -895751087
-1521097980 1812683893 1276798631 -728453092 -2035338159
-734415476 -1388637314 1552085971 -856610893 -1679941287
-1770957641 -378493249 766692680 -576919919 -1379091006
1828143317 -1043925021 8521446 1442620798 -1433781582
-1797309002 1799213240 -1689586295 -401741733 1361642037
1405397581 417025669 815109556 1840253521 -1964842978
-1093461459 2038854065 -465293826 1231972442 1070224932
537372083 -369887159 1573764847 -556445917 212984246
641125231 -404124966 1835633114 1835306415 -561709419
-188111509 1429024533 -1097510031 151907344 -136228779
572490441 -583538757 -52676873 1582915583 1670041662
-1656976968 893301984 470040665 -1934159802 -242018829
1415240647 -611810157 1809526458 33083812 -981988910
-1508930411 1732820469 -2087632296 1449208530 -1035737276
-1011226564 2042998637 1669262616 -409433575 -558928346
-222960367 -308925985 -540437804 1626225100 1834330776
-1976967063 -846895880 1773210872 1227378353 721035263
-623346909 -1789646373 -599219387 1842595570 -281418741
2042817334 -1743380806 -1302343661 1629219699 -783118265
1433268135 450869080 1257659836 -79411356 1739876865
1590926375 732056285 825889370 -300944892 -1902406332
-479823040 39861608 685406737 450739092 777554313
1564428701 1472224917 856681938 340720358 -1209541944
-1528137251 1645638616 -198611596 1888572224 531972410
268440934 -2138874010 1344247732 1652738431 -2051642728
383894834 522339667 20350756 1304659514 1657696346
-1722256645 -580858425 -2138492995 906083514 1703946899
-846354827 1063725384 504254343 1708718184 1010094223
1948702827 -1317587926 -581497908 -548820193 -331209376
-1011066075 -1228136412 -1672185602 1987143201 930396648
-252624240 -1855797634 567892109 -609175715 -2119295074
-1461947501 -1662142717 210091255 -1640214507 1965551533
429632991 -1594128475 1435744534 -1703246161 -736971970
-1952455349 349672464 -1900390171 -1323258569 419649204
64464309 462087654 1276764561 509500786 -772819367
515399897 618189857 -1570703286 -2068837053 -1580409905
-1379158862 1147484329 -1919149835 1582406858 106588288
-479245381 -823688728 -2106634600 723314328 -65539135
423742340 1159565477 -276276745 1262989182 -1578361290
-943085360 -15830974 -455281869 -1637924953 1270132583
1557050152 1979692613 -2033186570 -99625580 -751560766
348492458 -1048342280 1191085291 -1283065644 -614801407
-896184203 -790027921 -989448797 -829576364 -53143670
974775221 1366490460 1692037071 -61181254 -2027764717
716058546 1758484323 -637125919 937750228 -1442405469
750775945 -977498903 -2081797611 -1674493983 -309579688
-882752685 -352642646 -899918414 -469660722 -1220647754
277908126 355749379 -684589997 -201547010 1257052276
68056527 805250286 1962917549 -1720614108 -1351829799
750060804 -1435735701 823110641 71317531 1595545942
-236438101 1370603422 -935323681 -142254338 -158174759
1920096906 -301397448 314082246 -1139939818 1353139327
1538385110 -1629791289 -498063726 1425041452 1446167375
-1584064301 -1133117290 -918249534 -2109002547 573511254
-930211867 -873965696 -1551194781 1996634293 -1240090358
-527594022 -359307360 -88182785 1815224413 1256847879
-1334660803 2117669378 2120106465 -2086280180 -1352751617
1128331854 -1113384776 -236488584 -994244252 770347996
-192538710 626835562 1062435310 -930160504 1856355355
897531916
