10403 144 433629087 1839559731 748836302
-35349259 493589705 217608101 -2121324686 1399542664
-1781227332 596005720 1777970484 -895692903 -1260107527
-783334640 -834019553 1138912798 1229045088 949381949
-448579766 1288255543 59060243 -1905918585 -1782585950
415950307 -990665439 -1463075285 280099003 495216701
1147230145 -1016317612 750389396 2118274292 1404228436
1238597509 302259333 -1060137769 -1644377128 -1707973353
1166666040 1685541879 111593531 -394258633 1775341671
-2083921486 975996222 549650835 336194386 -1014088311
805354566 -1715438147 -718194216 -665716293 -70165263
-1491074457 -1302712254 -307779423 2096729067 -848706336
-1108949836 -1927144825 -1783723532 -673344026 642082131
1893132557 1609732633 1524887043 -182859347 -1585585218
-442799034 -1139430456 -1363744570 -1878879520 451140582
-90067861 1656367700 -579633032 -358566930 -643680078
-116042977 -456531433 -454957825 1543927958 -1116250122
1671093067 -1510722955 -1608095454 1443141634 -1335949856
173662499 -128380149 1358661028 -883606866 53694342
-531810673 1197554240 -1066554785 523129313 -1850575143
-1911566880 430220611 1445570806 -1329544127 -217448103
996324567 -931964881 -1741531672 1633168111 -967584782
990945570 353134005 1542812212 -874559036 1327170480
-1045438510 -1460870591 -1428566117 579715524 247184204
1280510993 -284498577 429046807 254988761 688041209
259578407 1989385753 1297850013 1094231302 -1013233971
-1300492775 -1420478445 1889212255 -1808463093 -1267381735
442686431 1291247761 1780128328 1690956696 1648490016
1596961883 1397935949 1964364019 -850937808 -799964090
-1101903854 -518483544 -271311337 1897267579 2036523894
1032784227 1019685260 186844801 -606058191 -1697904739
1873926082 307284165 410329426 177628689 724179314
2118688531 1301457196 345537028 -1328793767 216374731
517295177 195733190 1488618115 -333235657 -1084760005
1470944582 -1674972289 -2109084003 -194977320 -1129513924
1362811475 907800325 -1431443901 2022329343 1436877975
357467096 -1628652734 -1642180288 2129821592 1234617356
-1646287749 -691183938 91224878 609575210 802370889
-1213361061 666592814 -1792600959 -1706535039 104630428
1772492563 1818144617 -963753093 510481662 563808926
-1957024023 870628853 341326078 7829230 -1213813340
1092175727 1114048019 -821117479 423577376 -2121779049
1596422156 971358327 1544963521 1117090442 2030667314
-312968795 -1498984248 -902920275 -1217537789 1137679517
-87534746 -2031614474 -421869294 -1389832144 1968016191
-902175030 1420975657 935660094 -1332328189 -717406194
1764895868 23431522 1955281525 -1414508739 -167552871
-1809308433 1628469207 1374046747 234790513 -688904414
-260827522 -747155158 -826498341 2123005405 714296918
1341002350 169623547 445977205 -209600387 174459335
646215161 964598839 906190869 -877539822 194035307
-1332542394 -950421246 -487297040 -244160881 -1710880755
-425423599 -1077585953 750177072 -309880530 -40939141
-1565465963 -1343496615 182903456 232221936 -521227018
277075420 -160897153 -444652137 489954054 1215969121
-1515671327 1485410012 -1986594151 906252716 -624302650
664327835 -675762923 12138679 871941015 2096281602
398652891 -971171736 1434915305 290951278 2105321541
-1937952951 669726594 879595469 1376909003 -1286089936
-1978009959 -634854532 -1524502944 612879082 -991737545
600429511 -1822156200 -1339778084 -787936248 -185591505
683871713 -1094262275 1668702416 1258594818 -1526634706
239843692 -353554869 1072634888 528051316 314210625
-534970517 -1549471335 -1207099087 -597781622 -1475929084
-1186010962 -1173525045 1189839303 -1423438687 268566153
926714298 -1847710204 -1289120452 1758977204 1985303388
2056769479 -652129157 1639066745 173156031 1305467469
950753705 2049389009 -1691388492 246857601 69486534
717438907 -1905805402 -1382687397 -1242066545 -110104292
-1855510212 896392399 187151986 -721930849 1885327307
-1862297336 -653175908 -429002968 2070243183 336821801
1533592621 1690331688 -971943815 -377664403 1310642461
923388983 -1946317203 -1038335819 244368912 1574430651
-374343698 704787754 -1257595042 -343164886 2022561245
884910456 714828612 -2145363243 -1703248482 -1819298399
1420856384 274087083 -877004640 464824736 -106753851
1359549613 553242562 1983879775 -558337466 -1163351392
-1910561494 -1665995110 60908261 2114617232 1093011309
830121169 1714175032 1016529258 -1724529012 -161582092
-1029949090 53880757 -656041706 -1414504929 1553072596
-780835266 903954872 -1374776926 -1703956271 401724535
-929552468 -250291446 1465596497 -2013405586 73428759
-1465604827 -1893488612 533243010 -566118241 1506206091
1287547277 1775689844 79051389 -952343387 518013856
-1248061928 1489602509 -1426652835 -1549513867 699854490
628166967 1089073094 -1377531907 1631954267 -908960828
-125269465 -100334040 -1353805154 -1694517594 -1740397535
714606219 1663053573 1235381148 -787653027 670640101
-2065875603 -1144085173 -131135485 -411926582 308428117
-977230247 1291371611 1209589179 1237667319 1152550997
491981006 -1904716413 -1221541880 1760863653 1665868355
-1003309888 -1712415247 -1866152195 1218168260 1439837721
-705137906 -219377599 1781910760 -1033977965 -1391702051
-1244942028 -463784864 1388257273 -1246928638 1342596344
1202141042 -213678132 1404418978 -192812162 -927550060
-192700842 -1092161262 2114646411 1651002890 -1037517871
567843369 -833956178 412180848 704980528 624343584
-803298844 1262106880 1342996740 1974517836 -514824738
297137914 -1042719379 1299336420 -1186496660 1626803585
-1020130254 -1036006273 835374865 -1407576346 1009496245
-1586862737 -1111317399 760292117 2117279156 1788312080
1672906368 2045372831 450473386 -327789209 -906719446
157967555 2145493543 -1160711007 -70343325 1055874827
750026714 1160890937 47018908 -811825638 446170705
-1580403429 2032620935 86997438 -178023543 -434636194
1095077674 -361080559 -619432563 -24111595 -1068088843
1854178313 -1508299682 1696501179 -475863757 1693173707
-243967208 317263746 -79149986 695256831 2110614406
1163710546 -241224784 134221374 -1197959474 175237332
-234918807 -1567834247 2030761217 -1224613761 -1726540489
686546988 1749197364 -1753107235 919995553 586124723
-386354352 -1872517477 -774424087 -2127563140 -1813335252
940988176 -1383014840 -235102632 -1524745493 1127059774
189503000 -1601684650 864083158 2062284815 -925940064
1738122125 1532344082 832423468 -596647246 -43470922
754586451 -375976543 -788433056 387512307 -1796878176
1204848296 687394880 -1420779581 105170776 692774512
-1531656624 -1909178836 -658814361 -961597954 -35392499
-2147296192 574680067 -316554064 759683567 1984957840
-10278568 -11973844 -1992138401 -631686013 -1851293550
276749509 931651669 1783466592 -293310088 -21807404
-1504683219 -1493109390 1892384643 -327052029 -56643407
-1212522974 2127872560 1977256880 -1668136742 -457914057
-1683823871 -1268544920 -85308538 1274378628 -649910100
-826911928 -1331531341 736291936 997536804 1359762817
2119482639
