10403 168 -1025230506 -2009981888 1313330346
-1153350046 -904145160 754075384 2108769263 -1922983642
1265237921 1211678200 -337289577 322724750 1680039612
-719657606 925820929 970015551 129334220 -1306187467
-829244045 561402880 1409752376 -1798557011 -1824705834
1889011496 1121087879 -1743489730 -1563966786 1819501712
1200184527 -1164931567 2139214468 1599510172 -1973657011
-2089088519 1704456825 50235055 1180261209 1239684995
-749807174 307957837 -1261516434 633968391 -619227517
1886043537 -860042763 821155893 -945404751 -857069636
74661523 1866124671 547161991 -1072513789 -271951816
1427287243 -1218969046 -1438422202 -409418139 187557784
-634561 1482126684 2103056349 -2027353706 1798073887
353784174 644759608 1744344184 -1061098529 -1313731585
407653198 1640311957 1247780327 879392881 1200777360
795743021 -1157477261 1452986206 -1749707274 1651677422
-168076411 -937123391 557846327 -986126597 -1424782414
-995196065 1238448684 -1709884543 2000111323 159788335
1546286931 1267999161 -1027880071 517306161 -387786034
-873322855 -276863412 -1317071583 -2114202254 1656012475
2042963804 1851622155 -1572375095 1120506871 1705167741
-739860226 1425186597 -37441456 1491954216 -1846258491
1094092159 -1799291100 1826863478 62119692 1484257508
-1003240479 1461298541 -1357910449 644692848 -1901410973
1273420990 1664395154 -1495058360 1653753524 -407931251
596288144 201913943 -1935537530 476008595 1468069555
-1666475008 945173761 294847795 -1580389606 1911846865
-54267973 1992949969 515109191 -1077048890 509019617
239709091 -1962293153 -2064000452 -2105213069 1399626588
-867591920 -334367394 -117415277 -767396466 974068345
411849715 1311192413 -1868117032 -571760730 -1472101987
1096178298 -788330279 1300520382 1884586665 435267712
-494839269 232590978 2005162396 -1448522527 -2117997761
1202910370 1218505174 1194980235 1106578614 496638117
-996362469 1081171907 1931732183 -341941099 826138421
41053672 -247717411 -1905056504 1948460853 1718184660
1339689257 -349330151 451635021 1544171177 1205152985
-286218734 1440896911 -69017327 1502486861 -2131322434
-711321972 1553723078 156500391 -1416069557 -416594220
1478264294 755005081 -692440694 1474753744 1169543915
705280825 -203889651 1494128188 -1627693095 1135452993
696769730 -1887623211 -269184781 1948460448 1959833243
426871985 -1719279216 -1490661686 -1310646105 -587561202
-1920138224 844536995 -94894781 -45041126 -478967508
1237378425 -1556257544 2004871092 -649538199 -1702669038
-1389733567 -1294146921 -997623710 660473207 -936946684
1154059528 -2114284711 -357897592 704290149 -620369596
-291378402 1240149695 1872849035 -493927689 -422224828
745667482 379822977 1490089573 523899350 -74310137
319815083 -727850512 -1279712231 -628299055 793855369
-1678579489 1990526776 44332502 143294661 -788047676
-1910892950 -1384384424 -2106257305 -1402085782 1539643041
-1621479287 -811068489 -915869287 1032164593 1968277988
-2039934013 983978443 1521604620 1679515537 -419470479
656672300 700061210 319489564 -659498550 -1288706611
1947117802 -628795420 882439603 -2069586428 -154607937
-1261326086 1051712911 987890654 -875251630 -96027688
-1151711599 1247464796 -1215373410 1297466926 1973829655
-1223344103 1777772961 -566917210 2133555491 -1645527835
1302753971 107396205 -435863993 -1482682741 -972166590
-1495367028 1095917255 2070098246 349439764 -1060330004
1381233123 -1347134936 -1582629708 1284328683 -1720770377
-56533584 -351586591 -64067067 563298749 -2105031603
-1106703390 -1840206663 -953003115 -1249597384 -959610853
191466296 1189511937 -1345026055 821197176 1316476345
1439371015 463855833 -1095232022 -130792137 107738039
-1715146038 575808036 913861898 -1195848484 -1703776156
-742680926 -1657816935 -2053543089 1508906133 -864526089
1181706940 -1646468191 -2125111339 -1351012089 1113125468
220371975 840177642 746157184 1739192356 -880746051
1052939296 1843527724 998431374 -461641066 -675722979
-1574047102 730077332 914134149 -1334417450 672213472
-1062909952 -2120453910 862069437 1745502854 -237254545
-1236222540 278659073 471737493 30200711 1389063434
-774565090 568020128 1798286633 -246908492 267189065
1241937878 -59666607 -465092206 -108983274 -1754679431
-716147296 1128259672 150848410 923584231 -270104645
421137784 -1377495452 -1264881694 506264542 1899126287
-1647112828 1262601444 207847868 -1103327634 -1095011199
-1664573128 895648617 -1218183793 -1763963517 -67310759
-843916995 1423298205 1757410174 1891014378 -456155814
-1798448023 -858609291 -1830925235 -1719302553 -852061686
-781954154 -387511596 1417659721 -450908016 1073605300
-115392829 -1661375760 1300127979 -610862110 -58836004
442589966 660167978 -1239443704 -1285829454 2123314864
-965656379 1483219753 -823724402 1678297790 -208740835
1850940603 -851314270 1099136665 904663830 1556337928
-2068635796 757146583 -1954129558 1008410675 -1916847326
-1835107706 -1436135517 -126446801 -2015751403 1314369024
-865203295 -457929589 1677042246 -658612780 188815898
-730412483 318105261 -878908105 214615553 -1316037957
2028107979 935782649 -860731542 -686911125 -1422228100
-452406283 1918693044 1632557780 1016279124 -1716228091
836992451 -2127137941 -799394463 -1930142146 -812765105
1371493813 -496600714 -1413147882 -1702287596 -44428521
-1325387546 -1133035876 1258638837 -2063084995 -1317258467
1947775573 -271239727 404100231 -1847903351 586693549
1660499119 1773074342 451905861 -682322147 1533155454
-1903168633 -1503321475 1408264008 44273790 -332161778
1415770613 2055058560 1756258688 2021327703 433570538
-766248072 519592899 -895849691 -805966164 1502789683
406185690 -388827380 -943756738 1923073895 304004569
-1206952194 1534486620 -536664857 -266442418 -735085453
-1982196643 -1651914145 1646520497 -1423151265 -1433489459
-2003349646 1746499841 -212761743 -1329382913 2033487270
-1207421332 -490020218 -1756577112 663604211 356977203
773884659 864941184 262356518 488747207 720513537
-50270133 -997010226 -1274309726 -1725157701 1627631314
-986934853 -2085276440 668854127 1285699705 -314055668
-479410828 -1805321997 -2132841976 -65343891 2004663473
1316784506 -513013953 1534208965 1714906172 893342257
1011239817 -1721621737 -1550922033 -2056316605 -723889801
2030205175 -1106878042 -934619170 -2003614762 1996891224
773655905 -1796296664 -719521812 2021814783 852020769
1575102799 1849811165 757514012 -689137934 -2104534910
756943766 -730282128 -526565449 -1303125097 1022212939
1261409939 -1079760780 -1591867791 -813941016 -1011742113
-1031795172 2010869679 -2118613818 877706098 1298711840
242334718 -1325561241 -719924940 507888538 -1800468571
-162482144 203597863 725764117 -1053444866 1491162067
-1871645716 -1167881843 -229897202 403210761 2055188402
1674191608 -738353918 -2023235963 -1417683081 -200510400
1293776794 925951024 1859537592 1228362878 553952085
153344610 -1290436703 -1330462247 -987693939 124791758
-1312904066 254443810 -1318724007 -1590050778 2001404405
-1213329112
