10403 312 -1273218827 -1462571670 1746252570
-49720372 -401889538 -248829192 406443864 1338476590
90664089 1660947811 670180097 1278738733 130914443
527581506 -1716610642 1961445425 -2020336499 -1109295454
719323267 -213109252 266570859 -596885003 620747986
290339866 -752919662 -1134834219 -1237026733 -115792236
345923763 -202855525 546862468 -1848009698 -1272813745
54920553 1998076588 1666929360 -1351841078 -2048327270
2075971356 -1400861236 -1005412462 2125693559 2115126353
1653425381 1207069544 1348719300 -1234203763 -2005255520
-560296187 -1588277552 -4719947 388875825 1133041222
1899787659 -682735157 845553910 1729711035 -1195695202
718001249 -1016580087 -909446682 -706847666 -1920866285
449406049 -554598151 1373056965 -1527570472 -932078830
1065580750 1573943411 -135559975 -836635851 1757642622
131657390 -608577798 135139013 467267417 -1995770495
595570135 -1624990877 -1399931656 1201303282 -666679611
1722590175 -1060311883 -1421674190 -342691500 -165177120
-1197390401 239024675 239411290 845455225 -1350861766
322430225 522271315 -1249782127 787191748 -230624147
-1988704766 1830238439 -498377186 -1610516254 2029119532
1963370144 266591581 -606126153 -1530827702 -543202085
1208023873 -1398150937 -553734099 -840726211 -1331265026
1599902560 816381542 145625334 852147222 -1514124751
-1809856794 -1382534151 303415569 1638916595 330219578
-1387632661 701755922 -404664763 -248005915 2123530535
-1502139182 -1056372781 1710014298 -559374798 1774053274
1588820790 -1524283812 -1426545896 170486490 -1930835149
-921366144 461842001 -468525770 -2035904339 457873174
54970410 -199449231 -1563693380 1024900502 971699824
1765140237 1472203027 -473067885 -1826791891 -1350264089
-2019914449 1038775544 -999280147 1144591042 -1604379879
-1184265763 737442668 -979612073 1959837964 865401975
-17216416 -1943969312 117956573 -77693493 -442112770
-1215606089 2089722769 -320753499 -1496731739 -1157905877
-1529009842 -189133397 -1630086176 -1634164731 -555767066
1273462072 993021420 -1072901217 -966608856 -1999024061
-1076066552 -475414394 275897883 830337551 -83614368
-1118720666 1576030566 -1119595906 -123581338 308893985
138829290 1328182481 -1083734229 -723469067 -1257961504
-352482763 1577116323 1711113311 1542370211 -1983272317
-1855333518 646065725 686306233 2108688519 -724897653
-1682889298 1216966699 506968816 1375686279 -997290367
1769825979 1702019987 -1874805199 1441942831 1693245827
-1026033066 -318977755 58038530 1736957605 -1176083480
-1229332558 1190347376 776243821 6528813 -1676757924
-250615920 1692025095 1974049090 1220094053 117615263
-255888141 -841306604 1019794962 -1064126293 -1073642080
609476338 1677759243 -615289221 1280403014 -780854547
-1848315825 1356382667 -1272602531 1140767658 668693289
-116542309 -1638288082 50692031 -536994175 1859648387
1841021426 -1232004781 2134844605 994510875 935540409
625974660 -964115504 852709167 1865579928 -1857832784
1613947066 1492768095 1598493722 1146391769 -1681171379
-1660697783 -1844954959 -126366021 1136488416 2107423290
-1407722609 -245792467 1794879717 2015654235 -1057062523
989699427 7182825 -653825269 490426284 -1984976064
-755713706 1637761994 1289656755 1271247007 -674058758
-815595448 322752732 -714165806 -1211855768 136627081
928932670 685600030 -2074286676 909984327 1193890518
1565696219 752583589 -1290712479 -1479059043 -144821899
-80669306 108863013 1296672554 2112235642 -1850424983
-1613463362 -131958712 -1485116111 -1345684605 -1427647370
655294322 202181659 91266966 1058673957 812037488
408352312 -741576070 -1088601282 -1150366384 1854564817
-1759160816 1654988851 359620841 -1701447918 1411483934
-293871590 -1702419793 -1069927711 1925670766 -857472171
-1834125542 1631407081 990360462 1364420551 -1936969102
591353692 -1929588762 -1891008367 660867885 1064740935
-1786577144 -1122383961 -1261973656 -1342875612 1563546224
1147963227 1874135486 -725389576 -1391215027 411192292
-1630596859 2003454799 -1302722835 775294209 -572012752
426711021 -1890503701 129557283 -1755681257 52162860
1254993924 182090987 268568879 1639794504 2109107371
1624032070 1107931643 1828490529 -1485476605 -386450135
1988686077 356632905 -1013743558 1518179528 1870553842
1219367396 166009292 -314711139 -2115629737 1759619332
-361400771 1600996065 695807511 -1664692754 501197447
-1846783151 718670041 -1349105977 1319499850 -462018047
769737561 -191861852 -1013962131 174690163 -596784649
1029348512 625344479 -1347247204 1139212855 1104656336
-889998232 822224545 -928065538 969277804 -261893862
-830746212 -302212525 902354495 1689397676 1817252331
1110178549 803830222 790466232 -1461611698 -234526815
-97829851 -1362129201 -56128432 -1310064974 1966350454
402590713 -1159672108 547972854 769451831 -2033814558
-1821528591 -667047463 -1374310125 -2143836505 329513956
-1025158925 -1125097913 -1981853161 -1699898718 -1208185860
-1865777581 -1466194671 -560238593 -1593136850 1180737490
-1260945065 1162396405 -1390514567 502379092 211021454
1957206607 987100068 -1156565642 -1818420949 -1538668739
-922949023 -1378874514 -616487902 -1941736325 1778917832
-1361136684 -1898766515 1962646828 1610744695 1890331227
-168876565 -648486900 -471046507 -2018726320 -549858837
449102401 -567272151 1899798572 493336080 1697626541
-1030819110 166278673 735927131 807105355 1210791238
1805751272 1728329209 246795811 224941543 -563834021
1949778724 -445709627 1184543409 -896926209 -781835665
-204036400 -1348257301 2026917186 153268965 919078834
1459608398 97142041 1819317292 1660527341 1468446007
1260627259 -436735804 -609006770 1997638563 814046789
-1920955889 -1916567304 726591580 1731936637 772982056
-1755709887 1495252944 2139623246 -1974722108 1185577568
2053094683 -1783921597 658340463 -268833080 -2079025286
1343953773 -651646590 -1791582141 1662663933 -1903705664
-2086893075 1411344454 -653241088 675848507 1309944361
325526882 -344686587 -1932184559 -1001702846 -1375288191
-201375157 622233016 43185375 -2113683251 576238970
1944377528 -543408785 -588900797 2107334174 1381225686
-1185633235 -102253434 1679037291 2094134492 1334991713
-905275262 2037411897 -992829507 -359927141 -1584199501
83993312 -617587101 1341760270 852602915 -573471304
2044336404 1988319014 1519837577 -1972218791 491697353
-1308235483 -1534173723 1781016336 102999246 -722448468
242102198 1709449579 -479186184 -2072837917 1381849819
1424145072 -1259102052 453771509 1542079656 638580730
-811300030 -777965153 -1368162138 1504514725 -1486026728
-172562548 1441686996 -28898619 -955685753 -1926449278
1048637711 -2139887100 -1296055839 -430832872 639470326
1820663822 -770629215 -528868699 508457681 314945122
-1000307903 432004327 -189948527 1855210289 -2012126318
-922126287 380380334 1619136841 1339187791 953557
1015123051 -930579796 1873544078 14641193 1092087544
-1781340961 285887559 1708382301 -1751746018 438561152
-1457673716 1283821754 -542816791 -1033479107 -495558571
-1989205034
