10403 336 1673558286 -2035568910 -807838180
-872159080 622536648 1749304764 2024071775 1771647041
-28433216 1070463620 28676376 -1309139552 -1079132576
475680001 8113463 -982058444 2122237367 -247844931
958119694 1009569086 -313826478 1286481175 -1274869428
397861598 1478672550 -794773496 451687714 -844647717
175177366 641615587 880081596 -1997771068 56884897
1130270118 626030464 -314580071 2135826458 46202462
-1077736190 -1847838454 171145746 -1296219127 827264292
-1358263463 -2114771081 716289484 1653827613 -1528879792
-940867547 -1192034857 -730251116 -858226027 322894292
591341446 620609582 -27744138 1363819614 1349326381
-1829978207 -1783069883 -1165270606 45174548 -885299450
-2084424901 -960990388 136951421 -684891215 294948393
-928492827 1058990676 581456188 1250856771 -1114981184
644051216 -68664340 -2071825441 1832182929 1521515259
-1650311195 997743153 1327867030 276409491 -1489006587
832649821 -207911502 717671010 33607979 -894906852
-970357147 -1941612278 -1992159531 -1108466899 534849574
478850848 -1014574362 -301378347 961003335 4154689
-248680421 -2142746302 -312174032 381776858 892264535
-932279994 1202008622 -399825456 606567657 1837880252
-93089435 -1983250294 941644487 445532242 830371368
-135092170 1335232244 738502195 1038817850 -390228563
-373445886 -1680608760 -614219305 409018697 1024878829
14275307 1708557695 -1803078392 1404796830 1290750624
103444759 -1714841143 1408246441 753650039 2974957
-981832331 768178110 -873425284 1499649773 -85925377
8169051 -375168017 1041634356 1100184559 1635005879
778083791 -2106320497 -205864688 1647585347 -1004430908
-96924344 24347801 514518286 1498373800 704749716
-618699222 56283080 -1452196878 2021458764 -748467751
716432980 1063988362 -779513567 -618812241 1759102580
2028086523 218008381 -404089060 -1006814348 -869806331
243124737 702393520 513334164 604122594 1579837267
1580560578 -832086158 -1025226894 763141958 -1367822054
695885976 731491557 -1148323539 1617421440 -1409665155
-1449999326 -281821462 1384062912 -187231320 1864480562
2028910811 -1915802951 670630446 1072082637 -907123991
-1906794640 -1468790358 -1364822150 -761896179 995469373
843001208 -2202719 413866517 430927748 232612490
-1344573061 1277770109 -390432186 1539443264 1203946274
450986804 2042568226 -1719203322 530995835 1249683219
-973346104 -176304228 860517451 721224378 270181709
1670285503 438598229 361304427 -1352118787 242821770
157690405 2084095005 -2016377925 -1372629080 -754261257
2074538696 -800348821 -2094955912 491466197 -1040673178
-834229751 433811776 2134690410 -1996396341 -2011771970
1780903171 -522472969 1991889586 29809183 123440814
-1531774246 638593505 61741643 847974043 979205562
-1857563104 -1502452404 226305046 -1629316436 -1539334810
2049285214 998875556 25572529 -100704352 256767708
-2086830913 559324986 -287854322 -2117437653 1067132396
-489654181 -299804118 968250208 -1140148237 -2121688425
1006272435 1826465202 28736913 -1388882217 -1651730599
-1265802433 -1716258111 1847394602 -1504835204 1842799436
492718836 -1024990829 -1529745016 -1779679103 -894406077
-955594967 1468407332 1643747602 -1983348036 -1174176102
305498952 649650675 1433655247 1595367547 1193583908
-1007671046 -1016636820 1084564486 43114112 -1436302648
-1384368211 -520120837 47412506 302690836 -559247087
-1365073729 136306754 -737387968 1507534936 973261809
1440681950 -229543826 2134115162 -229581465 803543865
1487094789 -1557984846 511707662 471485800 205085667
-268947329 -101100361 240297716 129217230 560198957
-460879688 1739159157 -1915282945 -461606527 -876361107
-1330588233 -403089519 887486037 77507028 355417625
-305518134 -1721111918 -1957823459 -345459275 -416017642
-1652690583 1137362354 1384499416 1501171474 -1147457894
1531648761 604318189 646881928 1319909855 -1667347665
-1624752853 -1960647337 1798457104 -874850703 -1428694765
-1928030513 -1489371168 1268991336 -845215503 -697849417
1569320512 813797927 -260493353 1980176970 -1127392128
1269548030 -1850587303 1930013657 -1955925369 -339821748
-483607372 591539790 1518875104 822106228 -759425053
-253163551 -1990903958 -1870774110 1709756551 -184791348
1530001977 2026476368 1719013849 -2098253598 1346023893
1950033841 1320061845 1746487836 1147325040 -1219799172
1826379538 -655420499 -66784606 -2066494721 -1796258253
-1541397397 -745259903 798684479 233953455 196392442
1230341196 -1775918794 -469988151 617032740 49279276
-1741716875 1638735874 736330297 69764705 1392004335
287913441 631010576 -229372812 -665690132 -1553149772
1561051619 1668102379 1815678843 1195971173 624977788
-317493207 1123801097 -1633463342 -361032554 1645391782
324458242 1843924686 -873515700 132878686 1581201691
461588877 -622792053 2029238173 1957317029 595174927
876357706 -327545127 596898652 1340444853 2084472438
-1704939535 -1482131280 1361234481 -649217418 -1678273050
-809200664 985259242 -1249090104 1102922119 33813378
925079422 -1682652371 -495847250 1143865708 166952491
1187640629 -2136134620 1508715061 383601718 -1498735839
289927782 1676759388 -125326456 1308509149 -395756674
-1550578378 -1571406705 764081193 -559436938 -276034122
591387235 -263987843 -407895375 1352901182 172752469
828698920 523459132 -874182505 302029961 1135332755
2025388103 -1797755135 151472581 -933663744 -569291260
25267752 1816614834 -1667171610 800809635 2004174630
1080495119 334497684 -600666010 -1573953749 779783287
-1571359747 1179154688 410629950 977713603 -658060482
-271127811 -1141283207 1570174097 -648644549 1486058946
546109481 1398259219 -1738197855 -1891605949 43246951
-1524359926 -517762733 -1543973213 443390153 1909189721
-1321207529 -1237203282 -700888017 -2003845595 -382040594
-447066290 -1976003145 -1902130301 -1385038364 1237321144
-710329526 -1685042742 -1102870710 1570337490 -123550673
763789786 -873440109 1521662874 479687597 1215161338
-360812608 1466859476 -2087105848 -43632580 -713919610
2131496851 -6574996 -1361224171 -678768399 12057404
1090652945 1268824256 1435044873 -215268353 -1094109444
874664731 -549205632 -1428200609 153541692 -1591074164
1847732659 174746479 -1225903634 876408618 -537253428
-290550850 -1266660012 -2120641041 -511943499 -627296843
814212933 -1662221486 1037567670 -1958215706 -816424311
-309744125 -118924501 -2011995934 -838626583 -325979738
-1123909600 1656729095 -1534575293 -962460389 1738619837
-1737728513 1030741113 195271090 599906491 -2035975155
-2107121894 -589935505 1644764819 -1444369428 186922167
-147871796 -1487662328 1511945479 1595128933 1142992374
-1795013624 -249260651 -611516639 -1852886985 942404577
-1183808538 -207733790 9109983 1724054563 -1120767395
-1289952463 1443499625 -1863646141 -661080073 1622183862
-720085255 591951079 860232492 764739837 102022202
-760339274 159032831 449494552 590390438 -929308703
1689987787 1137955025 1807834507 -1636560285 -1057565699
1007805480
