10403 96 1625232352 -1288039906 1477863270
1697280552 -1990535089 754970228 -1705702936 -875439973
-1006026356 -549714939 321459682 390607978 -2146853622
700849092 1453544855 -1597430630 -368209626 861688508
-956044005 438906991 -710400347 -374703847 1261131437
615560254 -6264116 -343190192 725225815 859300562
1654000991 -807029823 -2056220880 -1940538042 521018540
-1899952916 930393533 -1742447506 1325305335 -586496538
-1206074106 220617374 -1423624830 1388598664 1727258541
574471135 -1131972136 -1553599813 -1773862306 452678660
-858650869 34093836 1689254712 1213497086 1612758553
1985376563 1395493806 -2095730457 1001630757 -1474444318
-1560466923 -1649850530 -797541021 782989756 106604880
311535283 -2100329379 1748509738 941060267 -283518519
-1329556483 1037192350 -1206307899 -1193993266 574602393
1118282736 1821761040 -193824597 -1324550937 2133239669
256392029 -509318196 -1576279239 -2039781912 1012843542
538338272 639784414 1643436471 -855558673 1312528196
1669667284 -1704815911 -1337752662 -792149572 1865764552
753658324 -1227827711 899330502 413279132 -400750736
126049283 -937316826 49098745 -1317924375 -853365193
2001164886 -1108802241 1315848015 -1175078033 -342233576
496676017 -1891427686 1563412945 808835584 -1453240965
-1480920819 1551218673 1146641797 593645175 -162782555
650583507 116490215 -1291305713 550928179 446979953
1320894018 222358765 -610527637 -1600329197 -1229298977
1942374933 1182840421 -1292004678 1398045074 -1237415208
1153426620 871212236 -1468752682 -2132866492 710279247
-1025753477 707357660 834908001 1558166533 -546038495
932885741 584155448 1549269401 1244206763 -680769859
57048595 1375665205 1365347868 865439784 1022233586
-2061932536 1267044645 1136260534 -1355672424 1248108349
-245768833 152374616 1677501248 1610404123 -577971491
-30490751 2121962806 878010577 796740112 1811685498
-1664438817 -303289398 -1686736311 1943528452 -15714298
-1367810757 -1926894265 1188627118 -1104568574 314936553
1732914726 -1424367559 1370600454 -768322910 -1634951836
1941170067 5316276 1685596752 -1598175155 556682047
-1585067101 2033753275 -55964669 2007054014 -1396472166
-931958740 1080086335 -1354613430 -119101598 -1203493649
-467199693 -1363417240 945345356 -1166587231 -575174787
-1708985186 1724950159 643130205 -108513954 -560032885
779144476 1948309592 -1346926576 -379439231 -1878374205
338919935 -1882687921 761552160 -180167663 730024778
1959015853 250838538 -916187939 -1595786270 769318767
-1048410225 -410167471 -2079593798 -155044757 51664852
-342795422 1655167306 -1884563632 -347100420 1219063002
-1084782933 -949604714 289242337 641396039 -887920204
463552633 450205476 -1515045050 1005309585 -1976269459
-845729732 1591046544 1609408995 -966147201 1910152060
-293807230 -938695553 -1531133621 385829390 436748596
-144228344 -590422422 1394575291 414828266 396739505
495107023 466480358 -1393627436 2013408657 -2145504776
-172103604 -281565306 -980669068 -1252601498 1470973485
973794891 -903164675 -761104039 1817368878 -339733203
198187380 1501718962 -1949395209 -1498708943 1092354854
-544822700 -1906537896 -202010759 -2125564452 -1546527323
1641598949 -1947821495 688433195 1411683913 795687136
-1610917645 -382720305 -1134616954 847322273 -1258288033
-1021510963 -2141008259 84911024 363329220 1621354700
-1085157974 118073567 1577314421 1423061814 -76621380
-1537009422 1733613530 -611789796 -1809627558 -343578067
-86563072 -1422275682 1429712015 -860620380 -1198940949
2097260980 -625942698 123887514 -1773382474 1666849012
8745479 -1491939918 -581176440 2032340583 -1047246504
-1342381237 958944821 -1063659195 -2069777251 953339398
-114858506 302698694 -391290923 1742132281 2083265768
-317801851 -1071935936 1012255614 -8775425 1774573237
944755678 -212866088 1530709165 -688909675 1886626791
-978621117 -1177145513 460980777 1087010452 -747708364
-1282641917 -498668244 -78610572 1952141799 1734668919
1907499484 -876976890 53424271 -1217652849 1934971260
-816842312 -122937910 -1391386135 46253620 1003909447
1185820660 1967138774 -184394673 179411533 -1260925865
1191770371 1554256364 -1379359304 1644465779 845226037
-747758121 1530752233 -1655817374 -1496870634 656233586
-195314971 -241690740 -1228601180 -295899262 438538724
-663111512 -1218345287 825053611 9302060 163690715
220230936 2027814204 311719449 -506497597 -404722975
485164207 534390089 -1165102491 969300412 1944157233
-197343807 -1933325083 -1357373201 -753829401 1963730063
-152883233 1006726674 -1076546822 1098012278 1140108374
1933644300 -444353694 -231265754 1112209354 -1305488249
845777933 -522271202 900685860 1622683316 2124073287
1985283372 -1448223291 -1449464372 -2147274699 -928051024
-1897027407 -397585813 -1637277764 1306210467 -1710758126
-1230694504 188450512 -659322276 434418144 769084207
-1884747005 -1128199232 -1077710901 -1905132727 290948975
1784494639 597358084 208244524 -1053209342 1668872849
910938658 -1330523079 1965080913 -683364676 -1863169322
-940488053 2000295868 1553432370 128887377 2107223026
77030386 318366353 868380968 -1805595782 -870465912
-203969675 820779519 1687876271 -1499253546 -48264044
2115971915 -951386755 592031060 149479433 890698295
-79262816 618786458 -668976061 -1754003978 1907548544
691000418 339379704 1823260509 -1227777897 -299191990
-645647728 -519430948 578273247 657476267 1347978015
-605645952 -1742946525 218698990 -1569992243 188463879
1143488132 -1770683467 -481319385 349107765 -2078839178
-187170326 2032861412 -398307051 573382297 -658376075
1113577901 -51825194 -1931420454 35059108 -567532285
-575217479 1932932622 -1558057493 1325301574 623526357
-2011865546 -245218864 1485579144 2050518219 641577003
-585491527 1520036922 -1652453224 1118686329 1616653245
1519184621 -521394056 -660979997 1178602204 1070787849
-560223923 1379000048 1565287171 -871205589 -1842784200
1498817809 -1608607352 -994943622 595325363 -1292187550
1719585284 -2066511127 1074827222 -1274986275 1014083340
-1658132850 -153465637 -274903078 -943151890 -1632969030
1907148585 -251157542 -1173791586 84915907 922435929
649876358 -844900258 1553832095 -1306317916 790621642
702056684 1655100006 -1786200798 -483968013 2082696644
-2120867159 1806559642 1345744895 -380957794 -1934617925
984325488 1326542781 1644563368 84659496 1751591958
1343407738 -901048842 -2060397243 -772342242 -382847477
1924211263 -1706403684 1710164763 726695643 1149569618
185635698 -1173542979 -1429318769 -1080601781 1347110302
2083142803 1516169498 -106927071 -700564024 1621854163
1755698656 -1885261118 -582285024 898550297 -49386320
83733476 1272035374 -1581323010 1860649632 -268983224
2017649568 1207363015 1971706142 1802811590 -206638192
1632140218 113619763 -650210124 -938988379 -1163110268
1458779081 -577383073 -1701085510 -1191129267 -1673445403
-1364775066 1359084833 1236015920 -299807217 -561874046
344075822 982003160 -1364019264 955078486 1494228932
1235865676
