10403 624 1722689769 605020644 1737241642
-1357185473 -1217814627 842486588 -661835 -1333988391
-644161411 -775849101 176730773 882539038 836178585
-665385434 -1033822469 1170503821 401340291 764854285
-1762522301 336650284 -613977969 -14797756 -217481303
384218444 1019071934 1796401870 -1976161654 -1132328810
-997914350 -670635429 459310455 -440135742 1806442617
368330764 -1281336240 -1380087137 577935514 -407495889
2085873857 -394297754 1731363179 -1118853649 717790783
-76729624 846513531 -431340426 -53680582 2134243357
1253291924 1924476737 -1069518394 984751717 -1813232803
-182337196 305599838 -2062443850 -385224067 -1389050400
1151215884 2126292017 -1116665910 1765494248 1849216410
-942546142 -1299245481 -1821222323 880601158 226851562
-424957127 -3357971 946376966 -503436166 -1081846766
665858665 -233359859 -1538096468 948822082 767921609
737104173 -861619844 1689988188 1984396646 -760343626
-674276372 1711296602 402596453 1384177085 1031660463
967784289 456219570 -1433007941 1263597364 1872874891
-1625778969 -946890265 1959830924 -1601274063 -50577550
1884873544 -19305194 1833631541 -1835045021 608861243
739560631 1747336162 1923679351 1642724621 174803628
899186571 541444763 211363006 212340922 -539964955
2141057357 -926114725 2047616207 -371346886 -2080848583
-130455090 154202635 1856421307 -245862638 -1984693736
1065782002 -1274177615 -1690410225 -493174295 396087061
1306154703 1546326870 -1227258697 719931621 1404751027
1553890974 1810665801 261736730 1908892445 -1405615770
-633954269 241482131 -217982342 1014145719 1510823894
455099874 2094815491 -1450203415 1969662788 -1026126076
173524913 1371932163 -1516690068 -536873266 -478643739
929717832 1230842785 869741649 -391798129 1517055255
389365929 -1721868070 1695649704 -1011796928 2067155629
-158375436 1788871099 1740991437 -1321197999 1842735274
-845779466 538450271 1412580395 503455678 -219424578
-1287367894 -1448212178 -1848705667 1576500696 551096975
-1932783245 1449134324 -1387315564 -1134189177 -460860575
-166916751 -434962048 999020743 -1089862618 1288194038
-1701446782 -1329435178 1563024293 1196083300 233017399
1662127306 -1128049879 120309411 -678836049 1129679752
-377481294 -1182471716 1492588346 1140418557 -550745222
-2065404078 -132907010 426750864 451476271 230798665
1041712306 -686672125 -886776781 -1942631633 -709268865
406019486 577526016 -173467696 -962225368 743877897
1981312493 -1076128623 673894233 -1474117926 1236478306
995224713 -726950384 296912157 -44415617 806960507
1070566071 -1943529532 -1523237061 -1464304282 3162652
2114161158 -1878911675 -1400181446 1454012665 -1352206566
-1451822273 -740844550 -2099269178 -1479669171 1798477979
-1603729712 -289892007 18774874 -1247642866 -1509710976
-1404977075 1270161803 -356790663 544645550 1864722171
1161298838 596674165 -772199369 470514121 -669866996
-1846849068 2051154388 -1066243778 116784387 1350663813
131937761 -935640331 -1931746996 -788015182 405389522
399430638 -835603924 2004066558 216332272 -250850992
-387664014 -1075042536 1357972612 1621628132 -1629506816
-710748863 -1694766390 1337312512 -779609861 121019046
63954441 -1694802558 -546926069 588724081 839715882
-822986507 1112841429 -1702879417 1411879473 -833738819
-1350863037 -2146822982 318250803 -248236403 -1210681478
188187218 -376830243 -57514500 -1634224011 652394173
1693911730 91676274 1419720215 1924617570 1428309947
1490868721 337374624 1711827738 1832996994 76914363
783593647 -1749572046 1954783055 -1272914553 -273303087
610165613 -1529893941 -561997321 -599517622 641252200
-1646756485 188355465 696150514 -431638430 -105085612
-1027379200 -976016748 -368368408 1057819795 2034387365
-1011944725 -372028401 788341417 2053286055 313145618
-1073651531 -155843172 -1540596860 1211917727 -1082331560
-573443214 -1043714807 1205644581 -465150696 -19667008
-870802282 -1414105360 2064421781 617258213 1829302276
867072185 -132159169 1067977130 1093643404 -583533563
251784853 -1910789371 2017233475 2113568814 152118411
-1645374723 1095283188 -1594032526 -1880251448 -89449377
-1774732704 1162119742 -1040685886 1790170429 -1357102436
-1907898977 -1042507036 -4144980 -947225707 429512296
-1841674695 1210794648 572040312 -2122810795 1044026381
-1659378856 -1940413693 1833098022 -2006630520 1331132441
-360057949 1703794188 2051621124 -2094368791 -1365390460
929033785 -49858973 -724471649 -391991918 -1347649405
-338801745 828818419 1627954505 1247504293 -160098549
1927562248 2137435723 1045458826 -1917132669 -2046142797
869405679 1523248848 -1676266108 370669251 -1877482494
-272724056 -421260462 298724892 1895508730 378314175
511108123 243555230 -294048529 1220364214 -754228725
1902295501 1441944577 1573836138 335853705 -1443210633
-1741825928 -2060206744 -1335644880 1033642214 1078659030
1662909251 726207707 -81765822 -1238345468 308046521
-1748257871 -1876787932 -97891949 555993689 1740954211
-1121118493 -1515120143 2095321413 1744588705 -1812429481
31826382 253070312 1217830932 -858785038 -541300704
-738787599 -582873845 -1239679134 -528203253 -373436881
2095398319 -1785922926 -1877518788 -780917802 -279845227
704094050 1861868626 2061990780 -1420276796 344757085
-1666247383 1674205642 1029030474 -1635712704 1409592432
-701523369 1510190181 589333016 1877313020 -482440781
208324436 -1143624354 -1550501737 -48044951 -638072614
-1434910804 2005367354 1429377132 -2135287503 1567835366
1258251531 726223774 -1511823891 -45372058 1102662737
1610755570 222357058 -187145246 1097638317 78408930
-185830397 1147102216 -1528933689 63949154 1027071830
1290106827 -1080594847 -1077457203 1847296868 1696905196
1493999358 876120377 -312311079 534428044 -2124596953
1513189441 1855105330 -1791871377 -1206436976 -1080321042
226054458 -124459855 -1033945495 -1484124439 761449133
1488545813 1196067824 498299642 1364624772 -1178387239
-1273282349 334069297 520472368 -1353060932 -1080725809
-1580395891 -484198953 -1877027015 -1771721838 -1469745371
417176110 -1715963947 -56115597 1843577883 366249048
630948898 -1550296892 -1513346243 -1368993945 1075051116
-362671060 1598557456 -255390466 780055571 1443053896
1761338019 -2110101203 1858391447 -1114738787 1669650718
-746699768 2095573296 368230248 2071912024 -421312512
1112660889 917333949 772405607 607744377 -1841900223
1919041770 712194687 1061244916 1043341045 -728091875
1040593401 -1933215989 16862286 1941195790 1409283332
1178960254 1084177444 -972518338 1092632578 -347834694
-662021576 -926780881 1864832218 416629213 1376382729
817850091 -1619195638 -93779487 385455174 -1769912433
-1744682017 -1188149476 -2098665563 -45118514 -821957694
474520277 1507060858 1932023198 1852566345 1705083488
1269432121 1872119223 -1708296518 -720966527 161028465
1687150504 1048340519 1248019610 -715718325 932730226
956148210 187996622 -2130523711 -1328967255 1134880173
-1594785950 -96448773 -278419000 511778137 1087768890
1123879225
