10403 456 -871768278 -608991039 -613766772
-748398356 810441339 -1708333597 935337735 -94933215
-1805889430 -1143748503 -1135802352 -342381081 927918679
2049851892 -248147033 -500280729 -354043194 -1188582735
10128871 242688689 -44538502 -305292090 93953929
-2060822870 -699730906 -761086690 1037923487 -990823268
-1656058805 -1199618995 1571384597 -1329047031 1557481132
-1156117672 -1111677993 -1085446406 518292062 -1253592696
1453067283 640196304 -1370398961 1800575735 1947811133
-848081427 -663844584 -952010871 -789232048 -778885976
-154469598 1987873216 999490839 -1518439491 866047185
199488461 222228231 -1306757204 -1684034397 -1543306382
-1889537651 1519906349 1693493228 -153105397 -1348734238
-217562098 1040464154 -1014441565 1294414796 -1020605049
-446116428 1739207373 -1913242976 1157302699 1345356042
2103619630 319200010 465354652 -966702134 -2005766848
-1639135581 -967499132 1361052640 -1371784492 203116103
-1175660280 -1074858379 1627718353 2075176329 730196183
-133460059 750846566 -596995611 692961361 1459706763
1938647508 -1238636164 378346852 -1916057895 1320276428
1053129547 66785239 1208333690 733501035 580232533
1722158854 -2010039013 -2127907502 -1225311068 -1684124973
307566889 2019139298 -2138166034 893864444 780881334
-665547056 1174013629 760397249 -1259978280 -850072222
-1304015025 -2055023445 -485328331 777118720 -842165772
-441125530 -127860167 1341198855 486749586 244094885
1077462890 1016201810 135365595 146144780 -1046239602
987858896 1680687531 -943859671 706767124 -1594161232
-1967607639 -1501973797 511568735 1852473984 -532265406
924928446 -685453814 733428368 590087394 828496310
-2009454110 -509531910 -1977213195 1354019114 -561034498
-1846476950 -1912132079 -1029118092 2103247667 1993702475
-833616902 -733086236 -1983248257 1880542416 -473115553
-1259157605 -160823979 206758104 -1386802413 1074793374
1057235143 -1205353689 1487476070 1363999700 908112927
1382599902 64440187 1350296233 1842542498 -1708365416
858863936 -989734129 126311462 -1248845552 805285747
-180877052 -763121582 1915418429 242248970 1790823520
1198889682 -1750173245 -1098552698 -1025624900 1509810590
2086872345 -951938418 -9328709 1677724353 994093229
-79055319 17027148 -494170431 1737901449 765097665
1818103274 -166289176 832942392 581580756 1880161265
1534718749 545800730 -392344654 577741938 -680223256
-2059761596 -199302376 -120569007 1186145011 1497729356
2061056787 -1987947427 -301936338 387266751 -1644128918
1609885023 -1380603063 -1551043494 648194731 1964394337
-1288933802 1939941092 -452452288 -1866858122 1838929109
1881841406 472563628 -1289959914 -1168624633 -1496895334
1714354360 -2060005116 -1914610413 -855208196 1305981380
1563067426 2052647248 -714563016 -229883355 793942635
779742364 -1868035487 600347553 -262199550 1912927837
-2072236433 -533116080 245036884 2009061654 137562387
622782609 -1317280186 -1194471508 1890491412 -1477554154
-1763125825 -1052531711 -1980646084 1314650458 -1084523759
-1423295478 1616045427 67982086 -967002695 547188988
1241925491 989093093 1947634293 1574837074 -1745774766
1200139994 1082485999 -1178800132 -929628612 -1882574245
766576039 449864154 -1059986583 -1304344421 -1869059679
-1992725906 -436067598 -1579520986 489788543 1353128021
741017473 -688026299 968023946 -1204021084 -1106914559
1700023761 208149745 -32503709 -368315639 -1242478512
931598136 786664944 56188603 -331628199 -552940024
-464263965 1749351295 239087996 1564722100 2064381460
-1226517350 -1142994667 1136588678 -802609438 -1652776314
-1505176510 432751687 42289271 -581276044 847109000
77849646 1684702938 2031619734 -2143444081 129317288
822445214 299077501 -1048286998 -449301384 -643885454
-76144698 -1009739333 2042703118 1322498262 -1231393736
-589223880 1967984373 -1268737230 -1220424551 1720363271
-1302201581 423369192 1406657124 284358230 591229018
1535489558 -330118890 -1874938422 1470830446 277370539
547679312 -408565821 -2088733226 1806148765 136026606
360484973 -1750318313 987215748 845268219 -1825598390
-405094281 -1816142019 -578880411 1839878135 1044957022
1524138910 -1380961844 2069649086 945344804 -2131582787
-1922514163 869471377 1168255587 869765822 -659001786
-390013399 282675286 -1188142444 2031042287 419194768
-1965483672 -1510658943 952873712 -79886841 467454689
741690694 -1662736840 -1036017298 -1272767027 -1477727071
795320737 570365678 -801037825 130426054 -1207542754
-57950308 1295983749 -757582971 -1300149399 1248081914
-806017259 -1009724841 -1546028222 -423920327 1990526887
409483699 905191412 -2045595044 -1633660286 795776470
-1806277614 973845045 -1288313066 840022207 -1180723127
1712480262 1633494377 1661664269 -1698390501 809224595
-1253573328 -620473447 1296680756 -1607484382 -1218456004
546779521 -2031982181 1515258904 451757599 -455585979
1176678012 -597996079 -1533762181 -1437276855 -1054008828
248334521 134409595 -1855374774 -1202484027 -446640411
-7160312 1523362872 2068234385 1543654627 1829434051
-361566081 1938755447 108239659 -397286326 1584702969
-1940700428 399976944 1120951445 -793661793 859692789
-361439127 -1918425656 686711850 -1425611559 -223464659
-14471933 -500125445 -739751461 1856959931 -1225297740
-1530771615 800430672 -1435914105 1256394924 -62315618
-928647629 1566514256 1606900530 1342838609 -1228255668
-1404132535 784172375 656590035 1311574595 1433668271
215193330 1147188240 849845281 -686368897 -1107171891
1306849098 -847837248 162387594 -1720665837 -2027285885
-1673375715 2054573078 -1873130972 1788614019 -1455021899
-1413186767 1164883765 1314313524 -1726874385 -428004021
1123027799 1553256418 1847240429 -2062027736 -687854695
550227107 -894093615 1035446249 1266121752 1920288966
580908039 213176061 -1729841300 889716479 1268961395
-176462527 487444162 -1070948676 423747605 764620965
-1488168006 -496105276 1256634713 -686729197 459043067
-452134511 -1694751791 1216221254 1512868510 -453767163
-677382674 64630137 -1963539858 -2075125507 -46513168
-963646003 -373932290 921668277 1232476923 -222904897
-181629333 -360265744 1167366417 -1176991123 -169673062
910079811 -1019637880 377363249 233681361 1750664669
-338566692 698525380 722002902 -477804725 1905302480
-1721535546 -738582682 1215582496 -650237639 2018675655
-1653713017 1492046963 1217693825 1841487700 796609154
-8217992 1741413081 -260094945 1922408982 -774013883
-630966801 -279708426 507569508 -1192197323 143497945
2026740206 -1015008651 -1705022017 -420088280 -1368316183
41246238 -2023824176 1489738190 -811224537 525604211
-1170971847 405317042 -659730559 1404797389 256976214
477608976 -1354138238 1972778257 891454777 637189325
-1075145086 -2143573886 -1091698047 -1031241891 1946795377
-1745929766 -1340476503 610512178 -1348614354 1109987823
1203270527 -628418053 -427096518 -1404526860 2129958612
-415890806 204064926 580017149 1657517939 1916751557
-349052665 -254971517 1951509201 1389872078 -2005844121
566414163
