10403 528 598033440 1532660795 -1591244927
-1875594712 1160473149 -1075114721 465862178 207436288
1452504962 307650024 -277209915 496295935 901037048
1281520464 -1972776826 -429214341 -914716597 -1960392668
2124997164 463647783 -1213252072 -269601178 44236031
-1567711191 2133766607 1517364283 -1426306038 1711585012
1114491397 -1738268431 2072678489 -1601705438 1166911398
1998632861 -805002917 -1281220770 340483235 -347308643
1801171432 1590793622 1924389832 -1609837414 1855678335
1495162461 1757672790 479652270 -926834260 -1051766711
206601313 2097336614 -2084862074 -493140651 236539862
285947748 -1172317947 -631406249 685923941 1460112021
-1627675124 1442451314 -1116960757 1907622359 -733703481
111271088 -1202251156 -1954403521 841324917 2071828204
1523914825 -1592890629 -673576930 -117129372 -902987082
-1052097172 1244226697 98091219 1989962860 2016755788
-1871501902 -1535247177 -1251485921 -1810911328 -71480200
819765859 -554955540 229084490 2032717299 1706607189
263359547 936027143 1655384406 -1894483984 1272011153
-1725730219 -1995925395 -1229752250 2097722418 1277499585
345733199 1453534018 -1235235121 1072381593 1371848596
-336836102 -843466020 -1915092130 -1423795853 -629762303
-918975750 -777312086 1832291992 -240363435 -34366507
1666171251 1974643410 -2094973351 442908887 824441066
1759204734 980654756 286597887 297127558 587485906
1573842184 -1956550908 1565351667 -1776760918 -330826055
1350008812 59641102 1550737789 682936580 -1095736012
1368763449 1093345001 1793413203 -806663856 1248264819
1054281331 311613349 898601991 761378108 455181939
1237289842 -1677021021 43223477 -1424705924 -1851667121
-1585308715 892294564 -5202568 740163294 1191347905
1281297148 -661553472 990487778 -309032138 -1867524247
-174384888 -25892481 -1105562334 318734976 2029225999
-1903316726 931852450 21216931 593303083 1350930877
-345400350 1500814297 1731238913 553740685 59131454
-129968427 427934075 784364076 -1260353824 -263970770
1839448114 513208715 -665134024 354603021 905723676
-206364840 1548176094 140215759 1919236934 -544890682
861737751 1811756304 -23356340 -1118976231 -4052455
1455898515 -833523379 1891636438 -387578253 756547446
257344795 536599279 -634214127 1515660346 -406604481
-550651493 1890257580 664099327 1593968797 -1019654358
1592934374 -1360788160 1124151316 -1551676027 -366405558
-324929013 -124921854 -559843070 -1676881272 -2073992427
-383525340 -935101316 443733813 -1221732006 1496618110
-1578736025 -1566233489 -462371419 1361432239 -378885856
963278013 -824310308 1089934185 1477158217 -1846877101
-2016003840 499662557 -2014624559 1897279154 -182685183
-527843457 563648336 242587140 676175994 -1832627338
1982915647 -1772744812 768975473 -1993796144 -1684016084
-826229990 -626694085 -1122243422 -1982839446 1411466043
-1490870948 -797831696 60966605 -2095362627 -1310535905
-1574563215 -1448191398 1944639039 -580570006 181087391
1670728307 -641562275 -2071421898 605184795 -329703825
-1055313600 1242139563 -82078543 695917598 55670266
1746926796 -1639729992 -1865500167 477191814 -2056948097
613789190 1323638870 1269917476 1527908097 2040190119
-2018770656 214876253 1646553871 -1224039237 1986593343
-981131977 340630166 -2106579737 1727762449 -1128893582
-554083634 -1601457671 -427649542 968782870 865343334
877933528 1805522927 -1801704732 -112306406 -1649128996
-1399782454 -177350622 2115651123 1187767276 1729486116
-2034780967 202268537 -2104561986 1996002969 -910877143
-414672473 -134830499 -2132558886 598092775 -1988559523
781238097 -1964603407 1771526729 1704855056 257578869
-1937523041 144719612 -861887788 -1553668509 2017494692
-1536376684 -1803269292 2030598266 1780901773 -744237038
1304922820 940026382 982368328 1093692336 -1865802991
501254286 219927822 1691357159 326977035 -1705471028
-533267649 -665743773 1799081201 278729923 -287069348
1467625761 682747331 2051832311 2033677763 -714183973
-1149857134 -410907605 -1169885627 923466534 1949113330
810791389 1000940542 -488526614 538668378 1542602716
1955418731 2081199328 883937830 817076112 -981866866
-1918856594 1657407791 893361968 2141484040 1663293821
-1516662851 -1153999654 996864341 -226366267 -1668793285
2103172945 -1424774706 337529363 -1660153047 839100837
1687274701 1325760149 -253650444 -1285555055 136766715
2134090712 1399030800 -1552854353 -9266896 -190098544
1740751792 1873903030 533804465 539084086 387617624
1993967960 -1905752757 1719116123 1219581615 2119205582
933143563 -194579390 1967581739 15574766 112249896
-1337908268 975104507 -1593776657 -901620619 540822928
1082980207 -256998567 -676954048 -1754370344 -706353252
-1063915805 1682748480 296999891 -608030270 1236542855
938935681 -2027937179 444788288 203591288 47588994
1248487345 -1487197390 -1899994298 -997742995 -1360257019
659046609 -1849077744 -659001539 -1654040688 1083028221
-109580984 1936290058 1301473730 -307386119 -1400472075
185778095 -2134203718 -1982361731 -1121766749 -1371967666
798364822 1004396026 -1711445759 1594923022 -1361464531
1168200600 -840051683 -613682657 1525093687 445646994
649632538 78759152 -505660841 339918668 -1158756380
-1905961601 739125607 -2063197837 1125159266 -708021449
1264667454 -980675105 254596858 849885484 -1935345224
-2025441073 -1057719205 1672530761 -13551892 -1435800573
-1617687051 -97709316 1774681684 -673332664 70209103
575155460 -1493861545 -1378098786 -1506353389 -715384651
779062233 524421756 1675128716 1185009526 -1910711163
2084070798 -2018962198 764074265 -1798316311 -984906995
85029708 -1580620719 61504548 -341732055 -346751140
-254353114 1761210126 1882610917 1894319129 -1725696853
1363602174 1160719966 -928883417 -1350383850 -1477571837
-28538089 1735363377 6878750 2017079454 -1326906184
1793962708 1851648016 101072765 -476168206 -1655059439
-878063099 2033816761 2067056881 128111466 1038268369
1267528692 -1960717048 -1660375208 6835529 391235983
699268085 1787673697 2118832153 -1055448976 -1303872343
971376782 1379165330 -803429944 -969315964 -777845067
-632385248 1778730533 1039834145 -1418141157 -556211664
747032880 227535914 -2108565794 -1264954066 278460951
-452961080 1645469955 1966494519 -640476705 1306359223
199343936 1678692323 -2081354898 1919503986 915083042
-1536351365 -848206719 1512862103 393719603 -1314499514
2121227442 309593311 -292543675 2040445046 -24888343
-1373253587 -832636915 -338524115 89329253 -678469675
1604504358 449470850 106756331 1647561297 -1871910452
-395324551 1679532397 -1989138558 2130517084 213060519
-559280290 -546956618 462714548 -1524296642 338381294
-1836749714 -524139653 1285286857 -1543072266 -795399320
1736622557 -737581108 -1334506500 220513061 1167820583
2104255756 1728631395 -1572243953 -1794601817 -1734839253
-661826557 -1332173101 984386772 -973031396 1695908389
1797529115 1547784206 -795690313 1790826495 425392656
-694586682 2136354717 -2140375418 -2065010608 675678743
838035238
