10403 408 1577528657 410117395 636666005
1339978940 -936605040 1036199626 -1491926080 415727058
-519403444 -1278713631 2131263122 -291711324 339526744
1619223043 1919343389 -1482586181 -1923150101 1252098008
487280550 1392935583 -1818447453 -1004224405 618106018
1006451726 -2106254466 -2026697429 -2138460225 -792526627
608122331 1410465570 1067821594 -1448848139 -1237915664
435448258 277824755 -127003972 1682128825 -472111453
-2110002981 789963430 488721558 121145076 1110989356
-1753975111 -290201721 823287071 867926387 -523619656
-1927225557 -1877119571 -601021213 -1232013473 1949258939
1751946271 -291608130 885086306 -1144598427 -689690679
2016115815 -1115187179 -120344167 -1547245815 -893276660
-403351575 1142668119 2143719518 -1031315235 475979233
362595315 1749435399 -1554156052 1424711695 -737237764
1309849802 -208045094 90859123 -155360312 -1828136469
-493546611 1541301138 1409686759 453616968 -1377598486
1858927537 -1403390212 -687247933 -856259557 -910276956
1742222165 107007285 773958184 -2029508197 -1544732120
1361860293 1399449813 1775219192 -890039282 1662544311
-1650991826 1804392385 910250790 1722539125 2014040209
2039368076 -2025126186 1187411487 242400368 133446300
1619362653 143846773 -1273993447 -1823419091 1955793707
-1515425658 -218171108 1547763138 768734578 -1548488831
-2009850886 -807178393 1459428674 -2000206723 2058377065
-1432765396 -1427266971 310417409 1420533502 -540159467
-668122493 -1940659718 -917464389 -789392839 545036765
1043407261 1829712306 1171927510 -1671489301 1125127862
-997416071 -90361727 -1313722217 1547801919 2141601656
644626636 146871427 567700899 361147733 299363280
726602090 216980732 1932703102 1547129205 -961027760
688089652 198408185 217796573 -294278536 672011959
-325153491 1217858690 -1935688003 1288207832 -392433058
-1307658909 2108655500 457324110 1054060605 377510179
-2063331292 -499476290 -1539915151 1176160160 26288234
-363154681 334535251 192762587 1181778433 1609689358
1076211065 -1097290716 836326788 822698223 -1999466798
1374324019 587491944 -824767786 303632751 1353670842
546037154 -796565804 -2005243759 -884641347 -549338278
1560467591 1843432058 721239814 -137742067 -682629484
-1696420970 -457342822 -2005484996 -178720328 854470025
-1444135606 390849345 1788803271 -305750573 -173869447
-776941453 1964684497 -1508526782 1571842712 1938507793
-706854358 341129051 2018716260 1760317392 -1194055224
-721967560 -1103695977 -733714191 2022066258 869642684
287171381 -307734647 1264757241 -948252893 -1953329158
-1812123105 -162359391 -1285626 -1232540529 -640109145
-77386868 -133657062 -778421682 -303138034 463391971
1460843567 -871639211 14004560 -467528238 1674145580
-1166830768 -659476219 -835941864 1723325146 -2108166133
2036880213 1205830020 -722759999 1261878585 558443293
-1882035783 -533462833 1032640189 -1956830314 1747970687
961889132 -975654826 820772460 -1966628948 500929055
-474093627 -639175227 454984560 -887088882 1476165693
-337162906 -815569869 -581660182 -471822920 -859729102
1696196564 1288645250 1576395058 -1740333977 -414371564
-962459156 -1688631653 -691693111 -1325134240 -181431413
1240510896 845604415 67901293 -2011534594 -1057005177
1200360411 -93080034 1994309136 1761500918 1483546519
1961085080 -868009010 -351167793 -1514145097 235038052
-1474820602 -1934781924 355258600 614763109 1612388059
-1494841739 -46354921 -395172594 1894424189 313039219
-888000610 -153347823 -1116537044 -1736737280 -728991607
1003490102 449810339 -55583858 -1246945467 1217507365
1922097788 281019352 1433706263 -1151701255 -700730418
872543781 -613297603 -1634409471 -1323500037 -1686751827
-1030933584 -808882158 1674920534 -456439642 49465673
-1282498740 -931778641 1414264821 1698019253 1184432670
-883680168 1000472823 1489936711 -1174659197 2101529112
685176785 222129827 51597951 1657223210 709202552
1049907181 1447850903 1925699523 -817748514 -133764428
-292096625 218492138 1947729750 119071869 -1475940488
-1078339218 827694452 -1149025418 -1513050070 -941168993
89011547 1317932317 -1141306582 -144603160 -996420349
-1325067295 -1498291482 -1285321553 2083707425 -1337219292
401573552 -1941597797 114894242 370306468 -529079638
1275984632 1484951709 -1674355064 -25082894 -409144236
283185366 144920079 -770615024 1835960410 -1458113239
-426235163 -1326693630 1791028003 831073491 1783680874
-2114769234 1219607083 -1914721515 1938965798 -1668008209
351457766 1099631789 1139939027 533576654 -1861483404
-995926247 1127295545 -1991958713 172261409 -1992342953
-1062760777 1808380692 1969741379 1932377662 724210827
1359452979 1738687473 531832993 -1534009167 2147139536
46708010 -1923852575 776179845 1312830946 -1454049612
589694411 -1180802709 903725181 -941848391 -502024759
-1473933848 483520196 1983371307 -2087173703 -673095667
-994190743 -917998885 -855613769 122104883 -1998838577
-1363955658 -2057989665 -1551310927 -1196397552 -1793928106
704015584 756311041 -1707408671 -879344862 1440079911
1498166274 -1701343597 1049433232 -382134242 1545518181
-814425252 151518109 -1454448698 -2055063934 -1448733636
-921344482 -647545034 -720936979 -2129491602 1103989128
862251662 573865406 436610117 -733930755 -1426512921
577680297 2117715323 -1935670128 227656018 -233214073
1275817483 -171687570 2072911965 -1393371547 1155436921
1153583557 -636101858 -172330114 65334329 1709981216
1653881414 225217541 98707077 -1500636247 1783550735
287415840 1241765326 -974340283 1381105038 1855657821
-1725468908 -50347472 -1515217769 -939347418 1216990161
-965939733 -1814577424 210387265 371541059 1843914892
-2059584243 1834328583 -367129728 -771827085 -1529887065
25185152 160464746 -764337872 -1048104473 1609793929
1740582391 -120176304 734491163 717022976 1005736966
-651059983 1685158974 -1446073049 -421930149 1061341816
1504906914 179069560 -1822702597 1867841328 1538888384
681764084 -773468512 1684789898 93077439 -1502865309
521021956 687223989 -1455715126 -608188429 77615841
422463090 -562172653 -133703087 1566291053 -1172668581
-1006827155 -1601520524 576799767 332295812 -1253429293
-738403129 1727410335 1138387301 384283977 1941957562
-829765819 -158746545 52553724 -891323268 1340016151
-551056929 540565263 -546626375 1132023642 -1911010654
-715454796 -485233690 -1168696901 -143215466 -446342939
-1034797872 -107802221 616634241 761827877 -1021395576
203365888 -1829338209 827446201 -731303174 2008340340
18016822 1762941788 -608660244 -651382229 76591707
1175225415 -1495947208 732631475 -1708543725 -1993782573
-908396672 933273941 -355910856 -161802618 -1688573916
-1179229470 1199082777 -1757939447 -23288936 -25150342
-1669979042 -602690849 1301581615 36155566 1687916468
1604555437 2096818691 1843836227 -1239163308 343766479
-1675818832 665983228 1658521556 -1536650071 -2119551697
1757059824 -180172858 1310139908 512046555 -845940184
-1978286623 1459860793 -726116800 -153316783 -976242392
-2053545135
