10403 576 2037401476 -997850075 1518453720
-439842387 729242292 1104577433 -1136128632 1003502241
1957417159 -716446818 935268800 -563312470 1596801176
-703329303 666782919 -1983437433 -635316931 328045701
305829265 1137842214 1671563708 16498865 -314292768
-2059275174 1520488802 1768053736 740032961 884790249
-1080912978 -1010274485 -200343872 -739903391 1120732641
-837137905 1016575554 356710983 -582833268 652394733
971822590 1583443181 170440928 -1521014428 1874023950
90610942 1084848167 -487397927 -687459543 -224794372
-949907566 22461922 1599232675 -2001170308 753414051
-3957508 -1148149479 -1421560739 -1913429529 -684399886
-1091029060 857894347 -813078277 -472580697 -901845126
-2049241011 212276397 1449736997 188014846 -1934626702
240960897 -1432735533 828034839 -276321523 -1635792639
-1344927951 -609692143 2131646306 -326437578 -1109282018
1232166394 -1306929738 476268943 -1927022447 1405721344
-2047237157 -573221784 236225455 -1297797537 -840970327
-18563467 1638388903 -1592090944 1902853501 1457313966
775184335 -1869291161 -284713282 -633855546 -547692542
-1695944893 946194728 1787101541 1889167064 -2023742595
-788922781 1114253205 552149270 1307438535 89401268
315812473 -1356145025 -924184958 190765407 -73210000
-1601751800 1585935252 1336124604 711748680 1866158260
1055753750 -1486987522 824366728 -776032564 -1234598100
634859736 -1823191184 -1466215800 -686099786 557459734
959972776 -358310612 -2072407287 1282605239 1837636251
194821611 -976194469 -313709840 -672387946 1629477623
875792907 -100367678 2013802932 -1402708700 -298651443
1200295764 -1984147437 -266021254 758047441 1722061885
-679999319 -1363006248 -1366660751 449354983 27178240
485192675 485069433 258295220 629408104 -502502254
1300427425 509877714 304240106 782304237 -718859690
-1271914650 309193283 577515774 -1257199097 1338776345
863647614 -1594775642 1556697258 883184530 -1816272612
-1872722311 1113361105 1669091472 -1190006473 917092643
571285985 1691015248 -976728090 979914246 -192352741
-1334869316 -789578997 -1048585638 -1312724316 -592121517
892064830 2079524128 433624469 -1623168399 -1376475869
1548422007 -717598973 276326891 73911069 267865765
-1026487165 82735356 -626074360 -831150481 -2049908291
-145793700 194564956 653596097 1974308482 -448864501
589795751 -62198414 469985200 910425115 -1952856178
-1318512591 1338148093 1782687673 60001437 1687567409
-1672487973 -813412147 -201845939 918253883 -1181830715
-1521802397 1715851279 145973511 -203685878 -1139456848
-879156133 -224868914 -1415152737 848105483 -1884944309
-2109423168 -1726718972 -2047952767 -431878431 1208334651
-589429998 1698101371 445264048 -319842629 -892678615
-1573848505 1650763808 -1758535266 1991339994 -1197003235
-1299920913 1946085871 -1251006678 -1030653507 1942604561
-1694268268 1741377716 -1748385243 -510131439 1099334739
-1161794705 -1900939840 -542225672 -1287935380 -1006160298
743014051 -1847921576 -1330497362 159649969 -202379841
-702144078 -1825659696 45080401 -253919906 1540722173
205173285 540015357 -641981688 -1389336809 1869502497
1035063156 2117999622 408081333 6996488 -464049605
56304081 -899447535 -1415698952 -1384298939 1281200918
-911506128 822784114 -1510980422 -641451514 -1790549752
1155496095 -1717254916 -554116070 -1485159223 -587038432
-1539865276 -1736049726 -1667892241 -228680647 -1163472633
-274154971 -452256268 2090456085 975663273 -183414621
1520847525 -463284732 -1299059810 258419066 -1516901406
1639802478 -1884563237 719512560 -343251507 981966622
-842135588 -1617543289 1203076353 -1795974210 -467053347
-858101411 1418813081 872776619 2128618587 -290577430
1835764307 -94357185 686320827 -744144787 745376766
-123060614 -1189197605 -253887094 -1671647082 -1196468734
-527204725 -70376186 -2023821935 -2127691774 -1841595320
1987406235 -2057592485 1370344378 32179498 -1651415378
2016853734 -85196278 413547665 -1255557244 1950056748
-1682440710 469743005 1671947548 740896666 -1658205331
-971827819 -811928380 2031405195 -821468698 -289845533
80882282 -1353944507 -1076398315 -886871031 -476891354
296692634 874516726 -873116023 1544677661 429455791
1496417168 -743813984 1576864625 1758824622 -710450557
583767177 2032486655 132127629 512644258 -983726509
-142274005 -1466531845 -1602445660 -1129774518 646920820
194182962 1961975553 180048109 -1991467681 1163653396
1230311365 -1248858224 202776123 -811093009 -143160442
-237849642 -507821039 -1033659559 599422793 -454637705
-479509079 -140000972 1888470154 -2115546314 -466578006
-81745827 -407334677 706673357 447930168 1752906889
-266612952 -1139370960 -165211367 -1687832794 -1337122330
-449344575 -1480502080 1037819978 1055731347 271933299
-1496684119 -1366667815 214509792 -1521955281 63433616
-1225108400 319662719 158791828 514873832 1664793732
1892739178 -1378480983 1075039246 -927617088 -1576989495
1073698540 -697070904 -1598062200 -172974578 880133651
-1468406461 -193779572 -1063958094 -1121548398 1329548652
1922544644 -2025453036 -895768869 456072468 185567338
-1328707197 2028264879 -536584048 691963452 1383894114
1973619335 -1482453552 -1780970384 -1822565437 -604065147
-1083278696 -45906235 576343841 -567014441 1038194778
515594914 -678041360 -1940920316 1177751745 1037888567
375601021 61460346 2077147531 -1373027091 484513074
1293462076 1920323418 1356781719 677228280 2113268473
478320434 411625502 1139498241 441996084 135719708
-666993043 2118400437 596098866 1971513712 -854949284
-1063853308 -969104922 -783319669 -313377109 2032176435
2115433378 534215870 1132958121 352398627 -1076826645
468081468 -1740912215 409204703 -590835762 411503930
855545538 1489638094 1668851310 407603979 -2096313217
-675690604 -283745336 -1746169609 -2038585030 972366141
1611332048 1763521872 -1440616803 655724721 -562933212
-1000949956 2061645752 304148300 -1485030298 1521727967
1274786445 -1139826887 -1949198784 121292602 2065167206
-1483072459 -405591922 2117356352 185887337 -2089874380
-353007598 1459117177 -653692843 -1322109128 1589947816
1226573541 -1501113084 1521555859 1415787451 -292678001
895195971 -19308758 1540499788 -494196891 387013780
-1951945559 -1195651943 -326354533 -419788129 1066123660
-941863237 -1590550434 1123561741 1169193352 -1318791297
427163723 -1331700490 1163606270 -1947830366 224252430
1434420663 -2077610307 -926587941 332939870 -2014059970
-1111089752 1444918374 69142799 984011881 -156258902
2080196884 854011268 1711335231 -233523364 977649910
-760371179 -1235444234 -1900068647 726882092 -302634236
-783058575 1837129005 1438991457 1064178259 1651217672
2075649344 -865528921 988927321 1331067773 1947248446
-280689170 -127147625 -472144679 -669625240 -629925184
939732928 -1343157871 633088975 -2016772541 241558872
-2096620833 2016388148 -880348129 1628116916 -1891264148
-1496389423 269724037 -1188227255 1278518341 1824820592
-1363318286 678405826 790701424 -2044422199 690541443
-216035283
