10403 168 -96775467 -164924613 -763176738
-885944925 -70673831 1199126076 366260450 -325885213
-1844164321 -1349111915 -554902395 -802278255 -1663387024
-495439413 253747147 -448922975 -518357646 141935000
651898014 -1679919040 -583062941 -761680715 1453738403
-1118891928 -660440206 -355539087 1183342936 1494476610
1052153615 -30129218 -519001322 1659063320 184007224
-1709086645 -187034014 1670396713 1660309385 -635766815
1594225949 -844915132 -821073965 1647711 -1025804934
1213061303 -1377842910 -505828266 -548574444 -527297638
1764763820 -571233057 -1024079557 -501316503 962608513
1898173506 -129369006 -1406236816 -892658928 2117486768
-1093667715 -1505817892 -1684119670 -24972900 240047265
1765685049 -384743586 -509566907 -501285725 -606849679
1706241964 810526295 323082113 -1861970524 -440202137
-848939813 -1025117016 -1374647973 -2105617848 -57495491
949543213 115486606 -877566032 848067746 1851129572
-676575679 333943206 -1697820840 13025728 161624770
-1083070621 -1233816143 -1012205355 -668679680 1613240464
-808976935 -902643622 1827739266 -766945451 1454507473
1957798417 87773764 -1135207255 1157461133 1138536389
-1639185260 -1346258318 -2117765166 -873166423 -1107069135
-202996130 878089174 -174717569 1287350401 477625155
485815999 -1167717576 -1372113435 1208073881 -1977285785
-1144160661 1449755637 1302927058 -1121947420 522354472
-1146984929 803551021 470885140 9550601 -1762470652
-537347226 -449263632 634482246 -476132968 1583799075
-573837653 -1442873727 2076519060 1423913390 281444977
1519748653 1630790827 -1994364382 -1563227758 798942160
343116404 1152235857 -790758430 -1867635054 -1928080812
-2043021844 -2074650187 -148780414 -1880369043 -130888337
-293366862 1506613371 -711118068 1935471787 278147813
-372487414 262462625 1330454435 934808653 -1728686354
71889239 -250191111 1419803940 1457070040 -360684848
-1257533495 1368930246 -2092160750 2033216982 -487621120
-434352791 757549762 1276047536 1501213278 1126645588
-1093797673 2099289412 486880594 24790488 542926567
-1451547250 -113850651 829234081 2124388588 1837289540
2046338044 -1012637571 -1638402507 1925009077 -582016250
277496860 -1743875719 -246420906 -1690884452 957576637
1664935812 1244528336 -2023201853 -1933848960 -1159962264
-1395455207 1138019826 1560949176 413785647 -1528595073
-169890472 -1422977388 -242335067 1720848941 -2026156570
1127923429 -1364353368 1347879474 -1405038547 1190294811
1852240541 -2071413260 432006114 1260858461 -1482337689
1262465717 -2079396041 285757745 -547807929 -386067552
1154123108 -1271739584 -1994154682 -1083423126 -965043887
-40942364 435594033 2015090868 -933782214 -1818518232
-1423285857 1404085653 1247290234 1709831187 -1044320134
-1862502308 440353418 -1096758250 -800137500 2019109245
-1664479554 -324761204 -1234729221 -1955305064 1042366121
-1670053437 -788894880 847577288 -2124803048 -1604482986
426756514 135380947 1398874676 212970849 319464571
-1923909274 1257853928 2079988982 -1006367055 -1693449907
-514023064 2075166283 -886330001 -1103990842 1489336758
1860296254 -1955641361 -516521549 816658309 -1126100825
-2037252164 -880352546 -883869613 961024404 -466243659
-325604249 2023010722 -113732799 -684065938 -1258026669
1880963271 1453275157 116871128 -725481731 1586255702
-2109856087 -998014603 -539846117 601275442 -1688561661
-915890475 423171316 -2016951769 1040492131 1141262251
-2038460342 -164239641 774985287 1255114511 -368237259
-67747616 -1286366058 -237696929 -410011409 187261984
806609680 779786329 969009262 1125372622 656291159
398548996 516109102 2042874440 2098646266 2023889238
1718032112 -407339077 921866721 -1520957793 127882192
-308881058 -173673622 94612345 565909566 -109959371
1514660278 -1277985684 -1256332347 1456967695 1659412127
383541303 1000312937 1191569246 -1299779328 1459518343
744215238 -1794635594 -550264822 -974460325 -1537309651
968630328 1285884860 762301673 753380784 -554198336
469876831 1668768305 -781868317 -1418509918 -2064059741
1748182403 2141963382 1033567857 138879334 -1642946231
-1740227481 611100768 1122487156 1026132931 -652128529
165405512 821338870 1381002859 186927110 711722530
-1756755450 1738856759 940620219 2010785522 219505476
-1756414150 -108585636 1600831684 1620971922 132179109
1119785476 -211073039 -1986987852 1244924753 907437504
-1160620470 -1400966488 252608906 1526132614 863886598
-2082362051 1599558406 -832349233 -892288000 122870746
1382045870 2122830892 -548626518 -365189293 -658423730
-99275590 942451718 -1016322415 -868880103 1492671293
-1166352546 -1019189778 732941013 1299166929 37765140
1280795187 1929605847 338345925 176698402 777779974
1821884602 -1464485838 1368591221 -2117851962 1384143112
-1648772239 1907727020 1926779604 125854640 695345772
221973459 -807707270 -719318650 605737445 2061790458
2100957540 -34901517 1448607252 -1710281729 95434905
-410146273 -505812484 -648982329 -1725049835 -63887881
-1001096358 -1055005040 -886137358 -415514098 -1316421188
849564415 1872847264 1147960186 2018118362 769653062
210836901 -1892809190 -716598248 1404141117 -660460119
352837335 938230595 -1032893379 150733256 -662880696
-2058809530 -1673059425 -1926349284 207381129 485737152
539315782 -628705541 -64123589 1450658128 -158784656
-1534517116 -1118577777 -1085031591 101722834 -915698923
-100783444 -1295241654 1250097329 -854431644 -1014927470
-1221994782 -1825463030 753296481 -2000512043 1836469569
1091126491 1749113439 -1404018465 1157808180 1081371711
-672161905 -608541596 -923211773 1317915146 1957191767
-2008254372 1902921968 -989698119 -2004985583 -1745072200
-1127742224 -1974412420 -1456344786 -485070869 320053627
126683911 809368734 -1145765515 -1416537233 -1184453274
-904078471 1868547630 1562775872 211181531 -1153834956
-1147131009 -9732458 -2009596369 -1630486410 632102524
1040741541 798689096 -655201029 -1487421987 757433147
1188308266 1360725205 -2134300897 435682813 -1551393427
1057380438 -560981378 -283051828 1442301096 -2060956136
626533581 1139820223 -302279666 -1951575750 -1082075132
-1931424242 -189671504 -1112251654 -1065001855 -564422643
59331837 2055305535 -309941961 553984832 -1315324178
1933577204 664548500 -1658286104 -138028865 -107205672
1266167353 -825961416 -891273017 -851048320 -1918168753
-692353991 1415286451 -1859241894 386353065 -1047740176
-1036374712 1338312172 1949400700 526507521 1832240597
-907577564 -153239466 1687899821 -1252881531 1483417232
1135243062 -611993738 1149473890 1437460509 805818606
47758236 -1281407924 148563731 -1209121141 -985170565
2131927488 -1120237753 -255906739 1247773127 -381636443
474710106 1735318854 -1114859589 -464839638 1703336226
1928322088 586026142 1899430321 1685714299 145456298
-352542415 1919646804 -219815206 1461543505 2142997726
-1949028051 -899730762 -1074497916 292069110 1185784873
-105256091 1437527271 108448963 1347880537 61129272
-456336968 147273335 -548786299 1917513829 -1455538634
1858461109
