10403 24 1035763227 469016287 -38430592
310573575 958889643 756472737 404906012 1461465020
595245427 413242118 -1087170230 2011824163 -233480098
-1619265910 -1829980585 -412244586 1891945654 1738364478
1254695997 -1958250159 -1406580924 -2147355027 1272996181
-1617145953 2100596141 95479060 324669525 -144339980
-916729953 -68005041 2019687668 1298975250 306909650
896804473 -934771903 1869926618 344474899 1344711099
1993829285 -1764305247 -63445672 -1724492102 -901417647
1856117723 -198564910 1952197616 1395182504 -371214352
312529589 1272141954 -2101324739 361874783 -1052503032
-492209195 373882887 1214409781 -104699978 -2086547574
-1469244950 565385337 2030776948 939893004 392605893
172844219 470880440 1214867197 -989308571 -153450251
-1294657980 517893775 -1969654651 -1418858532 -1044980660
1649700086 -217294141 1947332333 540781520 -78888292
1381480291 -1326221305 1824168395 1086394894 -1627252909
119323174 139982489 -633704790 -1950768276 1646836664
1676587872 2135155496 974130506 -1016801155 2137248980
1623912566 1393918978 2031340918 -474628749 2005512123
1179019075 2030913851 2123580253 1244986609 -1583903315
-1232016395 -1588508661 -599948647 -1709640903 -1295306867
76083998 -331479306 -1047568728 -932512977 541171276
1011729225 -979840711 1107656372 -371959287 2017866199
898961871 -521300868 806996583 1573701394 -2057046773
1821290141 1974032682 1211662280 1874497841 1302012595
208228671 -605174822 1606060330 -1316055306 537401648
270678973 -1768471577 1555872063 2006116062 146261501
-1219932522 -528532177 -416422734 -1938909072 1225058303
687577993 1878148078 456317997 597132357 1855731295
-1634554856 -1572599155 -2000261090 788776654 -1574415282
-899613535 -1194410927 228949398 -253279421 725696327
1525269515 -660068517 539028018 2116019414 4636078
-1845947274 -901328930 609556057 -551553084 1468399888
1422273157 989481619 -1426737098 922777920 925961685
831915744 -1552268845 -1340269389 -1212940160 56558621
-1383575180 498394173 -1174810095 84005735 721627581
956893879 -2133052149 -974890913 1419488927 1096185775
796460009 1126943742 -680700984 -994010171 726905126
-1849040409 962916953 -213572212 -205529482 1332696442
-1091707421 1622580284 1032105923 -97538190 1731546238
-747057113 1099326432 -1462409140 401101967 1525038392
1051860444 -133891931 -1590003545 501330335 -496668957
-1677956192 1728780550 1405907882 484687770 -1144623683
73779578 1645402448 1225720684 709430218 452614116
312873560 -523962185 639521184 1346932037 342513662
-1064308857 2122723968 1029106842 1648007197 -1071449783
1723907524 762250744 -90802710 -237620163 -441619533
986763644 1861211570 1445912183 2106424147 -1723784239
-334392530 1103419724 784874256 -867808684 1167187604
-1224168951 -1354509827 1235554684 -93515005 -1814028600
1363045792 -184678310 -2108501655 -507082277 1476355247
-692112592 -413852007 414267208 1728316047 808664178
1811001073 -441522785 -810718906 -1736286628 742153785
-547610375 -741735021 373596687 1154710787 -474949445
-636685232 1798878690 674006585 -937463868 -1074507574
-631661839 866244642 -956853930 -450532794 -1568630683
-636684837 545919984 1343152124 -1141510041 -666819744
1943036264 712703419 488006332 -1169148199 1076962716
1639255407 1659642147 1434786076 2011731517 -722239655
1791070136 -1812460545 -1233363208 -1072820708 1311534802
1981211676 7400343 873697494 2065138295 -1509179111
823002035 1152222564 487190343 1163178148 242729262
1904473268 883198675 -1333486157 1436284041 -531639679
-623982706 -310774099 1298634640 782198769 1893754922
1354158955 1528032469 -1006708380 705260796 699182243
-1025133383 -214639115 1515975612 1390733485 1325129211
-2085291912 -275251277 -1316079223 -233313851 -1309922486
-1075997728 1403782159 1697907958 -1694130071 -1050592691
-857139548 2010643867 1581941029 -229244128 -852349513
-120770598 -1689911862 -436796748 60609984 -74850384
1916666849 1768606509 -1729234638 1532225715 971375554
832967752 171956507 -556289614 1579621783 -41461344
-736946901 36889407 10596129 -1853028770 1629728086
-349924925 -1020762949 1222155409 -487153120 -1594881322
-296209319 -1025229576 -60663633 -1637168884 1025776761
1508038871 1905263064 1581270067 -795901400 -51709725
-480326117 -1564892108 1409454009 -1627683531 -1556721899
1426995931 171973292 1087635580 97123605 -871420016
-1933374520 -497400668 930777637 -524750990 602130803
-756711670 -947592105 -1754893078 -462864542 1571799953
1884779945 -142290735 1783061265 109971884 1830028253
-163696585 -666654880 -477917355 -1612303152 -508059735
1861784016 -2090181969 -479784446 -1775241821 429054242
625528815 -1720089947 446266728 -371629484 80194155
-715944346 1239998999 -2017097731 634305698 -1206187410
1418993891 -607124227 -986871869 115400520 1359072243
-309350132 -2071332464 -1159363801 -1018819779 -646796445
878235599 -10928088 -1567241464 -718040560 1845078039
-1340403759 1672781509 -1367451325 1675580476 1906007301
1315833680 771770499 -964755005 222047810 2005443160
59052327 -1550333636 882804382 1062253614 354608036
-1529432249 -998434867 1456924296 96655682 -1847407911
949472084 -375540679 33118876 1739900021 -138583115
1952206487 -1345928066 -352387719 1689311053 -980614972
-363949212 -2142215934 1761874745 1155938306 93278256
-1888588744 469671484 790054318 1654002862 -1715349979
-1168257440 -1223377993 1927567193 715452492 -79883383
-906724539 -1050313467 -826865151 -450734067 1559709027
2106877595 -2049151377 1121992719 -1481429392 2023697784
-1381083735 -1432591174 315610221 2069500349 -1144273365
1918729656 74670839 1398952237 -1452541637 1902881849
-113493538 -1028778259 -1175793244 -333989059 -1540538198
101652086 1389085774 1388510705 1898322321 280852342
-111614114 783292384 -159780628 1429696624 1838061198
942396300 -1930884343 -611473743 2105353363 1293484299
1379130828 -1302763262 -1052460006 1608182263 -1158457296
668977820 -797328220 1632976424 -2140409100 -179251870
1814651724 57255131 660302729 -617633567 -1740360532
-346660562 1341366338 1511923331 -392740096 944319610
889316508 -43294679 1872486302 -2066180850 592727893
-1391033221 268811397 557642210 -872352992 1276366971
-1076005909 836918628 414938066 1367210462 -243216644
1079578403 -605036468 2044334965 -750767806 -423662819
-906258922 -1881934070 -1086174810 -2087874265 -131377391
1522871482 1460280955 1398385492 -1129840817 -1278415420
1257815557 -1020409079 -1735991035 1755842599 -1597156944
677951059 1437332508 825705788 1060848757 1662195473
245312481 -1421418521 1428118041 -872854247 8155757
1907656488 -366001774 1861109590 1126563679 -218664804
705143631 -586940833 -460499751 -1552965136 435908322
-76681976 1899723385 218992944 588201075 -1164942788
-462096201 -1212816489 1993080852 -1031699608 -1314533516
1935736159 -1021871841 -1019419750 -1034127967 1621027929
16946177 630352332 993876957 -1411967321 -1262990357
661545120
