10403 312 -2088655050 1322741541 -672571553
-2101033812 -1076159163 746070968 -1233899668 -1457521512
-1089791590 -130597423 -160358406 2091515897 797657982
805661824 -1394173102 -35836491 1277885108 609060476
1736494644 18756943 -1029937597 -925080594 1684770695
-813276403 -1381084005 -1823663010 -1598844442 1216178796
981846126 -2092852780 -1216774911 1084678184 804379936
1773496807 349226169 1330351034 299337906 951306135
-1546179919 570528970 -1153958101 2045121221 -1564850753
-1016710344 423078542 1752767879 -2121801493 1428767533
-1194638522 -1525289641 -302913106 -1656569042 -1442319377
770715173 1416460142 -761576317 -824187842 789622653
229142338 -115688417 538200146 -427557491 1380146478
-1998322828 -1945848639 -562955053 477214522 -52587359
-102703380 2026164931 -252966436 194132165 1841901072
-1152808943 354477996 703869081 541755524 -387603598
1380160345 -847091174 2077936259 -1445748970 -612849292
289196949 2146440902 -161547628 648241845 -1210128694
2057015380 -354763993 1085517781 -1050043481 1724898666
1805731990 1512100136 235769201 -404589517 576276761
-9811251 -1310077547 -1242832327 556693097 -1114565680
989031089 -673911031 595971636 -1588803761 1488290590
-482207534 9343165 188658051 810020762 -393787180
-1807291036 1462625479 1191653068 -1717186629 -1410111061
346755206 -450482342 1690286702 1404367620 -703260579
-902407991 194037937 894037571 44662168 -1256557997
-1486640140 -1847823690 402896661 -1588162897 -1236676734
301057218 1021288661 1389234008 -1800819643 -2110309856
-606470746 1664581684 -645057803 549478573 -722029394
1853000690 -1770672352 -282169278 1853630979 1540544098
-436520573 271862427 535889965 879816812 1896252508
1327780427 -302782015 -1458228844 218924054 689133200
-830654338 -1369054253 -1035257150 1051570335 605229440
7547934 -1285710794 1278876005 1360241170 658296025
1900947477 315813243 -273332855 766902428 1982720933
-205687651 -2030687652 -322013555 1224705104 -391969589
1408916888 -787222028 1650003966 -92690576 870063792
2079273069 604051025 1256866320 -2134816167 -149356646
13628524 499546761 -396105657 -1072386314 1878871940
-166140703 -1208529566 188652361 1148884204 1262088633
-269411189 -492284755 -944531007 33368478 28323053
-1912977272 -337666767 -1315655139 1550897369 1948945517
-1479409563 2109275390 -1249601342 -831353186 91856480
896582203 365747469 -290284598 190480510 156007580
-77941163 1107802374 -1251825284 -676030647 -1233541288
1840099879 -285925275 653176683 -1126898635 -1247797675
1705875289 1547444943 -1651753127 782872350 -908635557
-116855878 1237771660 -1620308181 125593695 475901776
261472700 -1073018558 2011402554 1249336857 -1052396349
-730653304 911684442 528452829 325329831 -1800991929
2041805062 -1317538322 -684928351 387359656 52496183
1561025125 1159363900 -1050328612 -484834730 -1669980399
-240759418 -1648377399 -1347750942 479688165 -401900588
-90965490 965370453 716362065 -1416989240 76439836
-2043749611 -1629624351 833828243 942096126 -1997503738
481179194 1926206874 -460570332 -2119828564 -1647856381
-740756323 -749678128 1255582353 1923400212 1091489902
-500096307 502508243 1016541935 -448534823 -2017780394
-17409524 -627906915 170564563 804168695 -1153305483
759721019 1237477469 1710732701 1037534687 -483560232
-348435609 -1098594732 11327962 -693602978 -642183669
-1815244578 1406217712 1560674738 -158190739 -1780614740
-1981219919 1353516766 -210546115 -243661200 426689097
-636138426 203478976 -627416620 190310976 873446307
51741205 1870981652 -1918758661 99320786 81157427
53154823 1912860854 -1315218270 84160992 -516457202
-445577028 -597700697 -318945934 197383733 1759208916
-819765613 -380032223 2012314413 -2045651564 432101786
-150227410 1078543352 2099439745 -193964791 -412207789
-1721665978 -1752437675 1383849666 1722254884 -905350479
-1601294752 973954528 1831222795 -2079529971 -150295084
-1031947964 -1061502769 -1814771141 -1417083572 -1523737939
1255826918 -2095229942 -234511923 84194116 2089007432
1712863887 634183673 1236548512 973744314 1727154771
1580422058 508689116 653708099 -1453476526 -361347178
1218758691 608069493 1044524822 -1779802215 1448470588
-1923222724 2056117633 -871958935 184934314 -280217257
1985261321 -2017955321 1481111945 -31484482 745647508
750301704 1668462506 -1627982148 -1158527373 2052001236
-2047601827 -174745823 1490933715 -139009919 37613979
311449490 -969494629 -517134105 -598768475 -1419780847
1796992034 1384322479 -2084828561 1212704754 -1749533529
1846797416 1487874029 -1602984477 366981614 -1398981515
-1964594138 -977657702 -123591530 1743732420 -1921238510
412585912 -798665159 -547554264 -43653125 -198474948
32867828 -832607088 -437247122 -577417971 1769794841
569917881 201211256 744058799 -623747037 -777834376
-201375661 -1598842911 -1820687133 335923464 -2093992157
-1797491960 810544392 -1298380190 -1361046082 802759996
-1837175696 -358317800 -1690380061 2075500222 -1009964192
1162616796 663927195 254806946 -1638052291 361359190
1472778527 -709106693 1114813006 -605519203 -2000679920
598220949 -2079190995 -1238887637 -1212280987 39207274
1049056408 -145960438 629942525 590804309 1836449476
-1364239425 -2116788401 -1982151781 -1296882014 1611205797
980765879 1295347923 296268203 -1955439234 475606073
-1417702186 1257543226 -567081992 1171053491 867280776
294481724 -373256508 -1456822644 351066996 -784708422
982460856 -1831864801 616182588 -1601669785 -1488320117
866429214 -799762870 -462293800 -1382646418 -2071259096
618704069 2036972849 1690436413 -644578727 1170736638
-1904176510 -1137599116 445945217 605583414 1606584592
1998864198 1802073734 269318284 1377428047 -2001401717
343937988 239763122 1929726698 839166562 91220024
-1116636534 719719112 -93215628 1479057824 2078396208
-487058023 280166461 991521101 -1574609672 893843907
978098605 6467731 -1640502853 1644011955 -1868214933
2146315994 1048456314 1822472747 1018796236 714978136
-1003906679 1429369125 -1762181061 -1085255359 -196022301
1379401446 1753298218 1943787719 1807880229 485203075
1025393336 1646591315 -522894581 -773606097 403838855
-860947057 -1454425582 1586680410 -113733408 -359105688
-317947878 -1266323693 -1893466352 -480929612 183229719
1806282426 -962131309 -1973569737 -529501679 526658751
-1810355141 1889289810 1937811520 116690532 -1610376235
302038916 1107455375 670838953 -1217872586 1567598165
895465389 907826539 81716392 -1339991828 -1758052106
2041362819 118182165 -347612710 767523583 -1371441391
860384274 311366506 -163455650 186749128 730033989
925964170 -854678206 -101180103 1969095599 1388079938
1534839200 -1260276047 -933648679 1936392868 -967894421
-1115015404 127972409 1543490823 1230237825 -733598982
1253074091 -660576781 -2112195686 1211799620 -372718300
1620367638 -1704217254 353837595 536877028 1232760763
-1288412810 975702604 1777299459 2077453433 -2048933206
-1233767654
