10403 552 198452136 962523291 1080836342
134100554 -1620713521 -2053921152 360473338 970379915
272204292 1288184652 397255860 1838509577 -1106528212
765935257 -64841177 -466688578 1962234047 -1776813044
-1748933626 -690176931 -1282997392 -388961590 -1174548927
1991724559 -320315430 1961606155 -1025406646 -1349678099
126002801 1986627 -1549202199 1711197491 -1277499064
1788717247 1418904796 1259110925 -2136946950 1218026979
-2004976454 -1726127872 -430268448 747032009 549506555
-1041474851 -666430292 -729921235 394947072 -1667913045
911187856 -1589218719 775558345 291880944 920351466
-607081195 1677942614 160541244 -350353866 -195704125
-2069288853 -1030904816 -157154746 -1082940702 1584068080
933277816 -1947427124 -477084857 1799958119 -930733905
1355289231 4076906 -1367282255 -1372762880 -954311359
-2091966009 1333710311 855929511 2077195525 126938575
1898013966 -736224577 1511993994 427983577 1667843954
71864959 452247323 -1841419722 -618844641 1254735785
-1234860909 -500429296 1714999696 1959131746 -552483405
-1863427143 -882910463 149267627 -501191158 1012535823
1587832537 792590594 -598194914 1533225308 1296295088
562335363 -1315406156 -382310232 217839606 -1100956565
1025480763 355618016 1865366943 225870671 -1765591665
-76995267 616105847 1408391058 -667728535 688961757
519274164 745057661 -2052345984 -62898279 425697107
-1857899153 -2015758975 77605744 -429897090 -490974893
851638607 719488729 -1422113731 -1638455177 -1795902522
-2072237155 -421394497 -1672069757 -578606411 -464385055
-1600683811 1726781999 147957248 250267230 -1374006326
67329771 -1178279252 1837942893 1952432574 1353122373
1258150171 994941024 1657792330 -17347640 729289658
-74164047 257199874 1179449997 1700368895 674095824
-1682826268 1569189088 1184002427 755398658 -2071895434
1159048357 2108280521 -338157955 -1341756541 -2010892158
-645472736 -1666921156 1306501557 1745734319 -757618198
-1893967017 293966456 553835140 -1922843521 -698952193
-1261013446 -510875874 -1700808417 -1236904288 1648324681
-780371411 474337288 748702406 480976709 97046661
-1807114226 -1265044064 623591282 -1748590406 -1769189375
-233277175 -848748161 -1596257937 814689357 1791737799
-1723024757 -480173168 -2008579757 -492157151 1681122065
-1872720377 811907214 1647984121 -1331298713 1893113002
1932768828 -1753887812 -901423729 -2109075020 1830175422
1147713787 -1853738720 443974074 1632449786 -2132635826
1932961250 -1373302592 -1919820912 1749282430 182783221
976772338 -1691420326 -1013853700 822864623 476485297
-185867953 -491037603 1649207938 -165003579 -1268099963
1127130601 -213606259 484070453 -1993592933 -766546560
1709691736 799429751 -1773020733 867456053 1733294672
2020772801 -2058726438 788818400 -1708683089 -1072425193
1228063404 -17557743 1826682139 430896140 2109357016
-366870253 991383643 467600016 44537366 -1618958001
313153537 586407702 31236846 -2097747666 -1880514813
-1333624572 -1211484678 -86071990 736163077 -610942467
640055880 -24122886 -1296023558 -1508851221 158326949
-1515025522 281968184 1353575223 -1791040956 -820704347
-380924878 -1575254830 -1054322944 1075332855 1847008458
-442603102 473163319 -882728591 -129484125 -1082170201
100600170 408278537 -1004114007 451814420 370741776
-522001520 -1782327522 2135596162 -2112949252 -380210152
-1325160194 548954048 -1940259294 986726778 -1753660886
-607603667 -2003616470 -378606631 478227314 -1536121673
109698478 -1668534775 -1953820270 1643913736 -1051252973
-2023667907 901420752 830737336 2116288527 821661963
1140822282 400630415 -1392529605 1647890911 -1286857674
-1336891102 -1192916787 750881270 2014161211 -1521575708
2040205636 175804251 -306308129 -483647301 1746885868
347633003 470585805 -1229481552 -57683905 1020195251
-1987521344 -1831690425 -2074139343 -1188980401 -1862365440
-321144575 -668309259 1963231629 1273085418 -581425538
-1813920948 637554339 -263854129 871827074 -515310476
1087762858 -1059504734 -105810388 -588808738 543660469
-407782059 -167935579 632525157 2099251097 1855537039
-1841264898 -1891356010 -2057869147 1743645169 1019964014
1495367803 -284195794 -948138832 1011372531 -1836083628
-1553381407 -1440397068 398114196 1079475274 2067865995
-2019109537 -920734337 609687000 -1419426847 -882041508
698692802 376606150 -1754517604 -2017408212 1979684050
-1378127376 -40530254 965875522 -130423411 2141629407
1923395373 1296733253 1942491331 534210189 521496248
704449855 1573898781 1172228717 -1620645932 -396121775
-1706332579 -1308267590 687208832 -27605126 -336180353
145775773 1800165670 -2048443336 1940326920 1920833295
-378871700 -1618530746 -2053428905 -1612408633 1945362767
-1802813141 -726937596 360314411 1517556357 -1938741691
1188039498 -1001312001 -2082256682 445752846 719748171
620330783 -592998769 -2096838646 978622584 1854471342
-15441523 587143756 -434199814 254808367 -1541584654
1305548256 2140041004 -1570432631 199822842 1966310388
-1515153778 -419687787 -1750473525 -1755300795 -1241883886
-579253256 -1431950330 -1841370866 -1286502654 1338755909
632782140 -1741613514 1375605836 369878121 43589761
1483833044 1342865591 -1775019430 -1131412104 -1844382453
1406258107 -82747632 66244460 933575191 -80288387
628122128 1176780384 -1111769199 -499023568 -634420836
-72729056 910590839 618036265 -898828362 -869781445
-1124664072 -70741965 1037072679 1935184463 -1596507652
-1120463471 183762902 1444118260 -2039261567 -16115480
-2088661973 -2106326736 1355507806 -1273732171 -1914425104
1632996484 1246556072 130518803 -874274409 -725231508
-1515657344 284430854 -1167796477 444950608 1323917903
-1415793797 101277764 -1889732234 -2132428300 252044879
-1393232888 823247189 363159817 960609988 831619921
-167906696 -1982178268 1057291545 -313775446 2077984159
1998524804 205686639 -587855951 843452208 1795452354
490249873 -97626454 -1406572432 -225102507 -1373507741
1355679978 2077889719 -541712711 910088054 2118019351
1947603205 1369193744 320102306 1472058193 -773202270
1141622959 1632377222 -1992104335 -281480177 -1738472890
-420170194 215743896 -322794367 -772330348 -1514770156
291566527 383089706 776998112 576512098 408709055
-1601391621 -482701716 614219701 1607850523 -38590473
1651981534 -1721536108 910614342 -1439438936 1208132845
-1949160416 -23258992 -1049312253 -1395268111 2145067539
1542924680 -256513136 236547056 344159127 974780377
-796120673 -744071304 -1509449402 -1247351413 1375023542
28302321 1075208320 -717680109 826455526 1173078060
-1669065049 -40427356 1145816981 56027346 -1626135783
-312197143 -115887155 -432952284 336934309 -6593798
-652747056 1543799465 -1555492968 -196307051 -205939694
1589704950 -1801270668 -1252081757 -1836932147 -1815413810
-954788021 1548151870 -2024548036 -2057616586 438332621
2143394329 691909934 2002002977 -256970625 -892324856
479607875 -209119461 1364571902 162603142 293762449
-646240019 -1215884992 1329597140 1185304239 -227172451
1513977689
