10403 600 -205370985 1655658893 -1037401948
190200458 152350965 902240079 -898002858 1906309888
1972604483 1648408033 -418340528 -888670290 1604570457
1453431659 -579101990 -1851720804 456664991 1758293493
1651785868 -1941798558 -1461174979 1303088567 1538996830
-939848808 1238295291 99396249 -156224728 -1534656042
-456659375 -75100925 -1406590830 1828845092 1724303591
699645245 1289902516 639993370 -2045794971 -122467329
-261854586 247585296 -1204600653 1153047377 438204160
267212254 1829690921 -1848044069 1638865642 1983191180
230901711 1423236997 -858788804 2007448850 -1919124979
1425101127 -236678354 649875080 -515856501 -2062530711
813644088 -1472822298 -1835920511 -100709613 810153154
-162754700 176132983 547939437 -2133927164 -242671062
1218367381 -1728031697 1437953334 -911493792 1318663075
1417843905 -390589264 1428501454 1973360441 -718559413
1964725498 1401753084 968662591 828285717 -1344102356
-540761854 1215842781 1756125399 -487201858 -719673864
-1190542885 -1167290311 868329864 -1916041930 -1730904207
-1949815389 303476978 -846418876 732550919 -184142115
234928084 -345520390 1417984581 -1921336673 1754093606
-1340306256 -937091757 -1904932751 1744180640 -139966146
-794142647 58191099 -331889462 572455468 340590127
1605811941 -1699073124 -998255118 -774811539 -805029465
85978062 1027412264 1714311979 1353625929 -1988377000
961484550 -545287455 -1913833869 -1767989534 1125524052
-1360983209 -126767283 554930916 -36816182 2011919157
-564577905 103558806 -288731584 1790908163 274190113
213973008 51716078 281812889 381454379 843902234
-1387708452 487006687 612427189 1392927564 752009634
1921904893 49888759 586205982 -548137512 -343716037
-856454951 -1395784600 503273878 558622993 1229613763
953148114 1139024740 -738130265 -364097539 -1568339468
1551603418 -1227208667 766362943 -59995450 -267393200
1941378931 -1503274607 1175186368 704437662 -871100567
2117553051 -1464462678 1397357772 256533903 589300165
-1888983684 1139928530 -492742323 -1533105145 -300758034
94982856 -674042421 -1383118807 1124347512 -2009650266
1153105345 973331027 -1163390718 344954932 -457965129
2084144557 -1146577212 199455466 1602930005 -1071154449
1278945526 -1509717984 67590627 -1307358591 -1103551248
109452174 1279948025 1457675915 744820410 1650115004
1350423295 1904174677 1779286380 414654914 -2061469155
1224852119 -1149006850 324765624 814365595 -1912364551
1226576200 268143734 -575260239 1572161507 -34163534
150296836 -621813177 1501791517 -3619948 322430552
1274638138 715795440 1706663612 -177259244 560308418
1381827680 1656557948 -1346293808 822970658 1672126120
-479276148 -1853696836 1167025970 1069199936 -456192844
-210934712 1750524346 -1786597872 -1493374740 2122592596
1616736018 -127314528 -633214260 -38934944 239599554
1331395368 -946461268 1707161916 -570845326 1549203760
1132048164 -735429320 738163418 -798808176 469533436
266964884 -5826494 774405376 2064831548 1054696784
315361442 -1936550072 978251532 -1955779876 -1369494702
-1768840576 2120132692 -205233176 1943516922 1179824464
242469676 1121754996 220060562 2023808608 1386528652
1433543520 -446251038 -1424449624 -2058296116 1056775676
-1097129038 -2078690832 -1125387836 -1689763496 353375610
61362608 -1943101508 -266399660 -1647225918 -1945453536
-1926120260 -601386416 1683298274 1626304104 1172019788
-660803332 -1028636686 -889170688 677662580 -1274609656
714636730 1087645136 -1839039508 -740712556 182391762
131729248 -1411809972 763944224 -1152539774 -1606880536
-172391188 1054949948 -641375374 -1150829968 -1211969500
-617930952 -1310686054 -2129044784 -2132801348 -1024215404
-1398903166 -425345856 -1921035972 166275216 -616005086
-765567480 -762463988 359074460 2072831506 1581376896
1900697108 -1098871256 747066682 1885452240 -367017364
320474932 -1902962030 -753747616 194677068 -529465376
64534434 1253773224 1620108172 171767484 -890537102
1902352624 416247876 1604861272 -1353472966 -195814544
-412414916 -538033388 -1509785150 -1656758048 -86587524
-457550128 203679394 -1922323416 1909494028 -1231926340
294395186 -1512638528 -447688140 -1076896824 51410106
-1656864880 1459514860 -313085868 698166930 -1669541088
-1780210228 51411936 -1347224894 1971849768 1621321388
-1458713924 1704004082 -751847120 1079499940 1474902712
-738544806 1150186896 1750098300 1438401812 99381570
1646320384 -2101351492 -1104022704 -484263646 -1513628344
2037733388 711385180 369065170 13981696 451738452
-194831896 2047791098 257134288 650736940 1018986740
-1887914094 1160109152 1516293388 529514208 -1883226782
-303291736 -324679092 -55343236 706431794 1473246832
1757748548 1751071704 1674051706 1017853488 2091606716
-1151531180 -679103934 -1358175328 -1626742596 -1068607024
-963615390 24071144 1838927820 -877750532 11513842
-162841472 1597716724 -1827658616 1059571002 -1816923312
1629027436 569151636 2685266 190441184 59007180
-1610370912 -428887678 -70332184 1758744812 681570364
519868530 492501104 1325251108 673305144 983441946
562129104 705849182 -110477269 404807469 -2145164390
-931618472 -2092362559 1722717043 -411348844 -353413854
-714243017 1608998145 2058887174 -1354885564 -897486987
216048351 2136071736 -1529668074 -1690136029 -407118363
690885634 1348154992 -632531943 -1962273269 2011071740
-1888302806 -702091425 1369460457 1480281598 848962028
703875389 1590794503 -1661941520 -254118770 -1557623109
-77259107 -15046070 86648936 1352595537 424471363
-278208956 163192050 -1821435705 -1782498671 -1763089386
-1806938508 869644549 -1930512561 -1493638840 -967570202
-1014652397 1517319541 -662009518 40788384 -250627959
530698427 -740750580 507443866 838348815 -1432341415
1909831918 575683452 261081069 -412942185 810158944
-526636226 -788610037 2055783565 1859040698 -739927048
1354528673 -559378093 1100558452 -330087934 -248685417
1308941921 -429504858 -43569500 1223363413 -149690369
-1078937960 -346637386 -2060898237 19204485 853482018
-1868672752 -2024361799 181106027 958147676 1739325834
958809471 -264845111 1657277790 1183469068 1766515165
-1440472857 1918440720 -807994322 2114241243 -604023875
469085482 -2107903544 740953841 -1512185757 1422824548
1022056338 271907943 -1761635279 1015668086 1172257428
-1888319323 1747062191 -524765592 -1985024442 -1627837453
349248341 903255346 2056485120 1674830313 -2039294885
-1569960276 -1083979590 -916659601 1044180985 -1373901170
154943324 673301453 206406455 -254043712 1110478494
510924651 -533295379 1413774170 -1856595944 2000237953
-242433229 734400852 -1157180574 -682078217 -446017471
-150383418 -1538256380 -1251172939 -1469234529 1086157560
-1969387818 -455748765 -699172059 -129701694 -1321908816
-1241913895 -909716661 344871356 1288933866 175416863
708416681 -1117606850 -472410836 -1680773251 -1381397049
-834627408 1329194702 1545243643 724323421 -1426300022
665060264 -1021251311 893278211 1219382020 -545319118
63647030
