10403 624 555424296 1729944497 -1371321976
551820613 97091771 -1054319423 899191051 -1207544875
201435957 -20860154 -806557537 -1052252790 -1772700014
1908889583 -1047312347 1474304325 -263197572 263924882
157312178 1579112852 -102110122 1025830234 1168342797
590085291 1037055106 -683214852 -2019136854 1432908276
-379862472 1588262938 1308622905 -1671465369 -289352366
-1276013239 -2009426359 1460216930 1811544082 -1209791852
2036567224 -224779058 -1793295487 -1813238419 1504493326
-283296426 -1802676816 769450018 -2046718880 1337275535
895031771 -1753556441 760747983 1958342915 1918623824
57413223 94645754 2121651895 -1049804579 1248828387
751028554 1503319780 -55606574 -1267682084 -2068220897
-1441282611 -416684016 -90293351 -1023790860 1374813569
-592697717 -1730032753 -995733028 1775189069 1132812677
-1834291200 -348884712 -1489550924 774513556 1096931615
83775645 1854673447 -2017940061 2012752298 -32726777
1674238725 -957436924 647547866 -2014511628 -1845529109
1819080282 -1042374902 -1617646672 730925458 2046549557
-98724877 -1972058550 747191177 -429233818 -1683358867
-666694949 1884357463 1607069879 -1640128146 -1263569881
1311958951 843572158 1887985647 -64236618 -331287789
-213142925 -1942835653 -121971637 -290101505 -2029468001
-642475576 -115539020 -1397520943 -183818077 1412804072
-1332723009 106010716 -1622859661 -57417985 1433150620
-945808248 989523732 574707594 1445936566 941985775
-181648510 1037608521 -1739308251 322028934 -1038804670
-1412176852 -1649346478 2036474823 1011009611 -1773985810
650600417 1543268121 -2060925583 -128393430 657344947
-1195223289 -2126549466 1849703098 -999823737 -751574408
1860010031 833305831 -1619130263 375709844 170556367
657155564 625017544 -1428448108 -994833092 429655371
-16431395 -366118127 -552118272 -1070812719 -155572359
6061623 -159370470 1658226713 -1713515609 1972739261
-396537338 1924184557 435272505 1138590725 -1034800985
142428670 2079956540 -686802681 228116130 -1065293563
1215695741 358145391 636256328 1092469805 624866409
-2111219120 -506691636 1592553619 -1024109262 1406373168
-1578381681 1792611710 742191719 -963093805 -377290607
-1923038790 925473701 951889797 -2057532144 -80124736
-1259592761 83045747 1240081057 1670664765 -1537584699
308351400 1919666296 -360125285 -1131862329 1240888495
484966645 1578285279 1442191628 -2094885113 902983992
22328092 1029253344 1849071807 -1317753391 -1411012755
704173216 -26940601 813093090 1940678322 -551287887
-420331960 -983197513 -1399684388 1699498513 949462696
-2046809153 -288918538 164015951 461435483 1051510292
203361261 -712175982 -41795900 -1216031520 1704838655
-1927343908 1094662432 1320140695 -690399800 -1044753153
-1704886745 1739865345 -1162856249 1366568481 1807338719
1557504621 2019495033 1325087448 -1673221572 68359088
113426204 1507436088 172320238 -267079629 781972535
-624530722 -1488412074 -635634113 680256569 -1308126541
-1554668595 -1185379080 525906084 -327096800 933174807
1068674956 208101394 82614402 -2124430088 1476163275
702806990 -1868454418 1935189115 632832583 698199860
1377111828 -1698776125 -1903433499 -342935457 1094529693
453895838 505938762 1186492141 822237196 -1753056475
1527668467 1076041290 -1606668844 -817138665 -2116117263
1070614246 -1253778521 -2015399646 1272083270 -1417254693
1168914238 -1301561891 429011967 -589903294 -57927158
-323928003 738476138 -1586035936 -157519466 108469998
-1128540743 -1767936226 1555848471 -1046314598 -945320928
-820969358 1793089000 1231223653 507397256 -2015744298
-887660090 1394962405 1890187027 1112841578 76025312
767058544 -98550584 -323153061 1619394703 -862122533
619230170 1230789744 1539693539 -677833248 1434819125
1699725077 -52276618 -2013451215 -1702017848 1739415125
164668865 -343940491 1623313706 766087305 63346351
94649840 -171260814 -881768299 -1486337894 -259002982
1203624751 -745835323 -927706788 1603465691 506754233
-1892340862 1830887460 1486546855 1989757404 -875640845
-95745685 -1183289045 85525078 -315325811 893096098
535618736 118270078 -1355181520 2092820598 225238594
136167180 -342942771 527970809 1349651738 417317758
-810290449 -158442790 -973833088 1147932669 -307586473
-2032601859 390320081 179341480 -1584356632 1207972236
171889916 -1983737042 -190590741 1075854976 1434436214
1375654634 -18254640 659027151 -267580748 977598967
1072138296 1852336885 681404604 1393392938 -237228212
1486453480 179247609 -318253853 -1172891183 -281585651
-2126682009 -573513033 -1824841978 1168320387 -2143313835
1421972015 1523671884 1721421807 -1610599984 1219308725
722792266 1891811345 -1116769713 -1474746054 53934268
451221319 -116409115 531527422 167204038 1119902426
1930414612 -308201218 -390557071 553343249 -18553289
-37376229 -423783513 984627397 -924325287 1343734995
-674973013 1662735855 1399613858 -1309865516 1626147095
-1418058609 -753220794 29609127 -1416987403 1158172826
920471960 -412566153 236718477 -422496874 -528344191
-855500782 -1628427026 1269914951 580357432 1910326371
-317964217 -2089516321 249727154 -2041419604 -1608977557
-822274160 149140989 -918544013 -34145702 -1505622048
-971684106 -345625655 445056423 -37617963 351919442
-766078979 -873165390 1443182635 1264211043 1806275931
-688254704 227051303 -455746349 -1304528217 1589994839
229901364 44123870 1591864696 -565234825 1930126680
1100256763 1605257117 -1424473307 1446680582 369702721
1346648811 -838785395 -996900227 -1643483529 757592121
-7223349 935042550 770547045 -429668647 1348555708
-575274923 -250067148 -923840597 280274658 -2076890943
-934234691 1657113060 1490221767 2038730582 -1788986291
-1766775947 2033222758 -208962131 -1744226163 1813822693
-639671142 -977105229 -162764286 -1335014029 1659688191
-1324541696 -1500813567 -1296583180 -36685356 -529073422
2027561421 -1769341867 153320963 -1661828349 -1832922502
-702630877 833894598 394145969 -634092627 -1653764648
-1890642962 1234877040 -467777613 -1192089915 443379077
1668793764 -1705328708 1855066199 -777904409 -1667229289
-206052796 -459109366 586107144 -1636749552 795382712
955174379 -422844802 1931422702 1199244880 -477437610
2001149340 -742388702 423244997 752481422 -1502945331
-1266956745 1508523202 1929078726 1666106974 239473303
-2087618320 -352700570 -1891575279 1405495407 -1979259077
-1055767736 1397317478 502446387 -132805947 -594043763
-208909400 5985246 -663720729 786754055 849632370
1695477717 -1680746743 1183242990 -1915535538 308016357
681097814 -1913186952 -534457116 2055559747 1560454009
-1451468957 2106104002 1376531624 1729567754 1586888989
1272333103 1499495436 -487629450 900090674 -1099636086
-508498498 -58736617 468015092 321764875 -537404578
518636074 875579812 1059507998 -2048031872 2110971040
2104618610 1245338348 -1447722919 -281352257 1546196642
1512984153 -281056182 109647730 147321276 974295534
847084173 -2014278874 392220090 672028912 1056284445
1132523582
