10403 48 -1098778862 1993361139 179119560
831875236 -1274069709 -934619197 -740752137 195864126
346668671 -548267747 -191499106 1848073009 1139861921
2078025004 773886709 -171309624 -1460598022 -1181046688
-590187590 -1635385888 -63102569 -1361015939 -193949593
512822068 73730182 1421375338 -705244556 1723793448
-1749074810 -1999178616 1275541228 -1943940614 -1296671657
1088724290 -563264859 18933913 536871742 -339938363
1894712615 -345834033 -618271552 -1007316497 1101363977
539677059 321589653 425079859 -455715986 -1830200853
1476287227 -662283298 58171717 -1971964571 1317145844
1211996385 -2121752142 1752593673 -1257219693 -1579796089
-771891744 -769015754 1183613757 -384169613 733665878
-1967727149 -1928182722 219994265 -724327406 1794409848
-442125478 1417959183 965763123 -1634369774 -1161301106
355851230 -1938913996 -1312139071 2111252192 -66047450
-892801989 288984794 1797946487 -255384833 -1358353048
-303539985 -280133107 1598124071 -2057805751 -655320945
31244168 773735331 -993682952 516128094 826709021
584689309 -2078148834 -1174639637 1146748206 926462215
-922349367 -2113569907 466594997 1102239875 1850502692
686332741 -775509389 -2069899882 930550063 1103320826
-1962870096 2045156889 863669050 -1414608893 -1304584354
1224245289 1398794364 101960037 399525503 1082464614
1563167561 -1707986279 -275234371 -1684934788 373725740
1405222244 537311087 374976673 1421887335 -1292348372
1013601778 510055740 -913545114 954014861 -285815194
789302016 -2023391210 813625834 -836400148 -1157707063
1271641660 -1071035387 -714176998 -1276858994 -639361629
322576735 -1268710975 1380007449 -407184503 1004963256
1952685246 -498537839 310736951 1871695992 -505597381
-861088731 292210529 -1340136472 -152538743 128365555
-331579686 829418465 588311134 674763768 315076708
1357799441 -1324980302 -2117966649 1597866988 -1016791273
-1889810022 -1277910527 -1694347292 121109723 2056520335
1382673716 -758795048 -1767297164 726411629 -155468645
1385291458 932981908 -2085304513 1750391129 -1906737252
537727210 -135857890 24508758 -400343473 -1360074900
1840362999 -383666547 236731775 -2118194257 -312594150
1109743258 940417780 -339667307 -1022955675 439678037
735864036 -1175793994 -199331377 257148352 -1489425720
-341974428 -529429451 1673438813 363718835 -1860381962
1273675709 999918936 -1073783476 -1218010723 1540128302
2080576358 -1975465032 581738901 -947068102 384950343
-1914442751 -322915471 -1592344338 -596281590 -1608763297
1639605575 1829115157 685123430 -223564781 322652838
-1290176256 -265780829 17331452 1380279316 -1131223616
1293440021 -217106996 -619267442 -787068323 311087052
-420267137 -1733170516 482504411 2127679728 781466586
-1633289525 -732093258 1344152358 1437718869 517402474
-1766776659 1138925166 -67574040 1537314022 -247964477
347777319 819514067 -1721520232 1949052435 -278007315
-1053300708 -1926088334 -1827607032 1406850796 -210533025
-133428195 592041473 -1653011240 1282832440 1010140636
1998039699 -357800835 -1416118728 1710369303 -1415241072
1950428626 -304771357 -1942469763 201554752 1469337983
160133622 -849740754 1675351705 -1445024581 1850166005
-24000428 -2033177287 -1467010734 -721989810 -785310256
-698616850 -320031263 992322837 341299250 -792381426
-159297840 -934965861 -75813389 -1226395822 -1804201939
1581281806 -658106650 1372367119 610330177 -272271692
-1216956548 -1222138131 1523266282 2030290629 36808413
-1316092123 -1533634151 1361550386 2129464356 -1902617796
-261099957 -1845757172 1143943609 -904127874 231790267
-1331885364 1931325719 1438475168 -1485199233 575789055
-805147438 -1514834029 1125355338 1778135808 565053360
347642727 -944028457 1240936721 -1410434936 2041351427
1243319220 14268665 -1589296438 1768766596 763352550
-1942067837 -52762685 1492011476 -1057240965 460867525
-319076541 1397705497 -235949429 2009207892 -261963725
1603640274 1145924127 1071628557 -1641505880 1255161246
-118864282 -2145038889 705257366 -377738763 -1769742550
-1489696340 -521865115 1994051794 -276517557 -519506498
414410442 1197234678 277745311 569178653 1317215966
-1567008807 -761552397 726910275 -43668413 -1869895737
1832907656 396896464 1266381124 -465397535 -342989260
1705583740 325667181 986933308 1530387080 -1145953793
-140100721 788845119 313281909 390933612 1712056989
650138963 297117641 279357266 1312232944 -1927646372
824501212 2120603265 -1208226672 865146059 -1015314034
1649035605 -1232470566 -1544867069 -119252091 835481189
1884209684 727333941 -1163913372 -2071246519 569898456
2042044805 -1413960700 -2118070 -76133695 60333112
-1400719284 1641157967 1176672834 -1190561408 932256055
-569109066 183237271 555317480 395054903 -37904698
-184948034 1589112759 -1389315972 950625132 1209067716
1544349843 -1900897293 97486020 1369592538 1191781885
-953208529 1453013208 -707116416 -1626811730 1844315049
1781932086 -793680112 2139096387 19857270 532138389
1451069514 -1119704787 421147700 1338620506 -1318339166
335083385 -816997121 61365950 -392714335 -34256223
143584449 579958035 1171728721 -1546377307 1361721012
-508700169 418032169 -325130286 951006339 -789059184
-1216318904 1663247404 803651027 488721225 -873664939
883737994 153072746 -1801604454 718925223 -639839548
270678663 -1123213347 1281529840 -1039033149 651398147
545046302 300957103 -1922782500 809936072 -1120122079
1922826604 -787404241 -496277676 -474197002 -789244641
-1438977213 -241189468 -133339012 1333936992 1319486750
1694400826 639779798 4786114 -1531025966 -434623447
-1457809796 970164570 -2555327 1879574901 -1304729689
-590710581 -373256629 380652960 -1785730138 1952778389
-1213486768 2054960724 -266637834 1662801881 1045632561
-716594160 -475326317 612494124 -392886179 -762456115
-1213164567 2089605678 1319892960 -1461811301 -1859533594
1330845600 1712366870 -98621156 421433978 1563590076
608871093 -1785660222 -1470028761 -980451161 1584457265
-130736656 -207174416 -1613018820 827008020 -589655114
228745508 -138679869 1006266168 1897349621 -996808799
-1718311845 -385733593 -957266504 -505335773 -1464213419
-1081947818 -176905982 -157895037 1028559676 1218909327
510649370 797063718 1052378098 -73068994 -888450564
-917542429 1204135854 417287662 795455910 222841327
560405747 842561648 683652057 1060216351 -1016924789
-408996451 -345586115 555717522 816646534 465476974
-1345476560 -1446508956 1404575031 -1920332241 -926000069
1177648099 1966619676 -1176885537 -1586068633 -202023061
-1786632572 -1140594924 208905494 -1260405986 -1242876049
-1338555810 -2003719204 -1855582016 -1681809360 -1070110488
1364084709 -287877454 -1474739044 -403397301 239321153
1879623513 -778788617 -78551187 -1698944119 2035722269
-1274589252 -1257530450 19187289 1106056825 -1756497635
-289101808 198441099 74766016 -184039179 1307633954
1661267245 874308018 -963625529 -1360032976 1582066535
-1163212222 921797069 1232700445 -787576060 214721546
751955778
