10403 480 972471806 62317230 1676252835
1709867334 2024247823 -2038592796 657611087 134179650
403922912 2103127639 -499828197 1987086584 -1581820811
-1117817508 778248267 -1363031506 -187486322 315334559
2130031228 -235044059 701329676 -1166250555 -169766129
-64967036 -624500937 -785216484 1398622312 -1868500129
-1461754494 -306882937 2127359535 1775290707 -1228810266
-1515233928 -1912747751 -1555668890 693605718 -1106419831
1253860367 -903519641 1472636742 568557971 1885631286
-391599895 -1324549289 -510404088 -1918488103 1698290639
-1852598147 -778042837 1486330935 1157933992 -1560892496
-997119901 2009738543 1316046433 -206974124 -1762804469
-2015140634 364534110 385733672 -1819226891 -783638084
873226680 46239510 521902436 -1081991700 -1365978421
-1816527074 1797192531 -830668073 1673479549 1472185461
895698399 -1050890317 -1625085954 1972803784 -1705643853
-79557928 1957664170 -900686928 1156231294 1817297250
1516366877 -1288888441 613803227 -1402428625 -1429484223
-2002022527 1934134009 896972723 326141585 1235953958
1765415889 1300204784 1969298770 1305890432 -1594346674
53912645 -1927484940 -365443306 -1154438860 -1267810085
1096356149 1518534952 -1288613227 1542473805 1920157553
1266996658 1830654956 1693088935 -210437698 -496180269
-1437469743 -1757123017 2046813693 -1673982838 -177369139
266373749 1108189487 -864887458 -300857568 594713493
-560847762 2109911184 -1528388616 1160860208 1786894232
-758562163 -237051456 1979627323 -1409960193 -528950010
-1924528445 2078785563 95395601 -599282198 -1361630290
795270588 -2112868376 -160956542 1520171639 -182580146
2039453601 -1063816278 -901371946 -102106650 -430185890
-993758985 1335739932 -1711225223 1881261628 717495073
-189844898 818088981 1467588702 -1856212101 229591797
1109127642 -1762714629 -1062312216 217879271 1984821129
82171897 1918946009 1995346931 1931412408 -589251326
-1729886023 603481052 -139811221 -747803576 415568809
-817089606 331691899 1036325753 -1907283286 96220417
2048990890 -2115247375 488045526 1569165504 -539009875
-797702823 1885479857 -1730492967 -518706730 422901591
-231705908 1707959197 427873546 792490099 -1583119589
-158359734 821579436 -212133180 -1697581112 -695413873
-1309237562 -458873373 -1086489948 -1015083736 901194462
-1579208604 1536703272 -1573500960 -1039921602 66728928
653326515 644149305 398428966 -938841606 1289766518
1412697488 1737108058 -345711929 -682209418 -1785014922
-1029242708 711360474 697889366 -225557071 941255955
-1068836356 1365499785 -1212974254 196787252 763703094
-1070706391 1363135790 1669758831 1826156888 -201730139
-578878509 -1881865230 2129313957 1317088504 51902684
890532116 694405889 -689891559 1569675377 2019965622
1843570425 -577823625 -1259346307 -1711981055 -899178345
-1778081891 897155339 410143343 2144660393 1277929032
1935537977 1096012895 1234235288 -1783523455 -1383048439
724879372 -1715731313 1766596715 -2018145816 674635321
826699224 -1576415619 -402117870 -1932917791 1357303572
-1575729092 853552197 -1466453860 552426601 -1134266046
2108256085 -2013830151 1692373285 933856017 1464149284
-355187403 -134423695 1714909308 -693151267 960578505
2074905582 1582052279 -810048273 -1625545272 -474207021
-624886491 -3322678 -1825333216 631525456 1181440714
-1806769581 1108895898 -1414626940 -1952102973 222115181
1743246146 -1017214732 951139318 -1259073243 1074508217
-292909529 1373497435 2134024415 138039695 1423820730
-1371211153 -1797276562 1220504176 -582438569 2001406525
-1273108086 683250585 312746555 -981757447 -876533577
36464326 -1407497831 -1651228776 -502250682 1457720848
1239518680 549463121 -709448148 263908282 -1248052977
526457252 897295850 1720472656 -61493657 -636349754
-1318369728 -1694349628 -1331845424 1462265934 1830046824
-332889684 -513957321 -1215527290 -664261692 -681118217
397420940 -1928366698 -1698658133 1899117545 -1729027003
-1303415455 1806214188 -1019301436 1796505944 -310031599
1056082264 -78662780 -532430477 -1251998521 778784158
1324138 -1148003134 740281138 -2140381016 -1399256416
-1457219386 702821241 -427183846 -1349740136 632724455
1080711170 -379321796 -1678971108 -1728430592 1827233763
1687836133 1855516257 -2056938930 -1457428803 -1761864393
624746854 -1023819847 784164079 -776127492 -603897789
-2034737033 -585542391 -1806581717 1596326827 1591867334
-1774394237 -1203305684 -28252978 -308621846 76689712
1701050701 -1234172709 -1008846112 1822122959 -841830787
1934619471 -375396049 1983848756 863018761 1354594715
876587686 -161562415 871987102 331474363 -948614036
1648670466 1776374009 -1273536242 -430606672 -1740126816
982042070 -2040695921 -1586692950 1519491639 2037310279
238413214 2072627403 1900120558 -1093422552 -1156835030
-1400521233 -1868657059 1922602967 1578206085 -263603869
-1415007750 235071504 1692491531 -333573148 -337204143
-1729454779 1225864016 -360313345 1305202035 665333529
1398842220 -649733738 217940121 -1465424868 412803002
996219752 1079138377 118639336 -2092959996 420565187
-1274730907 -924913601 -384936571 -1290863384 -1949786618
1239532281 -403525375 -981279454 1374225465 -198151863
-1636131627 -174210498 -228031611 831124904 -599140523
-2090472842 -1963576824 166658242 -644086919 1696671937
-164865202 -745958598 -993765592 1553402101 1635251192
1380123468 -170694612 -467989386 -478318756 861232095
-1743463835 -1205663594 963831316 1957475527 -298196071
-1210188810 -153575480 413628934 -1351423648 1289380466
228086978 -90904900 1429385132 -1935972395 812005924
-1648926850 -1776143567 944443313 1994452060 362668512
-393771303 -617505520 1273466770 144778382 1977229739
382087107 -1101258742 618385631 -752611218 -1187753935
-579237686 -492108671 184420628 -1609743204 592329604
1465399009 330045575 172502791 -1547978236 -1810179675
-421521131 -494631997 -1688883922 -367897659 761903903
675536478 -1092581828 953661322 -546969328 -2065438597
2022281359 504239408 -568666366 -901380 -375517476
2102131907 -146249362 -1951357091 -582333158 -365386053
1424327847 92880205 392884331 -1308107295 1464059491
1342305741 -905228014 -269169940 1974074137 -231277077
-589427611 -455552047 1352255935 -1514406338 1393454614
-1568532842 1473807526 1546600152 -1273311600 1455223251
-768047157 2025230204 348787240 1410727027 903700740
-2094576238 -1788166371 1861751081 452600013 824156994
-2077834529 294038978 -2105350212 -2076344808 1465087996
-1241227779 -1489180979 -1429440281 -1953847580 692360262
58146713 -556983040 335652867 1206280801 44065750
-605903234 1403385094 -1399088189 -1687284922 806609504
1258767854 582626875 606011983 -17883156 -1306928033
-1773218855 1673258958 269620231 1587375390 -2093741995
1028510950 1031139059 26349694 -418544872 1353168423
1666657828 -94357641 -784122914 727156617 -862421169
1142916937 -43082976 -1224762007 1487158948 -1820629782
209602632 940968218 803865854 -1655820938 1313817385
-770654487 -1104807532 -1370637756 -1234430240 -430855616
811613488
