10403 336 -437933513 -2118802467 -1585095133
-632985250 -757468535 1337460491 1526769918 -1706705743
-63823785 -778425520 788820640 1144878082 1506543694
-1645218183 712223428 -851454655 -1550936565 -5568806
916119212 -497569600 -880138242 -1649167689 936195369
-1009092440 104105293 -1852099918 1738240344 -1578848596
679424985 -1531280375 -1432344764 -1135502105 1266558390
778728616 1096550330 331472092 -1203616586 -2115545761
312844698 1469261064 -1866939012 377829313 -1938267617
784591155 1968056202 -2041622271 1729473981 -797092888
1112598113 -1146776622 2106576156 1835645551 -1849535918
-877871324 -1969985192 406534278 -715657218 808714487
-2059915059 317543434 803962586 -406678275 -717595980
1420696611 -151593740 2059600975 1124026567 1248112427
1996759707 -1468922221 1936569275 -1219207649 -1914103766
198209248 11838451 1357917958 351314777 398031372
-1041798141 1277636337 -1556534521 -2076925158 596506112
-1211426065 1476861929 -1078949999 1867735669 -1234567602
1368268092 -539977232 321570962 -1633691209 238962828
-78235755 1575866190 1876534009 -1402063926 -68460248
473814841 248195626 1238404763 -782010483 -1443578571
-744948940 -577518471 -1051330114 1253873192 544825876
-1919948904 620098422 530449714 547750410 295831607
-1394276554 -1738819586 -2104457619 1513581226 -867764384
233349746 -1579472088 -1637135344 -2129864525 -1264174855
1846574753 -929643205 -1942533359 -758203719 2064811461
1333850008 -1306013093 -987071989 1803851123 527900549
-442957898 -2272749 366611172 -1190456110 2102237286
2005245027 378573445 337919975 313670087 2112258824
-1877213183 1634948495 -474469032 63870316 648042028
-1126389247 576473859 1586202474 -1613773632 -2145116584
680067897 1356692990 -1274294460 2120780731 1067534226
1759298363 -1733825393 901986806 -61770657 504323964
1264320774 1884097138 -594650382 1192296964 1872291466
-1876799307 -820045006 -582973934 379326100 -1855651327
1373574714 602961452 -2136060631 -670651696 1132058040
901913826 1727304449 199394656 1365545830 -1546266842
460223674 218580285 -1213159873 469687198 -2076787083
1312309813 1051136546 1903391917 -369583885 -1926862711
1738149212 1260352949 -1448178441 450712411 1135482673
1828385639 -1118469501 -387383285 150300073 -47674379
-1614484466 834900765 -1818080501 -1936249043 -714367058
-2140892788 1647981459 62096221 379845203 1930552144
716225331 -1216397144 196342571 1581897538 -1973446174
-309762110 922251180 -550232901 398998118 -806706537
-1155650551 715101942 -1596695202 -2024682818 123606714
-802875054 867833332 429909050 592508067 -210469751
-566075023 1662789353 908799435 1935635734 -181138897
-34198275 -791167042 -946202880 -1168949299 435068527
2032780295 -1400776316 1751261037 261758979 1400143123
1349648004 1254353628 1197322823 613844810 -1715303898
-1761014509 -2047995139 -1626308722 -683505636 592324287
783713914 -616734069 1700088126 1663734924 -1336635800
-702499457 -1397901985 137414709 -906512884 -474389611
-1078753346 -177085501 1780848767 132412675 144574736
1543426556 -1259298812 1917286170 -623698305 15736489
2123560544 -610224476 130719582 -496542529 654011761
1166178003 -641039259 -2141478633 1277860772 592081043
1009825848 897234956 -1888808927 -1386296615 -764798686
870832280 -1790207885 1934134695 -978429061 1473934440
1402260897 -1795701149 137492918 -612227039 -119726386
-860807457 1942000641 -1392593161 -596896262 2006189965
-92996830 42777895 -1060995814 -1312949149 1577922156
-2092279160 -1423344141 1178880073 1236456941 1649040908
2085038676 -731590014 2037259392 1782853089 -91320391
67510079 1099751959 333105411 -1977471895 1561656917
-557527105 -1661652496 1996289209 -664254147 2051634278
779516356 1826109088 -816496677 -435252834 -907771905
-1528494914 1873337725 -122381264 305874525 798616214
1873899874 2088888195 833821484 1102058268 -2066032710
508044994 -880358064 -130575608 1930564134 -1148061439
-858297603 1609652160 334599376 -1470475138 1819243547
-1039691413 -1113689599 -3618467 840380458 1694388374
-505952809 29996476 -1099559409 -2143334175 1953808946
-2124938619 -20593047 -1299821094 -546010602 -1496084252
-1803966678 389847766 1498840690 1734193105 461061046
-1418282627 91749933 -19765271 1431231844 1242141409
1798459501 -292968383 1282789967 305147435 -596374341
-2104055777 2020099333 -1299846820 -1562503858 -1223142677
-185431545 527375515 -1570038092 -399052364 1842239940
1629024932 87492533 225253975 383718820 -592740729
-1944864289 -1462359846 1839888689 880948275 99391744
1625163018 -1875717272 1246467104 641319889 -1138314261
-129916960 -424930828 466344163 -1769396733 -667752977
511863742 85123206 -883110301 -606944565 -812223111
-1498009851 875433895 -1614048664 -1497843655 -407368920
-194605371 -1558749925 602408628 2130236610 2138730635
1989644474 -860106409 1349868952 -1529024654 374912173
-511245401 -1334116329 1479169824 -572689609 -1159613243
-1638849927 1885010255 -1018673428 -544004002 1342936925
533524248 643729876 880165159 -1689004664 416143113
-1509164257 590318375 1673363044 -727873692 1663241031
-1086099180 2128500445 565316123 983085569 -375374983
415889554 1794849408 -1296905384 -1116860047 1967725321
-1999274208 757811214 -1635119224 -205405831 -1686179914
268784223 821162847 -597390736 397459007 -292229771
375166450 1521384301 -1817731852 1176248226 1172568279
-257552781 -1629448578 -1756821177 1202347626 -1744667554
1971043135 198760239 2109801142 -1312465936 -1548300428
1394485072 626437934 -1911336169 -789065867 1408390407
1844680359 289248694 -2100825021 1867063682 -1098812253
-1258431168 -648505577 444203770 -1553536386 -827477720
1547320825 -1496055195 326191263 -387445361 1706403235
350865318 -483124472 -2064493710 -491940367 -879026793
-1561047728 -38907979 269071785 -155130043 395224006
364267736 1498609387 644642080 982813193 -1993980612
1209770287 1534171201 -1202363680 -272088274 -1233311375
1955571433 774092253 1532356637 -2002941571 1950576906
-1202335447 -1974720567 -352857550 -977226787 -483613686
776377984 -1098116177 -1592561069 2022034086 -332763917
-753970943 1657318308 -1342950448 670012250 575456495
1542041867 221891163 741527365 1897260951 1656505511
1003974322 372964596 -958412455 -1570354023 1687117535
-862843250 1958509691 -804987090 305062040 -1481656337
930324090 -770422474 -1255861672 1843764192 -220885368
-14398759 -1002527593 -510294937 1052839772 -390161876
-678931525 -982619618 542610761 1635328838 1569633236
-1435623958 84980901 -1576917897 -62825489 280014552
658098429 1638162319 -1262397457 -1024097675 1795268185
1816070066 443600524 1835006891 -1283665287 -1198553516
-59619706 -970204028 1350607395 -1235502233 -139782928
386254672 -1795639219 1940163768 -799538854 -1938884858
1752678191 1222534087 1925367535 -1180464423 -1083943536
1356693982 304632418 -1716793984 1517189031 1217496113
-646299855 2103559475 -470412087 1452895455 1844211506
1137480816
