10403 384 541142464 -1418705307 -1586751757
303172782 -2064278199 -693632276 1284924957 -148422360
2000711403 1352221102 -1836259225 575894230 441434763
-1177199509 -1730587950 1870975055 939813545 1610113876
729593001 279566755 -1260545575 -117805858 -1891856334
354299993 947030303 1542311764 1368385243 -27590242
743593884 2094724214 -1780100288 547528156 -1992062166
-1829370068 1791534772 -1574685487 -878054281 1567297449
-1722192436 767017226 -1933346241 -405373732 505565633
-1087159778 1242637701 235917425 758053123 -1831231106
1037078673 1920483377 890071461 1148064144 -1677940965
844823620 -1468465591 -1586150900 -1510861195 -397527307
-207773631 752051055 934462991 317696326 381312368
-204051632 -1201770959 1854478270 -676894525 -1868189629
1230299049 -1973269089 -1476519848 250571210 355728182
-47791980 2076330560 -1768930131 1904570916 121550878
1399839187 2078094778 -2038591960 -117828033 -1356991912
1939490674 1353217799 -2040594054 -97370985 1378759820
25605973 -120801302 625785322 1018058033 1653642573
-2054730295 1999888450 492333163 715919212 1934570870
752937295 1549304691 -1257930298 827072411 -1892381007
-726229397 848825436 1644680947 1713444692 502909193
628956319 -1010242648 1828117928 -480524324 -1509150760
-1357154693 87055140 784323505 -1004910956 -646350267
357677619 -1757021251 -963340746 -345380160 1238808072
-1672600456 356941710 1226748123 1435667674 -604745163
-960245860 -540767200 -1065123903 -1561901289 -1770478909
-1071863987 -774621111 1152295844 -1243489355 145747335
-858081822 -863406837 -17153899 196646356 85782857
-1057667525 -1953886092 -188858726 -590557364 -1331406705
935863575 201908285 -1954866580 -1018353099 -1338198029
400553854 -1747212499 1600983444 -48454427 427062888
1644527982 -1172356163 769948167 1347921277 417233992
-226906777 -560396930 -1479604186 -789069714 -251915268
101156368 629839340 152100976 -2036506843 1574409023
-1041803333 2111353795 1749992386 -1098114449 638679348
-535989046 -631694292 436589984 -293947449 -1747578984
1825725543 1107059129 -421719569 -2114701348 -1992298179
218402023 740504759 -781148255 1780363677 680714071
-2118972187 -874805829 1689184606 -2054557809 -536024872
-471826021 -1623660342 771508444 583152288 -1523640995
1944698583 -696032589 1634259125 -1204044583 1229757544
1494254894 -303952199 -1016597117 -1859412098 644748537
-276418249 138027166 -1010442715 -739976474 -1893693746
-393033111 -66625126 171798955 751490047 534211992
-1225736002 -419921915 -644816238 -838080372 -1259458547
1403413550 997951973 601520942 -1416374052 1385045749
-1224469874 -1464523669 657538793 1401096357 1243228052
1727599845 1574075096 1330864030 1596714517 -2051924958
-348370061 -263024567 69448949 518239008 1826363364
145966098 1963046644 -791383536 -1577048174 -1524842076
-61599840 848821703 559411738 -867933334 -673765854
1395218531 1358891274 -554292750 -1039602079 1257751244
538562465 1816441777 -1659206184 289921593 1095484699
-309658035 115572571 946960911 -2093539675 -1606775392
207780009 1099059445 -309434665 -479976426 -1991439634
1400613131 -342731872 2067750183 -442099754 -948147109
-1553411106 -1136377787 -1519290664 123422789 684290927
897371416 1120703677 -461183000 -91915692 -1916477424
-1671024859 262824391 419983050 1024754982 884075246
87216879 -1102242730 -801545450 640103859 535302002
-1272985482 -1424696894 294084978 1056996496 -917425009
-2140457625 1441449425 1172942894 1475449698 533552430
-498812677 1063527929 -2143231615 892227019 -497736888
159713128 -174333189 144939007 1962454977 -402462289
-1912911442 1475255555 2051766425 -2006631718 -1523302714
-1073814573 -1680356804 -216922905 -556065323 -1240730987
1992384418 1402007476 -411450602 -842660643 252622925
-30555329 -1478496231 -343922850 157940368 1923807390
-1504021658 -687657023 1588502531 -676365588 -1373836991
-528336121 498464305 10240409 79039415 1516158181
-167435341 1070111602 -8694068 -1991797678 -1828705265
1269000066 2062293352 1610536939 209106771 -348990644
819541756 21123001 938878315 -1817794728 1130482994
-2114992495 862088414 1927688626 2040007333 -140289771
-610863918 965556053 -1306814956 1301737056 -1726686994
-1099020561 1631797774 543092312 -1685356394 1153361806
2038144176 -1265134308 -2062277405 1983826937 1467795235
-950089610 189079252 -941038334 509220966 121419683
-1010586773 319859188 740277587 1803453127 -759285917
-1634756154 284156427 832464123 -2057344237 -1805541716
-1750514571 -135440110 -134146472 -2051576883 -1529493785
462534661 669397468 1142813074 -1177228913 -354009411
2023113178 -802775221 -2107053927 -1067238069 -445967572
-517746932 -231795158 -254591079 -890303768 1886687689
374375471 -2028896197 1174539471 -151720193 -1386348231
1521244624 1893872537 -922593405 -2073930946 -1895990014
1338979161 -1962138313 -324889583 406815465 -2020873115
688142328 976665116 1605782716 -1585802728 154051477
1825467535 1979845848 -1419821586 -1495997733 -268728892
1618078861 749113619 -1371237087 -1748964777 -898125077
1138003762 -1393668926 -1710094969 1535571561 724152797
-1306269079 -1432105244 1366513336 785666944 -458234846
295554672 1486651128 -1790632522 1806464290 -1476918043
-1237764633 -1417952862 -1928307376 1423220004 -2095456410
-498797198 1296106860 -2026794521 767698630 -116492930
1312683477 -797655756 813269563 300112932 1336800156
636099283 -1247542986 753812115 1624159288 -785231736
-1285394424 -490845249 -1496543357 -1625468086 -372243826
1738294954 -1564162390 2084194915 -1309930424 1328615330
-1640517085 -316645341 949433896 -1593733718 -838397041
1982166444 432084194 98227334 1250449629 1391909072
-1780962014 112397188 1665513454 -805468885 486017333
-1710007761 -390099810 303950152 20708815 68398637
-1128135373 -1411196076 260632584 1584868841 -422928184
397872202 -745341003 -822245626 -1294745319 -2063105307
1451006601 758478397 260614681 -1110917840 1812471187
713901287 17617597 540677306 1630498056 430980013
-612908709 2003821586 1684900421 -1319675066 1465188230
1184438795 1279940517 1664019117 -575047019 -139518383
-687117286 -549599823 -1162820470 1160410452 708948766
376931403 -234083357 -275111675 -132577790 1688193966
71843316 -565018072 1914520705 -223501808 1926850406
-671285414 -2084662464 -2129306558 -149838550 -1655096432
-1933253562 -493630724 1582104861 -1214957794 -1279055842
452467984 -1800312176 -1689925472 -2091680706 -1516776727
-1193143015 -1343044377 -1832279682 1905264389 -764217073
1018841196 1713305366 1857624908 1789532633 -1148493936
1898225349 1867171273 -1113005303 848434640 -1913483352
1107219625 -1553903861 1083571747 1491650042 -1102204423
667866494 -651315016 1813146020 -1300067721 -1963153808
1572746589 -1674707884 529415265 278064163 -257767059
-1371103502 948700337 1025017786 2127994517 -1627586497
-1610881042 -2138306553 1629979185 905933241 1366288413
-1348105400 -1747693911 -1592358952 -188359606 1992440125
2069763111
