10403 216 1357947971 -706668862 -1181540365
-250273985 -437821715 1243931983 -1707063715 608692097
-1289600705 1232423284 1037454510 -770547997 982881831
-583626241 1622402668 703363765 1991715581 -1355777729
1322176386 -746066904 2102304320 1219605549 -2090778598
1210638890 -1468757697 273265843 -1374860661 -2130913326
1594558498 159137085 -1537128380 -1015568527 -1633207251
1976101501 -683070706 246983950 1509059070 831428477
-1166494630 1119599762 738078715 -275586352 328183918
-1115684992 2058093532 1794615589 -1382467180 -770850146
1364001909 -1654247659 1933804076 224449627 1195446171
395398236 306146482 -1027069228 -1660749875 -1608406853
-322766907 1065488788 -1153533795 1973911243 -370637977
1788559704 772068003 8577550 -1361101900 1709771128
272824616 -481550077 725946649 -46206382 -872200593
-849918492 614444066 -1838119500 1619343534 1312095874
-1334793693 2029803285 1697962438 1763028576 -759899590
1162274001 1909771777 831148344 -802110276 136190450
-1263264775 -1176980154 1170138675 1401051605 -1416974925
-489366268 -275054630 -1144320524 -879455699 2090663100
954839245 1103573549 -1542578571 -459962389 -1536045295
-225272905 571402635 -1348429459 1211607003 -1899176415
364087583 1522303208 -1926384601 -1862053234 1829350022
-853702898 1438107326 -2128872085 -1084271578 1071283899
-913415867 -158326067 -841683547 -1288806095 -1508336599
-587618727 -1610444793 -306526297 -1097724700 954748367
-1727084704 -1859115527 1164736203 -443406857 -287090243
1534366080 -1292452010 -1946253138 -775665451 -2009105089
34848406 578244044 830975581 1668887870 -758866139
-1969801465 1434403828 -1767181076 337638340 -1718585298
225314147 -449931797 -184271524 641069064 2112738617
-1544972098 1201501313 2092233494 235137592 -1535903709
-310694765 -1995445328 -418548771 1032559328 -960815864
-908539744 -363286885 -427285541 1471475489 1781664953
-2002939706 -634693898 -1785854105 659159831 6462631
-1990698513 -860214848 -1536187913 -1537267633 762404662
1879923663 250713117 721244313 -66603406 1747939816
-71186900 2101840906 749698213 -1303797605 -1815269265
-660271783 1146581888 -1795518565 1300808977 2000102012
-2143798536 -2102750109 -1057879270 680881710 -2075379026
793702584 1387073397 -1929725832 -1196086420 1727235644
-2081416456 -1523618137 2025186905 -732917738 1539603131
-1919205831 -945583816 717012690 -1079459287 -1347073934
-279563193 1684281711 1699783071 -1247457320 -1060010923
33012987 1399695506 -213902996 -419036203 1890307079
1153324579 164930712 1982924986 663228361 -956329994
-267290643 -406457203 -913742701 1852327358 1505558597
-2061046257 -1082446351 -835276707 1354841702 -602850498
442704921 -1904176972 1734358650 -1163851802 1272214243
1229270120 -1145150347 -1935106535 2126175440 244196544
498793447 1381163087 1832810333 1909929975 1984610892
1094262358 -2067777821 1910487489 -140688664 -1893499992
-1974600992 -1171691367 -584536820 -2144890794 -1282487679
728613821 1078661355 171904904 1363711801 -1482156104
-1843100519 -448663956 989294717 1247321406 -6728174
-2014213238 1595388720 1187013357 992732869 634437289
-159284911 -1205067891 -1816827140 -802611241 -1056818442
-73610410 1586943038 -420310117 -797604838 206127637
715882779 307849703 -864459676 391512449 -550606580
-96731139 -1066063057 1906002439 751383797 -677626091
-614805586 -1608697517 285046404 -897482376 -147038933
1219399797 377193218 1488009752 2129160348 1490503792
1406234746 903088344 631770447 254789945 -630701785
-2048496210 -1781126559 842535379 946149131 -60372136
537011488 -525004241 1268529350 1927889430 -1118775296
-833445985 492108728 2013183031 -2118289636 -326627469
-1905134619 -1214829240 1713523002 861197241 1775650411
-1549448317 -46109916 1598682752 840060453 98243250
-1503775572 721719466 1664200415 1315256317 271729058
1092603183 -273547786 -1281443296 253248479 41401922
2121459028 -1761440763 618838530 2073305951 -222037160
-1243361231 458556071 1504691463 1663814780 1341994070
1999189305 1290913350 1538906990 942345104 1585570356
-1030054415 -1438836618 1996115855 -1073980600 796317576
-1238291182 -1410130673 1688697958 1259884277 1806331434
965115819 -817113748 360008715 -848509090 897087272
547867066 -1137567957 700180540 1154684809 1587634663
-250413582 -801271281 -1344990123 1662734497 -1504126736
-1390241548 -1653904535 -253641885 -1311647655 865927167
1888522669 -1957842233 -1677557147 -1233622188 -635024227
178779989 -878923561 1370430026 -840379569 116976719
-1115137443 -1674776318 -738141806 -689047263 -1413752797
1508683980 841697537 1103900336 -1823653642 -753015771
-1011016941 -604532146 1913364056 -83427857 1034218157
1229719414 -685457806 1791311493 2086151814 155107173
1087902280 -1987491673 -2017823026 -842647944 1128870235
-1864536870 -94267373 -293906822 654472793 578908743
-640156305 1970852232 -1020851033 -690192600 1956422161
-1822825923 -1437164304 415025324 -1486731957 1928271047
1185280680 -1701922649 1155288066 1348279580 -715326066
-2086716621 -1962089222 -1344317844 -2028883572 441783457
-1234870505 161569985 -1161938717 -732605636 227253388
1626102002 -60825193 -318066439 1883550787 -1998827075
1200500333 -1448747684 426631923 952016343 1946167860
-1809268443 -1643311278 -1125497292 2129473896 1187946651
1243300511 -1519715130 -817102161 -1281186289 87637519
-255267717 -795709964 929048263 1611343084 808085412
-2043306407 585908405 -1771621169 2056608207 940876260
-555276939 -1182902442 862947738 492102759 1589280294
406985770 2110153864 1764755244 1623551843 1202057742
-713539906 -208215168 374261240 653611494 -617786613
-1851765869 -1392361839 922730755 277162147 514634915
-1075131543 -1160727205 456203818 -1501672071 2011760683
851348482 -1397488173 -2103564501 -1222334994 1790001166
963857495 506265333 1254469764 -918676749 448097167
637711779 7915328 -1189131320 1098523291 365593795
-1203525801 1697389822 -957029175 403502406 -1194412829
1907881086 -2007027074 1737613152 1721013895 -1836002618
1553565839 -904912540 1760539667 -1295547043 1356305478
1813990558 -2084176484 -363401476 -293741525 -1774025752
1721226042 1952511727 1120702946 -641614092 -852584393
1825438715 -1030500035 1508730560 958071349 -2089472278
-2041151703 -1387144049 1154872301 1007062952 -1237171193
-16474245 -886620677 -275342142 1359318513 309821458
533959191 -1546421251 -748554113 -471202982 1891828628
52483929 1069559174 -1709633478 1004599505 -2100413862
-1019787 -652828419 53215699 1214378825 576314387
-615557467 -372372255 2074292942 -1895101719 -81585939
1107342814 1344483071 226811845 -2329550 1202967885
-362541352 -1721272095 -940510597 1561861870 1332680987
-110863063 -942322344 -350686117 -1627619535 -799588787
1099587522 -327579687 984605200 -1021740647 -197596452
1486651270 315875185 742811174 1293510487 1451281346
-2014138292 -340517299 1012276334 -342897392 1965712263
1185382818 531680700 1702595771 1906126156 1114505738
118000042
