10403 168 -1466735965 -540632319 -1006135748
-854412284 -1159918460 -1574648536 -872193180 542975221
-2101488350 1565326450 -816168812 -1212756264 417572112
-726583176 -294087519 -1023664357 -1746524921 -768183829
-527329959 1619024863 -2083558857 1630841204 -437975733
338611488 -128936131 1619120132 -1973473448 -106715764
1701357281 218708706 472045304 -1579085265 1553905601
-1834354867 -1757859707 -882586609 132065284 -723742225
2063191170 -443461818 -1595176943 2027702815 -1094867202
481410451 1522330689 328576347 1958993553 521314181
2142824389 -589554796 -1663040656 1088745845 1865503915
-764462748 -961168064 578918963 -1437286542 433772445
1212186316 -930939244 431840372 1052065999 -1428194692
-1247135126 1073975493 598755152 1859084247 -811063677
1948047529 -1282673605 -1759137038 1947496595 -1931632755
-479986481 -1003234177 101421607 -1531801190 -872654183
492595319 -1005877740 -1414933018 630751498 -1097843459
-1217844098 -1266755844 -1883032756 -1860407822 -685726662
1695356524 878822668 -835660484 -569182267 -988672614
311288610 834821446 -706081222 -630599574 604667641
-826094469 -1521805221 -2072231923 2005530167 1390444235
-212912024 -1006246160 -449618609 714008176 -1736051397
-394421525 -1635536802 1595746222 -356490209 1690038077
-193160656 -1123895665 -1281203285 -1560450278 -390416384
1794689096 -107769390 -2131330316 -153518800 -1750932355
1262679155 -753832468 903857104 -1786011823 1018723147
-1573979355 -560178006 1375677040 -453542347 -609214707
1929279304 -848297019 -1668636171 -1583011928 1474657116
1231473494 936208583 -1533425517 -1301306889 -1845055912
-935987180 336820382 -1267645243 21545165 1342039580
1145190752 1663172237 482141914 -1872405907 503407459
1588952688 -1100030608 -1032345752 1223174990 907439456
14299061 6826564 1611999265 -82084437 -20336345
-489972587 1793403463 -465964919 -1683846353 1853768839
1531578285 1506450354 -581145782 847257824 2108402780
1725076145 -826380320 -1175469941 359790092 2115719727
794841440 462269657 975359780 1614344258 935592208
-503705852 1209135442 -1990651462 -1294196189 603437233
1519461337 -1949149428 663713757 -1391081743 2038373469
1610799801 -1391460154 -897215574 269166050 1435640250
278155508 -543849257 -972424777 261877150 1190233280
292322533 1982929520 1294693657 -1285034433 -430598256
-1868466076 -993958204 -959230487 -303094792 2040130669
-469050293 -1352428940 -194266823 -1797278118 380624432
1192159679 1151619494 1973425265 -86997804 -1457269754
-2038161199 260293768 -390255660 243685944 -1565957340
735751837 154054814 1536145752 550382783 -542714281
1206325191 726533946 -453621570 980727025 1559337554
1275229587 -170806322 1327903654 1072153494 -745135045
1390559376 224353820 -451630708 1304243137 1283494187
331772840 1674735939 1804833429 1569917932 512022118
1957060927 -229337019 128631745 2134577629 1681702838
1600741517 -2082676107 -352425815 -892638870 1293314793
2055310168 2123911834 -340560228 -1629612240 -750748146
-25061339 1108796521 -1922855025 1299023946 -835634064
1366453732 1364448985 69076757 1094577153 1838758301
-1611548612 1300447231 1490281416 2099450911 827622933
-1866776327 1450638432 -1763067632 1657981701 -1963297683
-474668323 927036766 -2091080286 158780800 -1681471068
-512156711 -33522072 -156630652 24446028 -2093636613
1420510178 1434969073 -1591811389 353005422 1433873671
-754502994 -1227481695 1321841310 114755105 -309599851
-2084501598 -1533312012 -1355488390 954961542 1191959997
1462321529 1579265901 670558450 1454956955 -938540798
-1008184577 1681368064 1080894757 -10744017 -360510339
315213843 1344647350 14201274 -95637064 1659302894
-1057360044 650081971 -732521916 -1247727268 -1236034401
-1712685323 870770316 1257809401 1919862931 -1217022872
-1079874588 -265712319 -1326970477 1483998482 -1170806884
661421326 1438953551 -139669754 250180806 -135945760
1402660792 -1920208867 -768172171 1614482337 -1678904596
848413032 882950742 -56149899 -388318016 72411388
2097908868 1953034183 -15628056 -2098440341 80497922
1872428006 -1461884589 -1870166508 1717254069 1134792561
-1691350436 -1042070737 1199882171 -52157042 -154806164
2025281388 -884139402 -764821574 1585218105 -823721896
1460751671 667146887 1182462209 -1289970886 734008505
2007660123 990111689 -585068945 2077490156 -416174728
729610962 -1317255505 1435714534 1149540934 388997419
1876460369 1568540370 1255337635 746846495 -281847104
262586157 1244336076 -1601561929 1283061341 1794760215
1219036631 1379252505 -76358011 69956370 841140824
-2031280879 -1631791931 1065073055 910123085 -1860580286
-1185794742 -774500018 202091130 -735691277 1931437225
631230461 -542604494 -1108730206 -1263317725 -1377523321
1818241661 -164066414 1122355888 -847424984 -1522388644
-1996118069 -1007773651 -1689823464 -289486243 -2095054635
781857776 -414284970 2000768667 -1391843552 -473932309
-136395704 -1098776975 933177165 -1427184820 -2085986812
-2105011121 1700462260 510570892 -676299771 743174589
1992418097 -756629437 -998581049 2048019844 -124913896
-1457762054 -381027450 -1717060610 -1040403267 335321420
-1028511528 2089842790 -1981836880 1311420849 -192089801
1271228979 1115373365 1700144772 -142118223 1303666768
258272761 -228944546 28373643 -1195945064 -819279691
374746749 235191382 -619671531 -1323497244 -1238522758
-632891849 -423376439 967159861 -501896237 -391618597
1033161247 -1025929514 275317669 -549357163 -1493545319
-1445184413 1249230359 -122939348 1838431581 -1386659222
-735846846 802922555 1168306450 -1030605414 -1260002510
12078075 -894591635 1499482031 602031703 -847960368
-200122195 728084056 1951496461 2055403106 -140644124
545918597 1965379240 103167050 1748329291 -72910314
1456512452 2076696424 1889191160 -1351493611 1660813967
-571796680 -710187489 653290705 746356721 -560537110
-2039732100 1266977664 -583917492 -1012224725 -605546342
1625666642 -854953539 -1512936734 -1682243404 986188188
255544886 1190302603 -574508825 -669606949 -1255493417
-2075857124 -1270122420 -195300259 1646822165 913886894
1458106997 1531183046 -1793636614 848911073 -1709630616
233326687 -1248413531 1887877498 1936399217 2080453877
295522465 -1303396745 2122091057 -460288541 -1340247026
1453350677 -460790946 -223385163 -1598099875 -1939638325
34908331 200954674 2068420767 -1299724582 -620101907
-894093322 382535099 1986391459 -203112545 -535487163
-561032649 1108683815 -2122259093 -2080514864 -1375590047
1695579920 2037105550 -103326510 -765340061 -989242656
-324661843 -1684859782 -1304117283 -311136993 447039270
2147445104 -1355459297 2133727088 152856252 -1903437430
883180579 701571812 1033395293 -907480591 1402326577
588231822 639116041 2046937687 -33944512 1337326105
1779797224 -908557147 1028115310 -1014704548 719443005
-1487850397 -771467064 -1159090017 1167735947 -2143200128
-63293925 -113223523 -660964427 623951633 -609055880
-105303501 -1358484600 -1913125746 1626131395 1887840034
-1581057903
