10403 408 1896324363 1229153939 1852338759
580073066 -1563116493 741160172 728606182 229866236
-891553224 -850223568 1930586283 -391024907 -371914127
-2028897952 -447094009 311169648 1535722296 1928661413
206224497 849137802 -892239745 243840643 327911991
1454119262 -1762072697 -1251614770 -1291213852 -260689942
-672043326 1154550964 -1207140483 1055580139 -1778401555
1933491092 619394953 1745701625 265072534 1294441804
859276179 -310141915 -611032023 -1429076416 -301072481
953729764 1024810519 -1329496488 1865336891 -1781348424
-1120184282 -921130053 1507213249 860209137 1240748125
-1224420799 695339684 -1306481938 874138863 -1234694991
-1311616557 121287614 -1455103301 1821405742 101742912
2040861067 -482781798 -1085116805 -1834724847 1159166420
-1692329363 -358499491 -1945690957 -1778118824 -381674311
1779325658 1097529128 -281752564 -385147345 -1445926715
415410698 -1599342202 528653921 1575238951 -694406714
183398098 -2138825445 -171697380 23889272 1334607670
-724161219 953193285 -1131125333 174032668 1952198197
-2138352834 -65332065 -1560190259 -1578831365 878928447
-1881048801 -1277223132 -1705962208 -770437954 1067051394
-362041478 -1357386907 83116803 572660708 1114110920
181671812 -554048561 1862615259 967267802 -510551964
232961120 1026142452 -588872631 328774362 -1205677987
602963548 -816166692 -1290836422 49580452 -1330368022
-1968139892 303416415 -1291574935 1733898417 806150850
493257178 -181860054 -964170459 863865534 -1858795038
1603180753 2036189721 -1681499153 -532826817 804201809
-176530579 1861308877 1315295139 786571854 1712784804
1846741175 292620601 -645707567 -1248639818 -2115295750
-1652256863 -2116142245 -1296140434 914117984 -1399074797
-1182416309 -213688700 -1064821899 -942087221 134415977
-1668172715 721041399 -1246917598 -722221834 682349855
230939349 -142083707 -1672280113 -1655143395 -1587629091
990029915 -386137387 98973587 -485886573 -464540467
-918970792 654878080 1306463403 -522943161 747427796
492678886 715974352 1773967227 733167618 -1628929905
987670262 1495726599 -1562662407 -959892547 -2048937717
-1582673412 -1437550892 -869295530 1677278598 -1814437865
611129590 -994713313 1950613091 -2044937448 -2027702420
1834671370 601999532 -541331422 1203983511 555337389
18101353 1575549722 -1524166017 -1966238052 -1577395811
-767929308 650483892 942093364 1099518898 -1215037207
704197085 801631890 -1276556117 -121884497 -932370756
-579371330 1490356867 -1210562327 1855151842 -408203012
477254902 1247847978 1185264326 -933834590 1165009183
-1689298395 1136469289 104750995 1670442752 1590463274
-1168287347 -986347367 -1088107898 551723012 -2043375082
-2093154727 -1990931354 -1891929946 -551721387 -1108076495
-428017307 341910027 1833207685 1589510328 -1667967738
-2112717371 -763154393 -966054861 965076269 -2030814043
1341357151 -374951095 730372365 436947724 -752070777
-2073695548 -417887362 -2123864577 402677180 -476975083
-474575483 1701910035 1650423856 143118376 -102746522
687874039 347669794 830627124 -1131081315 542971903
1853610525 -1030159532 -1801026903 313298227 271165937
1251059497 -1372884682 -522327690 -1832172858 -1682058434
1276271790 -1925870762 -1475023520 769240370 1460688468
1056402112 -819541828 686658458 -1364649616 -2051659574
-192246045 394432460 -1945189705 549020358 1560080589
344884435 398161482 1693233023 -633387260 1003159526
-1595804159 958666011 -364535289 -2049871550 -1984261548
-1638304434 -249411920 1207897773 1827139256 246663370
20306199 -1326642984 1519657706 -1315058665 -1445685763
1008882939 1784063154 470257363 676910547 -2020172026
1487168055 2092952635 -918335254 -1386798164 443159277
543391232 796170543 700877082 -817285864 -359185747
436808051 -1581215252 -1663939206 907599533 -1675763990
1206963146 988547526 -2086158462 154575434 -1733082264
-1205184930 1149266916 -1661687032 -1744948128 -2116746590
1360068334 -1747475570 684097650 196455037 601942130
645929084 -180469907 2053698353 -210685280 -1392103196
-1492736100 -526835563 1798837993 -1915387661 156532619
1831436399 945863469 -1814346628 -1001897811 1046455462
1227258609 650102581 1828535086 -701002067 1446335517
104517406 246708028 541310475 -1179252807 54271162
-1528855292 -93922892 284068421 1862414924 413159286
933751860 987697429 -371808425 -63821147 -1437437641
1966176840 470006697 657900856 -350056246 865557391
1945509557 -1503078902 1976047023 -735021434 -1645728170
88919961 -1339716154 -1703878040 -756873409 -1021390817
1246747491 -766854092 300491251 -1340553948 1071443906
-810465487 1506246203 1383144759 -778085398 1111519699
-1737072988 -1059746381 842194156 -1396070077 1787916871
1748441370 -1536516963 -2023034043 1656776440 40443558
699724078 -1784432897 1312477638 -103515369 1402473578
-1286213003 -253962528 428551223 -943279337 -1513987302
-314950959 -570917185 915411713 -646626367 -643139297
165163980 1112420531 951147978 1383176873 -527432525
667392735 -867955347 -1068206701 -2019823858 -1247345022
-107181727 427196132 1726216470 -1318540482 1651561636
667853042 699379395 -1342113378 -1585863955 1106968344
300389862 -1285528214 -1035288163 2130700755 -1093431703
-1255353303 71142826 -1525894440 1432974105 -319021068
-481831095 1614075483 -577520896 1280846918 2065529701
-1134184807 1264577819 1127884048 -1391146411 830939236
-743174436 -362101455 -355403488 709524105 -957791290
-571210996 -515009843 -991539672 2140026336 1617132132
-1618414860 1658141906 1652716377 -1078205957 -727539639
-376107348 -306759386 1963943645 292555235 -602962023
1853942618 -1174316788 439737094 -370500350 1930877697
1192422064 412336843 -1828102745 759364378 1881503557
-745337874 -520260120 -1315983871 -1303664161 1735625436
1090756197 -2004794005 855416413 -826128224 -2014391580
-214699467 210697934 1280079496 -1781735451 -1548052388
1301609915 -716762408 -61388023 630180461 -1724007778
-1434598426 1622630004 1706750622 1161799009 -1380398620
2065627586 -1424330514 581610971 1924342277 -376745550
951260934 -1424112179 1363505784 1044579523 -1367892799
-1673962063 1735307136 -298874779 1431821194 -800771876
1275622115 1979115017 1853773884 1855396424 -1517694802
538285838 -1909187427 -1368380854 -1597405780 1201510524
-1660223699 -2026429955 1353900410 163067462 1886124791
424683871 880146190 -1418643547 -26132742 -1583568282
1840396700 961240083 -1839004293 -1036024503 -1054068290
-389385851 683650631 -178583646 2005919566 266106273
2013677407 -893821725 -649489989 -912718438 481376494
1511219078 -638920253 1479333773 1244985756 -1601437342
-84250295 2057589548 987843765 687000149 1738585298
-971492295 -1767799203 -233806387 -1327165221 -686468536
-1421450967 1018019766 1562231642 1561877331 604904443
1909350600 542226042 175262068 -235826013 -475833254
334049237 -342213432 -127547778 -2000275948 647198381
-1210955336 -509920879 502333431 2128868657 2104811226
522156929 1374570467 -1816095829 -978691738 -38040893
901449948
