10403 576 1301856593 1482692702 1875770649
-2005035913 -2093063304 1070609279 -1934826392 -640698364
-1485085441 356590980 1497332515 2040652257 -142761718
1960640609 1465893678 1532272242 1082270861 -576722422
-91043891 -412621453 -1475182476 1159233643 1268956692
-1641561640 -1487547485 1207139112 -383875137 1022293429
1270896126 -920817419 -1227971902 1828434382 -1933695575
1273684758 -658745871 -1700737633 320481696 654904759
-730805888 -1170811460 1759923751 1813497836 639253115
-1348000103 -1698833198 1934880185 -1692844826 2038866618
1219235829 1320396530 1397518005 -2126897749 -299180020
1980756915 2071983484 -1825128192 -100533317 1915616194
-311361064 -933140942 1708422860 -1872995527 -1200663685
-1164318185 1848087165 -360171360 -1381427934 -1566537196
-282019122 -974872353 -296438331 -224097327 -870833017
-1869671346 -238023740 1149036198 -1699514504 718707725
-209005849 249358795 -159816279 -1736206020 -1178288162
-1399530792 -177876662 65065011 1132010433 -1688352459
1489907763 -1455775670 -1513272288 772248058 603376708
1277259793 1985523315 -711938017 1289844213 1320830744
-1495467078 1720440684 157059462 -536157593 735838045
1911851321 2026558895 -1246820810 -128874868 -1423054450
3788784 880116677 -1610562145 -1936777357 1695212705
325313364 1405606646 1530932400 -2132863774 1625280155
286347129 1300011485 -2129272037 -467548142 -1940303992
-868238046 -1322213796 -1733634935 825714315 1355850791
-1532406003 -1126528144 -808828430 -1392912604 1346529982
-1099875857 2140023925 457497761 781443543 -315177026
-2069643340 -1874086250 -1601573144 -1984419939 -1846399145
-582986405 -1303056807 1311715372 793716142 1350074472
-88333446 1475488643 1189145393 1189951397 -1926733405
-1716388326 821784080 1381111786 -1504171884 -1640234847
232267587 383112175 -1193278651 1839846248 2114533130
345637116 -212365514 2078900215 -143295731 -1997457719
1786964607 -357885018 -1979235012 -1412191170 -742031328
1858629717 175579023 417289795 720699025 -1193805308
-1465641850 -1771768960 1700530258 2117425835 1794468521
-1096006387 1058311435 598907298 443515576 459489490
-800250196 -1945988967 1031731611 1524527927 -858627235
-1496146944 -1834355070 1403486772 1309825390 -1035106689
-1502783067 1936088753 -1061394585 -712960850 -1483284828
1769927046 1245542232 -1492663571 -2066447097 2029030123
-1254534583 2044031324 103757566 -1314842248 1089142186
-32091949 -763581279 753148117 1347025043 733474410
1541885376 -1660952486 1563324580 425679345 -2024120941
-2126439937 -1117308587 -526682376 1246813722 1751414476
1295322534 1561408071 -1295381763 -745753831 385790287
-1108185898 -835768340 -155538 613706448 1753748197
828410815 -1782967661 1795184961 1698186612 585247830
883512400 -681657086 -1444105285 -1742340647 -1740883971
2032937659 646073202 -521063704 -529126334 1616823996
-891972247 1309567275 1698471495 -1489630099 -1754106544
1190047570 -650012476 1675325662 -1790831473 -1655436715
751412609 1880961847 -369515618 -1520933100 1635797622
1784581192 2067615229 -1441680393 -846050949 941309177
-466196276 1080333134 826791048 1838874202 1416989475
-1605086703 -391901755 1247779971 1378724538 -1181757264
-927816630 664908822 -1344703554 -1759516468 2056906517
-766475327 -434459751 -146945349 615487680 -346288008
-1413588228 -626064834 -1579674833 -2082341169 -1462998117
-1665711367 -1103974538 -1594317958 -750926110 1748147928
-68458367 1331082893 -1481050787 350185935 -1556784268
-1192653868 -1326087640 -981986030 -1341499229 906115
1452647783 -845568091 1164501490 -114894530 -552497578
1903636708 253001213 294825257 767149665 -1207615613
336672696 238479984 -424869916 133303334 1595129543
-1822934009 1835292611 889199985 1433310398 -595580622
-1860740598 -509711168 1040170233 458584325 -1733955947
-1815127961 860442172 726874300 1724398528 315435818
-2020173397 156668459 1423707103 2101667373 -1057376054
-1048817722 -1139720626 -920533380 -1807408155 -535095055
1028710057 2131016331 -1291811568 -957315384 -1132476436
-1022429522 54733407 -252786273 48582603 1763309513
1753354886 -343731798 -62130382 -1962765496 -397418383
-1689035651 -480623027 -2102937409 -203631612 1085288420
1144001368 1725159490 -1368214477 1506558483 202570199
124062293 -1695474494 -478807282 11197766 1188360884
-728716179 -1213473735 1844703505 1025593011 -1860347160
267315616 1243678644 1044652662 -241059945 1257837175
-164983085 -672542879 454276846 -1203178238 -155326150
-1092559856 -650494391 1856166997 117531173 586078903
1475582316 -1082245780 -1145000432 -2009418758 1658868635
480752795 1204096047 -1318348163 955552698 1430554870
1815963550 1698333548 -2059369675 -1478136927 152860473
1861349083 -46767264 -1199110376 -1392752676 1309213086
634421327 -1782024273 -370562565 323056217 -1544268330
-1791577766 -1856292542 1286191864 174760097 -1675469651
-347530883 1903728815 -357912364 1879869684 1990412488
-1588113102 1090420995 -71654493 -742482745 1021704325
595468370 1448117790 797795766 -2001725372 1380989085
401745353 -1608220543 -1789792029 -1607980968 -262421872
1599729077 -841357818 -1741827345 1560314762 -688498095
186681766 -56539095 -1907374948 -1151826563 205771434
-764447601 1439957734 654278813 1777473014 -1267156751
1519430248 814457693 -536826466 1032577839 -42223174
-1341626655 739421486 -1516138143 1567426828 -414689667
309193522 -1853468393 -423087210 1464039901 -389150202
290877489 -1727393496 1048810773 299724614 -2023665841
-355524182 -540991903 -1651611274 -441190839 -565392196
-511350419 -247499062 -1179213345 810156022 -533228339
225453350 -1486563455 -1219880856 592352573 -913459874
-1716882369 2016464778 -513580351 1227579742 -1668824063
2076258108 -158290435 1229327506 -1409736987 -684478519
-2043153038 -464079812 2028581717 -1103122903 -948707548
-707245542 252756705 -1663500255 -211955774 1351522336
901580473 -939461727 -1432427528 1605153250 1592949909
-535894607 377555338 110517748 -304613971 -127881711
1635005460 2024371082 1634975689 -1449521351 -852017766
1789505568 -597632535 1243329353 -28334240 -1057786990
1479871877 -1368028935 1379014626 -1564885556 -1652028027
1419070697 -1611775596 -233052662 -1161694351 -1420416655
115340482 -1878128288 415137001 117644785 729134776
-998483374 1324831733 -816597839 -1015942774 -1555150732
-162740467 -1460030047 -686280892 -448959718 -130873911
2082697561 797218730 796383616 -1821947687 99232905
586482288 1029667106 124422373 -1424176887 -1916806702
425554652 2134206901 87888457 505216452 624049786
1877176673 -698484159 -878331230 -506003392 1361058009
1460029281 1956290168 -1708751454 4098389 -2016453295
-651519414 737222260 1450003949 -2096824527 -2014741548
415141226 -1299111255 940730169 1045002906 1837561344
-1540908183 1180029193 554484384 113508114 1868661125
505121625 926890018 7383820 2021108229 181648713
1522384340 639152074 -2089779375 1600075377 1838556066
1228505024 -1989243223 -763516079 -128563976 1526079605
126625141
