10403 264 581398646 -1438111514 -1834543944
-1468699540 2127542065 -87009712 1228525918 -1503705273
1314781738 360623904 -755106910 -1500122739 811395384
1372216499 593068719 2093117813 -814557064 1312031610
-1259987446 1454579693 1404549578 -1185061671 -422523901
313446498 -1762038571 952794844 1480112502 -1244684615
1699040687 112176308 -1178123713 1646215965 -1004234540
-572498970 -1931177521 1535531703 739754147 929862570
-1150207634 564649249 516406687 342884642 -732951158
147021090 -691924707 -1379797116 1367802033 -984477171
-584976498 1379880141 -500895475 -271494162 1526889871
846031590 -1714921928 362987770 -52993593 -1396680660
1352626198 -234214379 -1687070667 -821950558 860363721
-1587440353 -209213616 1476712225 1460392393 250378175
144258537 1524870668 325087215 1583211509 -1190317999
338768579 -313315858 -814384275 -336914313 1101328988
1800349741 -1263741164 22493613 -522282099 1520849330
1083799325 2056970136 843851820 -860889044 -261082910
1370731767 358854678 -1426793189 327502025 -1452358546
1508674127 1122392244 896770737 -1837942611 185097650
1897974981 -1688131981 150652346 -90412045 -560361494
-1558159870 2095450215 -395461562 118154341 -117536671
-1161146654 -1216119276 -14179597 861784617 -1164118762
420493704 -834423807 1798444546 2110599279 -277379028
1290832225 494034046 -849481520 -1837885516 -131912063
1795297689 -1451315081 815733247 321029329 658135440
-32945445 499563856 -499577729 -1704036380 -1280770395
-940004967 -127146306 1694742209 -1414621493 -1324429007
-1399130705 2135157595 -1822337912 -110822798 1733549698
668531410 644852723 -966137651 1567252458 -1210016749
12377834 1022197718 744646615 368356707 -947309246
-304942405 -663529695 -794618949 1102852005 -737192680
1385952026 -986001489 480174017 -2141223175 -199738402
10377055 -754829448 1818098966 -571965643 802845807
-1479614442 289655296 -830415296 748839213 357130459
-394855118 740329787 637646280 -156687257 655652133
-435865241 -1318871535 1633087814 -1859687855 -1317937995
-561231796 -860899955 676509992 1666974035 -1103642798
-1082852035 -1891329872 357437899 1604970227 142217921
1911147103 -899524378 378993035 641062127 -1875473234
382701641 -2086575664 1266283287 -1719840459 -1914135145
73537928 402347683 1612223257 1162248606 -1513007322
1855626608 1457774310 1503264002 2012575571 966716968
1437852002 997910411 -485614332 1766016505 529028105
1825646657 1196472270 1803267857 -503893074 996494641
-493090307 -493612340 -1869552234 456691780 654775634
-1081064307 -1363125553 -1947334435 -940307934 -1538964682
1604991498 1838493940 -195911053 922769974 472179049
-1180701475 387136889 -90034186 55345493 1114511459
1757327971 471456852 1020561445 1609671062 -555318817
783127344 627256380 -2000327761 1231664224 1215004941
1834864789 173326181 1155571770 70900871 -947219417
558493074 -840871478 -2143537601 1811040014 -116761356
26789407 1534156902 -1135623958 -1874964103 574879934
2084955723 -1961192141 73872863 173986025 -1622297593
-349955138 549213078 449820506 600919704 -1268684370
-1449298329 -78955198 -359335975 -1678527496 1993512087
1809257976 1893702835 -489303085 642904798 -1757677364
1204980950 414032310 2108867123 1617522372 -543887446
-2044428900 -334739128 -1838584924 -323174727 -1138051975
1865435458 1883784745 -526878292 1105871866 -1221293551
865493303 -835797907 1895628709 252884976 2045066658
-419755428 -1538970259 1518093703 929812563 1375740694
351902442 901554496 558532421 531087437 603164622
501426655 -1144661195 199529235 77682235 1995481409
-1694087479 -1336908842 280185139 1751317094 -400650304
746531159 1993488304 -627874135 1535337296 -806214348
1369735338 1016123166 595128138 1040608843 -1363133637
434500160 459610392 291894535 -799226240 1357519819
1075945059 -298563210 1744373463 -964746036 -1956987718
283102857 -290127635 594265732 -647451501 -1832181028
-1190184209 1886060588 -1168921945 -1328228434 1315428778
1016224838 29182931 213103727 1282978045 83434973
-1157072417 -550877475 2093626527 783233741 132250497
2087480469 357137361 1461774644 2035054767 790455567
1143304039 -2094028221 1792087476 1295930542 -1655981433
2130462126 -2084081995 1053040922 -971865678 608524416
769395798 1189102601 544925986 -859778413 1449632810
1189476904 -1272329010 -1370058041 -672029396 199041130
972726342 1185054910 2052091097 -401789853 92491180
-10581589 -731959921 -1491546169 862047382 -749913840
211359606 697090200 -1113488977 1988426533 1791987455
-242766458 1907854134 -2089541895 -276524578 1976262658
-1191467460 -777795012 -903352067 1495403674 642066303
-92079469 1677652952 1108210027 260558699 1488610790
-1772185863 -1771472007 56006131 -1572416720 2125943877
-1180601482 1467550677 -43219746 -1024304269 590526279
-752401153 831980833 -1012408292 145060717 1552086818
1305027510 -476389121 73932776 -1985539596 -472468930
181845463 1396948080 1463866087 1900652262 931528032
146404107 1834535925 1051755387 1241409132 843080493
-2119458775 5466072 168318842 -1479705823 1840942438
98404636 1316586150 -1979020430 -1195634052 -2012270616
-973424359 -474897106 488367797 1709216365 -793330917
-1377276299 547931217 1398859961 -1528250504 -549220134
830402185 -931039962 -537370447 1519333810 -774878176
1530431100 -865825127 -1658370678 -1070436142 -333074599
-387682994 731803323 -625603578 -2089875875 -171737760
2086529443 805362825 -2125217932 -1319423558 -1646860882
-1281624533 -2147395446 -1763458426 1880301332 1578331647
-1804559739 747057304 227567116 -838527268 -784695009
-383260771 -482405791 735334163 -1167564683 68112486
-1919891635 -1271095421 -1289093407 1055050213 -958709650
-25321580 -1657852652 2063308900 2126032398 -168372767
1953933091 1972698347 -1013000158 1435729127 807605683
-705315906 1959024980 -952750694 2098005756 -618592769
-2011676346 -797697302 250235734 253525631 -910939222
1395267802 -2020719580 1720002331 1770976178 1642588209
560532883 121071072 1202382797 -2142358561 524297201
155692495 1327938946 -240432242 649208611 -1537216593
-892284465 -2016662916 -1008584752 1053190666 1649275735
1113911946 189725991 166056967 -236805234 1092097780
-51765859 -1838992791 -644957675 -472023802 -1003741216
1495392230 900947042 -979472947 -250571829 1765434568
-1018318960 -1647575585 154885384 583784469 1217373109
205781609 1897750626 1578372248 1873934948 -1405259837
1418790460 -859883136 334446125 -2116028062 -1822745918
228928370 1438619714 -1802723467 1219936676 1667624426
-485974231 1895033787 -695122228 -906047178 1482377975
980525250 -1343210522 -1741553172 2122882136 1446832992
158904044 884123624 367596549 -387773898 -176599914
-217868251 -1668897645 -34001027 -512355940 1561201761
-1778289460 378210094 830187713 1217186316 470140491
-1141217797 -645922317 924720492 374770983 339686729
-2029037620 2109832094 -1307170052 -2116371872 -1062715224
-111242152
