10403 216 351660620 -1028075668 1019532853
-1562655312 604522501 -794813191 -1661213973 490454483
-1138967254 -833477581 1051218062 -1728636809 -36958668
-634227305 1668325362 -1020738713 650663362 -1001996318
475488285 434964531 366019779 -119590616 -1480553160
-1858080881 367827391 -2096080187 1020757912 1423606191
-225974166 -2088393211 -1554014368 1253553382 255014013
-1728760302 123507975 -445641738 -1071160520 120375553
1025005483 -1594194843 1501037136 -1440448923 -1031849813
9361300 -904786937 782307010 -920251355 -498266863
-1448689015 -739137849 1499107527 836065167 -1492615596
-1701844276 -937104027 1292956404 -232535080 -1193253402
-1300329408 2047126652 429136927 1612959482 -1601868743
2096449601 129411115 1725591790 1221088397 759365080
1510918293 1355911466 1128345216 1348459828 -1392874624
1477482483 -1142417783 598539011 1029615106 -1195899746
-1121856915 -1365853578 -2016785899 824324379 -1346909181
226161663 -496453778 -1640756658 -145644358 733396198
1851105420 1359598714 -1048854539 -1048370475 1386064969
553499252 -1229211909 1292099941 1697364704 -1204073392
68341126 273187780 451670756 1382129004 -2002977884
-1724066319 -1236366582 -542676467 1369101523 -2068538986
-1839827441 1733627276 2071207227 -61568609 735803836
-1081809914 48742753 -498838658 65016694 -1899468762
-2112415437 822609557 364948785 -1974296693 480627099
1032786323 -618903089 -1143489033 1696763799 1864082364
-1850524725 -1422244687 -286679065 -1145711589 -724559884
1642803284 1884479587 712126064 1942201023 1662688084
-233177704 -1961773199 180129563 -1275626166 1544305181
-1217367560 69811169 1853997909 1794963208 2147350929
-1929953944 1671286564 650220733 1228684748 1215837929
-1902382951 1028297554 -661301347 -391421526 -1793726134
-1555195966 2073921488 -358533138 -1491949073 1354997035
-841788871 1229119712 330584272 1264020264 1986682060
-615086130 -1886171989 496704747 -1029246514 1305060962
1498698478 1035762586 -1032005032 -953071722 407892352
1718608413 -669035327 -1719864574 -559305794 -1775309710
661521993 1402186581 1763005306 2129864504 2062456213
-196102153 619774350 1126038684 -2050608060 -271606956
-2045548407 785008910 2027977156 1442952988 -802542546
1304124063 -1430486196 -1830115721 -1438928237 -610402194
-407618218 1832533540 -1284618365 179117962 597667137
832328883 -626782963 -1073497186 -1362430654 -503188345
1408086381 -1323433367 1579498762 217136353 373701859
-222125047 -1186316699 -788698636 1793924562 -327542178
1791287604 1097283916 -1792909305 -1650328507 670558209
-1991888218 -1293183003 -1150561438 124416269 2038736413
-920196594 -336430093 1576154462 1892543394 -401330838
-1305172809 313600568 1266419394 -543366485 314855254
-1458263246 1974192859 1971399433 -1420175627 1657280086
214141036 -161837902 2137320797 -779588697 850010307
1261546872 664434822 -153688411 871844856 -1472520217
-1817804722 755049289 490930148 -1308547510 -2041564523
-1926297315 -442936313 1935854724 1052835303 517760614
2037606986 -1927456304 -1412294547 -1448675840 1068461849
-923370839 -227700565 1379335714 802707444 -1082859505
1057523836 1061851687 -1033121367 227675374 968686341
1753109511 1492148967 -279151183 -1187119628 1385532130
-838155837 1635891301 -1660950940 171396379 1199224015
1647368186 -1318455093 1384890906 -515198106 1554423885
1201843 341988303 1132413922 1098570411 502226316
18903953 -2032897111 -495708987 -1257939545 -957360944
413055100 -1159171906 -1414381379 -2048940353 -1339934810
-1730212966 1918461761 -509219516 390457436 1709150532
919000099 1780678270 -778539712 -9096449 -915066376
-438586161 -2137801943 -1729663406 -874558744 1132873944
-891623755 2067458097 2015378170 44694943 -2009419993
1493773290 420954469 -2011689198 1975523547 2122005312
1319880422 684974218 -441424542 -1433301401 -780104364
900861089 763343713 -1141782572 241711955 -388015631
904517948 2073302041 -285296491 -255731723 -944667598
553674017 1530383524 -1854365882 -171894083 1365775385
-1384628157 1425552548 -426166192 -117893951 635762200
1630793043 -179012000 691088917 340572810 -147572167
-1796340412 1273005158 99231830 -203112976 1223209101
-2126995685 -1622754050 970918426 2097368124 658583493
-699516445 -1708859834 897254125 -170120030 -1278174009
1996710794 30893532 -1852773793 -1851247241 1428628689
1547479671 -450663358 -1359762321 1123265596 -1880972382
1282528797 900459450 -626770059 -1018495176 1972906015
1823496763 221096497 1188360704 645276200 891582207
1462803202 -1796460040 261238570 1663795093 -1595582730
-1039245015 10499522 -1771439100 1502560154 1778676032
-1772190275 -1768425422 1498504105 -1612980237 242260532
-353942972 -673723540 -1807586232 -1828430783 -80955638
1905413429 2053328625 -427255104 -2122265427 -710056981
-439511779 582074268 106325709 1647390913 -1192669535
-1365560234 1503975605 -1312592078 -685827076 -1397541753
937900266 709637530 1448421778 -1129991043 855649760
-1353346934 -662316799 -1476366338 742694837 -960102580
1717885583 -1368180157 682741990 1357586338 1613121804
504265325 1883392207 -1173627909 -1342614679 -580829440
2036396731 -1774279613 258126692 -62771956 -483533249
2122606095 1838477952 -1198614169 -1447858025 1232773293
-1093752917 1674773954 -1647510945 1658783330 -1082773094
-853401470 -1173677500 2051402858 1282387339 1481725332
543448683 2079735073 -1967578814 -776476709 -339038682
1880812162 1214766147 915705348 -1871522086 -636161437
-1456630472 456396696 1020259012 -700324015 1740683812
-931676393 -2120965644 593594214 1253438830 -1039242145
89369557 826305439 1776698664 155441802 323928655
161571344 515390219 127810753 1576880571 1408249281
16211013 -1033718777 -251340323 1615522878 -995856213
-1263575447 -344494446 -1023775086 -1225121168 -670763669
1097404956 1654244202 -663367487 495082038 320715436
-706782678 1742621536 264309014 -731355377 2099348270
1816459097 -1756866666 1249211015 -209268724 -1267581260
1644478969 276313472 843026759 -2018988539 1203438743
-1055114856 -83612728 -1611279701 -2024545375 -1768519538
65016701 -655477219 -1173879051 1435591825 1833344957
1083007834 1182178673 2020420956 486692984 1276630339
-1347436450 -549205941 384731047 -1829716730 -332733157
1614019758 -488828342 -1290019719 1918087386 901721599
193837193 1027696278 729498859 -1687267537 -1305892714
532108602 854383849 -918817900 -2059312321 -1286727325
856023231 1647967686 -1830139444 -1467885207 1258594537
-1643558336 -1070879970 1744569042 -1218517728 274412550
-1692553714 -29192688 -1541419747 1206104299 1577659351
-1032666626 1733670315 -560411392 2143694517 -713465063
-1646755198 -209124104 -747757387 -1363441067 1177664028
-1878375912 -1737441395 1248204506 2080321554 -2009848119
-1251379562 -809988556 858535 -790524101 -348845480
-1998974926 -339599946 -610373753 -1331785747 -1896339393
470212534 84079574 515934461 1562561552 485039717
1567452621 1673353942 559412638 872819119 -990007678
-919598562
