10403 264 1988212330 -20522 -332150651
926894595 -671248616 968014277 -794106674 -1589316771
992663432 -655424335 1455531991 -488280979 -622205240
-1517590858 -12153177 424684318 1365678973 -744526458
-744359007 2051300237 1273128940 -574630561 -2104096286
1244357808 -2065766710 -165874670 1380662713 -1876284500
-140036181 -750084070 -1966879908 -1234598719 546846960
1252093783 -794271284 -1277541369 1877729685 -1557747629
146404668 262643296 -757868930 1783447975 542878702
1627124170 -270398102 645263382 -1240617884 293274155
898028882 -838707315 -1533301865 1068238938 -927195544
712769031 -93767016 -1506753519 -1112145231 -553035713
1698048565 1969311485 -470072617 -1209704544 1837013439
-14750521 2099690458 -1768442970 -737139462 -2126465222
-704514345 1602465749 362630024 -243703338 213482787
-1319630533 786342795 660846776 -1892578919 -1615961607
-1982234345 219284235 -27345757 -755325692 568870331
439850878 59671793 341793358 -2071794937 -1260109135
-1443019183 -686195917 876684489 1156280916 -1035082571
131432806 -18018447 -19537482 -1297249596 -1076541031
-411421960 1501264812 1229640918 2013129706 -1866678200
219557445 -604570154 -2002609566 -2121598327 2140751332
77369897 -1983313789 -430147007 -643061737 833696585
913571156 481087125 1062280430 1964293886 -1043008756
-2102066898 1789831716 107180517 -1727060450 -1051577831
91769478 -1400279469 2067425092 -543686662 -1871643783
-794662364 -118351252 972069188 -894988926 1392572518
900329700 733051714 1974596904 279710891 211329721
129097219 -2033782503 393781897 -2055187070 840874043
836626884 -6748349 526469407 987903045 1198043603
-905472419 -7903541 -558364972 1309437027 987627570
833120941 -275448956 901645070 -1158694196 -249477251
222633716 1085041332 -1872221143 -2016771062 1306567763
952801894 -96213959 1569768309 1637120584 -644127845
1295975927 2131802167 319852065 97520870 -1206183715
-1088614554 -1127127228 1231477591 -1000271664 -1205143846
-2050995295 -31659186 956672136 1744011775 1852588455
2136851189 877011367 683308493 1868167396 -1222159209
732043849 -1671387596 22398382 -1749433017 -982290932
855553293 1443270082 14262810 -1631962393 1333848717
2064951131 1912953244 -1594088401 -165999042 -1560491835
1954120128 -59542350 765160344 1958583349 1444221257
1269842756 -91574844 2019944627 1800729103 -1935700163
511222251 83340128 -1785159836 659438745 -1529579557
-216220243 -1057955768 -848367969 272605398 -1531467164
-2136808377 -1169052327 871430147 1485557734 782694610
-116247348 790732381 858968057 -211908928 -1901204370
1404936955 1549964954 -2144802499 -1313788079 -1095658694
-1931884752 1736952629 -532840958 501980647 1371754612
1512774982 -1678402784 1021033752 1067809478 1335567967
-369656666 2115104562 -1136142450 1145258422 -1891609333
-2103825835 -561197513 -923523885 586560336 392603729
-333985189 2030960788 -190566952 495326101 570434621
1802567794 87719426 212250138 2140243968 475045296
834645352 -225710738 4837856 895388924 -1052693282
-276964218 2000867258 785624714 -1362639177 312709658
-378077080 2042743614 -840526800 1331155125 434521676
635551016 -1901062118 -208863481 1623957217 1458524789
-1465180167 1189268630 142369820 -1604231451 -966128228
-525657985 -1603771196 -1233550820 -505926523 -1669525381
886693990 1657655984 1179634549 -1086741438 -2058921176
-1557536316 -1472606074 1297039073 -1700848477 899470535
67409362 1415610037 -1914403463 -1400509852 -467014172
-512877457 -578592270 -1181807665 841635242 -1710781427
-1128114724 1351003146 469752823 1140786135 -2128144150
-558591818 1831010193 7079811 462667430 -477142373
-839179393 523961106 27981882 -250238673 -1511412121
475016777 63703767 1576283519 -444216565 39952874
-141097478 1581469791 -30048732 -1404582898 -464213990
-839576882 -706354855 -1995941292 -344280877 213350738
-2011810555 -790351472 -1504944567 -1264408484 -255615998
-1119345778 -1310817828 -2001579724 -94299825 -938047823
-1685064093 1067782439 590726162 134274239 -1257744685
190659083 1798662025 -489864187 -1525113460 1781486999
71017456 -2067301245 1235669763 1841048542 -58121321
1992572488 -1786724087 -648310462 -1912174543 1957033443
1747927299 1620600940 565793881 993440178 -677017409
-1767687278 -644247849 1711174301 618250944 1747594008
-280601680 1620762047 -54324394 -1303586497 -319595820
1160718421 26198030 1116236577 1928400569 1933710180
-947048458 1442527593 1008625395 -1310246994 -1639489067
130258507 1865662031 -1423050737 -587408386 557325292
-1730790314 -1218677286 1572708359 1959017120 1466427599
905773710 -2095247396 708029367 -929528274 1414805520
-797845950 -1591850328 -1015361366 184648776 313527929
792614817 -261759876 1583332343 -545776441 1070308616
-1174266564 -2043078281 -1141135461 1905508942 66045705
1279699249 -669025831 -815705981 1001690041 2056541187
-1507792084 -454665740 865763901 -1758293975 735169663
-2012703327 235561204 -1876691991 1193653488 -1590753344
653486724 -142755294 1090747536 1999341371 1818217914
-1735654609 -1913178984 -1193015373 -1596986445 1657557596
-1698318415 1291488127 1202948935 444261096 -1739135747
1406525885 -54162348 359311921 -856520648 871851519
1375599244 454096425 -1831198182 -405939734 -2010088182
-29088386 1521935581 -1222745670 1531623778 -598157367
2022645773 -1046992110 -466452753 -2017764114 1033394198
1905744558 -685475697 -1739681571 -86856115 1888283528
724838493 -1954082364 -268983747 -1356614791 630293809
327621505 -646785149 270896247 126897646 1094002546
1964545493 1546735085 1495555126 -8022668 -718084363
-937845486 1033085401 1064350109 -1618301136 -348337017
1038581117 1942798069 1198262270 1508628658 1049438635
-1265007199 1769640467 -325293419 -1347483318 1866744542
-637716188 1173706345 461301980 286182928 -1496001970
1897135623 609077476 -266735746 544011839 -865455817
-498585028 651506379 -1164884930 -2053042027 1857950635
754668104 392090331 1449864514 988495146 -1938390672
309127591 -1425547872 -1077716377 -1496193113 -1567500220
-442048547 893321929 1269242908 -733526497 1848414336
773997279 -2063731045 1022989818 768995408 -182821136
1121448545 -1609276652 699313321 1083394173 305949484
-610239689 1716101655 -1109975570 -940015453 -600342423
-1078041010 -912863999 24360363 717524747 -1197607250
653687090 917844544 1196634323 345087133 1330462966
-1373361052 1164181824 -1171850985 1608860636 -488416996
-2036080375 1749001303 -1505398909 1878023076 963335339
87546126 -477954998 1084205820 1118586844 2124964888
-1460904190 -7836148 515056821 -1264685204 1364163970
-210577532 495090180 -382355853 -1293578931 -1334569405
-1662163999 556133614 -2034350811 -1075367906 40601416
269166092 555552571 -1914616823 1943521509 616862124
-1269480055 -1766069500 -1302278402 -849532756 -858507084
-1775396196 -2067292597 -1401159641 -626142306 57296694
93594963 550236686 -491825909 -231388761 437459815
162649484
