10403 288 -60885290 -1603516190 -2024485427
667424410 -1972136583 -1335506265 1066668654 218536290
1722754136 863037455 1894019972 2044084695 1085116845
-1241044918 -231106581 -897040081 -1732219112 -159758464
1629851374 -542524102 -384693275 -206899036 1856952160
277046970 -1262261804 -1536013361 1707815106 -753039193
-464457852 522273618 154115341 906014505 -1507051180
-1086735060 -42490370 -649530335 1991119687 676377190
-1032171898 -1869183422 1724616350 478798088 1375531156
-33054939 64236450 -1240308330 1642265913 -155115333
1354538647 223177321 -1922282761 -1991813388 -396222890
621195285 773348515 1927681353 -1723320706 -747645862
-403219298 -1948080460 579420681 1250528770 -2141187689
1763899796 1099842003 1282317047 -1713295849 -1950564996
-1058606781 457241019 -1313582471 -1739862857 91761560
-1018515379 1061260849 1881950439 235379982 -1122236000
929662118 1872201952 145810354 -960249748 -1688059089
-506787685 2128848633 -102193651 174201945 -1802680594
89082816 -306332607 1753625014 1239992077 -1491119532
162159528 1048969984 229868365 -75449011 1994982387
630039245 1852521645 1293194179 975709485 -1122453322
-702495642 -2007603901 -865675642 -489008371 -1919905507
-1009029888 -1198551000 1205960413 1130863404 558497844
-493667792 1905947945 493838217 -663676978 1142945521
1100373319 1079736149 750096826 259212923 -688548237
649162995 -612047266 2058711548 1635621999 1124259271
1945587734 1999386541 -1125839285 1634238060 1218073330
424708366 1218093599 66661270 1056289738 1402131113
490437169 -1988644503 -470469679 -296565794 571159772
-1647470677 -926455456 442911293 2145293783 -1015801548
-1563865771 -47045396 114549941 94175382 -591502167
1327761204 -2056704539 1586779532 -668510521 -1905154515
-1868000404 -1742926463 751178744 -16447270 -1262683876
-1769131765 473965785 576850974 -515934199 1728622150
440168789 1319264266 1237265649 906389814 -800437053
821804398 -375716355 -998483459 -1084650178 738149187
259377235 -968607031 1616082413 1823586549 -1830584958
-1881743521 -1789625884 241063173 35702350 1198304035
2091668545 -2138685949 -833937302 1152830416 -1333014075
-1380287505 -675910221 163456307 -1952096375 1677630424
295995312 -1886421104 306380685 -1028952311 -1306750219
616487070 -1297486987 830456536 513262077 -1925118764
623096696 1402060000 -1283494475 135048091 1527821361
301247939 2137249185 -1402632933 1681057624 1053712047
1947532952 984695642 -1146579776 -402083110 -705272960
-945991442 -1314092269 45940847 1974373615 394300837
393931098 278553278 1889321237 932220043 -857620614
1534550184 -1682428376 -1139171160 1029586855 1999541082
1507050870 995907888 171194265 1267989845 -1598959637
-1007946059 1624060209 -241225758 1290963014 -1781811354
-351206829 -1674572049 1527265134 744184464 335500834
1195773532 -206624695 -1780617553 -938279931 1912388558
-505938158 -235323227 1752872705 -915269612 -1543435994
-1285320014 -1543411183 -675318686 -758008116 -53193781
-890265049 -1876043134 -502005670 128739873 -129663349
1485125620 -997785559 275669825 -626655177 2106097766
-521191908 335674305 475320607 245314708 -621398800
1320768456 1412234738 1281236781 -935385057 1576169231
-1094169197 1551756449 -404940624 -987362506 -2084430795
604547814 542103405 1191543667 718687191 1562461973
-955666531 1160660853 -400651550 -896157205 969572488
1743719414 -1818293895 -1792528945 628716598 -716427595
-1365949693 1003707118 -1720317021 -1420003582 -723386322
1282570169 -1178569212 1088732896 1857212751 -268156829
2116727303 952560374 1264556609 -1511678650 -1792099951
-1031715562 1847897506 1729083965 1592820266 1068242845
-854625759 -882501105 180985763 -1136928855 1929365776
259946050 1868602452 -1059878966 -194036507 2086970826
591608528 -2032941909 1101242475 -1692016801 1373627562
180113723 757209488 1925553749 -61374766 2096268938
1383458955 2037266857 -1111510486 -1610501964 462138718
-1742189353 -1814036475 640930480 -1129166300 -645382984
1625740393 -1466944821 1540542636 1994096315 -1443002866
-1256493847 2001260409 4091500 587605151 -856909308
-512082256 -1468472926 -1989980926 -1107539285 -415457549
-188148046 -598405441 825545286 -1776758542 8199467
-506241399 1672851266 178710753 734495121 -1128877353
1123278619 2069555766 -1347987021 -836379829 983190268
-826518769 -1144552894 1392288493 1634181683 -1181698705
50135878 -1838221968 -1192250934 -1766578152 1089931064
-1944744412 970221679 -942354461 624712618 -1309560852
252753718 -1289095509 1800534954 1418761285 391808985
-638673956 466747308 -986118232 437409537 1261241110
1627248131 993900904 257674019 -2043141366 -2113869898
-175321069 -551178287 1241528525 -1381782483 1229252553
-1400182335 285641327 -429485591 1647950275 -1682542706
-950767179 1027118589 -1864411056 -629640375 -779562450
-674841902 1576334970 1864456188 -889120850 -116304847
1345019167 1113493760 1183098652 680478527 -1520766173
291547092 -363232767 164508103 458741482 -653354194
1657364168 -764516783 1371227951 -77039432 -1336813505
-964964915 1991890050 -1551492917 1425695926 -1203740288
-1399770046 251463216 -1717512251 -627896675 -1554380060
116938402 -1126156293 -784331005 233219666 -2073351527
-1838063059 2102664953 -1699584540 -1983838276 1974286694
-211779344 68640620 -290968340 1259612204 1320680709
1226903949 1021761502 -1129786534 -361235571 -1659152079
-51201177 627697800 -1415474520 -647731464 893199325
1495094212 -161738568 976165086 1856822795 -1905450771
-84148759 -1897092697 -1675322224 -764914026 695002855
-1576008602 1395445706 -314063353 -1503460650 388901376
-2067870067 -1446348167 -220003833 1004584777 667340476
992710615 -755988298 -21163472 -914437784 102635215
-820373690 1685113466 -1479927646 1590302909 -110778891
-1873473966 -1090859505 1209858614 499069173 -277792416
-75007210 -643480724 -702873119 -2038068405 1815115499
1403801981 -1344682870 -1910936592 46472979 -354469214
977691147 2048181119 -1328967835 782074690 577402808
1489895247 1183912172 -1965887546 1524674858 704594323
1525828570 1356930271 -758969654 -1346661272 1439742749
234836784 1011656907 863514462 -1155197250 -665816027
173481763 1357217456 -242009519 -1104533573 2085609390
2138165503 896415384 2127870488 -1289895424 -184069993
1312033139 -1606234482 -898387193 1349083691 -760805719
-479462282 1746907274 163976713 -1540660059 1002815895
1147074762 -167498239 1237431824 -1898882468 1041815843
570895070 434429706 -2143756127 -663019394 -1007862098
641684081 -332672939 -1355687479 649607580 41346725
2140993294 -1830983519 -259283827 -75380732 463922601
92370494 689448007 48074680 -2128161789 -1528911406
1048846636 437845312 -1921214496 1719284565 1878116812
1287666225 -1266005129 1550980630 1234614847 -151623061
-1633745993 -38040806 653169465 1337886884 -538102472
-1022361114 -384210130 -558081795 108135744 1265013334
1014212373 342867377 -1508112987 -1870588891 -472602553
-392473741
