10403 288 -291431425 1754584915 -21681480
-1255023052 -1109601880 1975851685 -173190755 435282154
673267624 1309822522 947496549 -1509716626 624694602
761788490 2045099609 1963759238 45702047 -274062515
2143048475 -977536047 -1059122851 -164286961 1870158918
437018576 -1208796593 -1416718218 -1439387725 -315569410
813056129 1189680723 -2119675077 1983979797 1949249120
1901346280 -1270548007 1231812661 101052735 -435850898
397468937 1299745606 -633810659 -143853623 1833766961
592744849 1611708592 1516106803 -404894090 -1022511515
-70360120 373707993 585693109 -1304377680 1314895304
1246434712 -1446060887 376886546 497803988 -2049911930
1748902299 -1860647037 -317042682 476942696 674286036
-830433531 -1588336885 409252091 -2023762117 -908558604
-282028358 -1748831831 -1108858672 -790873627 1241018150
456787541 1241418498 -1471539033 -1104774568 703516676
1860837331 1191446566 1635807846 1775247366 -1751635285
49310757 -1121994969 799881909 -26108345 949413476
609034906 919800996 1296498113 -2083376760 2102869654
-331200523 -845867434 972240159 -2080418751 -1048069852
-806298314 206499837 110039707 -1865905811 1478061091
309364107 198122296 951606189 -696607614 145889168
-464788132 132680417 799937964 61261435 -1472318734
-1682853875 -161646093 25040845 -167863875 -2011331187
-2066601511 -79887420 -141434809 -4041093 788453172
1455725193 -759277543 1618394347 -674453850 1334566659
905780795 -1515883190 113691590 -110780236 -637914766
-741889740 20481338 830497132 -587142628 -1365463938
-1534935648 914015689 -1003290510 349981550 -1084630369
1235934651 -317557977 -2054744410 1401457514 -1414641895
885098756 1288688852 -190298025 1247110786 -112946011
1120470084 1177160993 842998086 -625911641 -1004219606
122928614 653744747 1178421489 1818235985 1943938547
50815353 456640114 -1766210160 -808358844 -1844059639
-606571998 1670388355 -209710101 1177485485 285359076
1053951540 1670370661 -1223129726 -1053826177 1978959958
1697619816 517740213 116098923 -1740817695 1566252714
-1797413350 2036967360 916984517 1307394308 -807123595
-987362581 1258602177 -1331495574 1151316239 1796500249
1836454290 -805467802 1235484867 -1690458914 -1755426644
1958321285 445419845 -1274010038 427003750 -278935038
-459378168 1215536293 -281237999 -1061653805 -510024900
-2110834521 1938951255 -1273041567 -1107995838 1130296266
1083313640 -1198994118 450921328 -902642021 -1911057688
1717259704 -1314034328 1058656115 -1776081212 -1158098094
1915643398 -409679577 -1904186188 -13077405 -513065109
810458480 -1915013580 875940879 135990260 1229329328
1546636009 -1270878763 1214097969 -1005249323 -759408704
-487520155 1551455930 -926074299 -1955843736 -146061505
287766228 -1768223626 -1865028276 -320475955 197280406
150111078 -393128974 -887182305 -557316157 -1289081017
-222739918 -1816965529 491637558 -22665488 1365788459
-1990482011 -1258513100 858550472 -837032799 676168973
296067531 154518478 2116603165 -2009156020 -529781568
-1357384157 -1209673314 -1749947201 -1050394540 -2023202157
-59189201 -1293884988 1282644770 -1230309456 1099637364
-564063579 531067355 -789918957 2100016593 1483519461
1304192261 -2101469555 594706506 526699483 727031864
1480147195 1050443954 -684152238 -590057463 -2002867263
570129524 1769371914 -1034835972 1089530262 1319528223
-1580083623 -1185914145 -588685530 1547625763 299855405
1985521311 1479594170 -282107138 993795667 -1660199185
-1516916361 -1611857901 1796240924 498550193 -335037291
-755233045 -874910000 1389250182 -1595630788 2021080205
-291753929 1111699119 394784961 945075490 -936019725
-1707336 -667798300 -1744958033 -63108279 97618452
1738149157 1176301717 756999947 427404542 1439082994
1519806474 -1985689537 -123036058 -1294893396 -661027056
2053822185 -596026406 -538655188 580675423 -741903223
68814935 1137850847 677520554 393918196 834229329
363336046 573711926 594282258 1954105377 811043870
-1511876813 1170192616 -1017318070 807433760 -2061105594
-774021547 -1571751998 1498141314 758671852 -949792774
862070345 -1209897664 -816084384 2028492211 -943924950
2058350140 828804443 -542971697 1895200142 -1772406651
-171854673 -1739844582 398557195 -1497887170 1661197812
1714063313 -867804480 881643708 -1608352280 -1688865325
1982232285 1486422716 -781085868 -780740398 -924102424
-1030393891 1360641908 -621481000 -1174244385 270432780
1356223229 -914971590 37234325 527359404 -1681691364
-1062913398 -1230297185 1775313623 873968277 -1704156716
-1672342341 -1252758391 472117397 1574659932 1170235744
-1334090040 -866510099 7407941 -977222172 -2130430450
-4507132 894039252 1752479382 -2094832644 -1443872716
-1442579588 -1886378486 -925218488 -786846991 974000916
617830598 1360640819 1306201181 1251359064 1760291593
-1937894415 405939716 -913595548 756362505 701500487
1558796578 1911974408 772124831 -1145878991 812457285
-2048689824 -1460055047 1358146962 1539590060 362485549
1317259145 1822176207 -408072223 1182702728 -1111766833
1485034174 -308702044 -1483464564 -1320005615 -1461373573
-1084331150 840890413 -189597397 65824510 -1379038621
-1543685302 -751410462 918531997 -1474538632 204531940
-1325655168 -153551769 82329308 24624061 -453253211
-1786423739 -1741893930 -1784197958 -1544347897 2020640148
-607723109 835968719 -1436842748 1037187640 -893997920
1077805198 -107429002 -1649345486 -850351756 -1301338702
-657876939 -1497181188 -1298874365 1756542220 900217869
977333535 1835300752 1629424205 991700257 1713568585
-764520874 -668129534 945157593 -1019985346 -668589889
-2097550044 9187922 150053849 1587699935 -1549806557
-975965887 1304213322 -564107386 -1642200491 2122820003
-843796114 -446604400 -732565134 -988056148 -1666785041
-1475162905 448091967 -13926196 -2005996840 -527767033
-831500924 1933102978 -1255156139 1169850617 1356608535
559587492 327599291 -1032793983 -1148092529 88230174
-1504012997 987966716 1966453369 863063028 1529970726
1206016660 1591344233 -981201864 -1528860384 1561757502
52693010 -809277895 -1638113144 -1118139376 1990528170
-1237473514 487093585 -329221065 1557918271 -1148013163
-341403922 1538949648 -1951015710 -158635225 -2115100798
-654453927 -1299670642 -2026503394 -88441325 1062246110
657270316 -714365904 894531935 -249624847 980972887
-1315554413 -1267246454 -1509967767 -539492067 -384844120
223416596 -1485694009 399660299 -1487067771 -1325819337
-1097116421 -1967310482 329707556 1684117540 -1408006873
157159082 1677890218 65605909 -1239771110 239916367
-777819519 1287446845 -685181450 -2077108095 -99439114
993738772 -204970299 352350654 -1411629700 222785653
-720039247 -1395354608 -279290074 1745701561 -330964068
-1045107905 -793513535 -1991704755 1390778213 -724573650
74534315 -1911931451 -1418594896 2039311275 647971090
184257514 -1395226167 37537654 1233644248 696863990
1615197677 -671493881 -339080423 108312366 -964723203
1296288127 -576677529 710946827 -49177853 -714837267
-1321803636
