10403 48 -483249679 -1182457817 1884779433
1310366417 874730036 -1010645560 1032371861 -753597171
-592117518 2145014357 231853692 -1638398072 1143035040
961691628 767048182 749657634 -1346769048 1469365971
-1711296990 1399252695 -746769183 -771146032 -794201888
821243665 542262332 451197225 1374561569 -1830984331
-1264945563 1636044223 -1224377065 1458826619 -341841458
1849236519 -1013495728 895463720 694594080 308707731
447305297 -795584907 536888434 2029902709 1229861687
-2005286983 -524928836 -2001790532 -205806537 1410087366
-1874213098 -690257994 -58012259 -1238618739 -32516212
-454674028 -254211968 1802705096 -340613404 -1139019057
1624991224 -663596890 -1944371721 -934061912 -767279553
-383362194 -1116477694 963616568 591163094 -712728689
-731117049 -1358350292 -704813144 -1829870860 -863801255
547206155 -326934122 -184566516 138634556 -1755185773
-408027319 -1006870864 1929369965 -667629212 1251730916
-1792164732 410999346 8908401 -1324019772 -2059786034
-954786380 456832219 -214559931 -385920989 -1265173559
-579298679 1660984349 1372967231 242455787 581298391
-337890011 117718383 -1478772515 -1311632721 -364777802
-862702396 -615059761 1621614864 1139676103 -188181166
-1511843356 -603788499 -619930951 -1366217542 -1290409276
1266690335 18009433 -48240329 -1230210201 -1420441404
-479684942 34359292 1332789185 1348543772 1994312832
-1005741661 -1770555285 -291804555 443404013 -1991265259
1597064843 -1109025592 -498736116 1793312628 1083700574
222723070 1594007219 -1206774630 1639776205 429131675
1135263665 138955400 -605844616 198733634 392337235
1651082524 -1799058243 -406377545 1583875592 -275694892
660782050 -1541928138 1105718840 -746145321 327270705
-1637287342 956761295 -1496870570 1085118325 -1632729527
-669903893 -1066323786 1719727254 -1420424332 1165974566
-1551666104 -74956356 -401345020 1393507335 348796103
996548012 -1959681712 -1373505737 -2038720324 1684931688
1052656919 -694864458 -1120132294 -1975085109 549921169
-25152421 -775790134 1318383689 -324717551 1527173450
1898098961 1514482274 -863079459 1171830715 -74033459
455448130 -486682708 -754035921 88792916 340878431
-1362052230 -911798959 1737804322 1351818126 -990636267
-351930637 1862542295 308659475 -1243551030 235246149
-441079468 919905858 -743826119 1746952938 947273232
-46212381 -1542404584 -1133916747 -1261657405 913138298
1788862923 57420331 -818311223 -1890539904 -735023425
-855858885 -810664647 1369161898 -513391784 98733743
773525847 -1748718255 -1382752102 -916494932 -56963413
762194724 -1216293210 1700341347 341803528 1067697654
1678647872 838711513 -1057108680 1780488846 1019700907
2043538081 -1983351811 -166694023 -1257148480 1264462188
1575862316 -585858279 877515543 499745165 -244033541
-87448034 650110994 -1016472069 1252759509 966187040
-2005985174 739062663 204766329 -1426568630 -1173731685
-1259003063 1751039020 -1545862310 421340123 -658889959
1214810507 1264540406 -551898188 1392603813 -219065432
2117501810 -418148931 2078488985 707544467 2099275030
780937804 -1471110512 866312117 881157664 -1539672246
-1119910516 1815148535 305091374 -952538857 896498421
-1235263073 1738357079 1872703684 -2048911439 995567232
753497727 2105772933 -656891234 -1163659062 -12555917
981007328 69099445 -1458586337 1521879467 502393024
-1385386681 -410894865 -1407408738 -2074751339 1493245168
-1217324643 955635168 -781801610 2128662132 1312209283
1664276430 -583579346 1065000339 1369374803 377618864
-1495959108 2020137508 -410654075 442060892 -332239403
-1975033132 -568514382 -1530024641 53484064 -1214832806
634404296 -89389932 -576898999 843912564 825862888
-1677879939 -1598538042 -249312031 -1104236287 777416418
399940516 -157319565 1969319161 -1228228028 877577336
-1134150824 725844385 -758277902 91370541 -1276079561
955315345 -401046896 73781344 -841291671 1761361817
318494025 2055333640 -1005905456 152318670 -1818265833
-562280535 -1871178977 -317182485 1692712650 -1173782604
1474097508 -875475744 156479187 1229318586 741089998
-1928209630 -364608897 -386924389 1972681890 822301961
324373578 1721454609 -1097614384 128001023 752818300
-1926772502 1146338313 -2045498432 1497329541 512334483
-904886345 462119406 1689720645 -1427770272 576438871
-1680129864 -345734226 -1637417577 1961834270 578207396
1418588002 1383174086 1031223618 -1415765921 -519729893
547365165 1043235183 330619949 -1299301678 -1553725403
-986912529 -645281379 -1257547995 -1769407111 -168051543
1333253356 -567905376 1065318792 -685138867 94679377
1451937870 763235695 -829744419 -734629398 1377341241
-450291659 560535324 1716111607 -1532573053 -1302073369
-1756722124 846747902 114267986 -1463344651 -621983615
441460975 2143781755 760200978 1519182863 -384711915
-804521179 -2051531083 876604452 -384858940 -1190207601
-1303811956 1944715480 -854494428 -1199612833 -1035674610
14683307 -1208159940 -1959383370 1982024101 111093426
-1765082407 1997609878 568199247 -1778845360 39770079
1169552803 -509649001 -1924315884 1737398586 -1329018428
772586437 -581339364 1755775327 -1581676011 -648500322
-1726881240 447471661 -1721233245 -298264117 -2098434778
-2018109602 -21246154 -1322305745 -1791856327 1897898108
515318921 1992441544 301040290 -2006390645 -529321934
-1439322540 -954481998 1242660469 752084245 1218529518
319459220 -667365900 -1678706955 -11855939 259368327
270387674 1593208181 -314909229 -1146953009 1205932149
-2012005873 -1743441904 2005953078 1986904487 -354296026
684997509 1343919423 -1429058272 1950089639 -1398061379
-406874056 1107322457 -659092721 410372970 -900285109
1536014244 1486538334 -1030636862 -724879592 1540469475
1428350424 588803509 -434362562 1867241503 -1202542173
-1133029800 -229863840 -1187034576 -1216340684 1184247605
-902362798 851281430 -306870760 1514705492 1325413542
2134223676 -519316337 1395169451 755622224 -1012373747
178434634 1427763532 -367558376 2011536132 -431028701
-469381105 350613089 -569211545 596999215 -1225921061
-1362404927 1798935896 -2008370333 -1774748665 -960780819
1118713390 -1855466763 408666666 825618719 357747032
255305353 -330562356 -220107536 1514070794 -896970956
2130334068 -1351756739 1997396210 -367125871 1891273234
-1592878509 1794633865 -1958002390 514456249 -1756740335
573420781 1885791868 -938558114 -301968869 386893941
1815420298 1958497002 -1743861263 -147842893 1306854983
-1801691697 -2037270403 -466804330 -1474117617 34935875
-773403358 1159609142 -617637824 1499236529 -1066454075
466198431 22711511 -1410655148 1078850718 529314831
-731198828 445369738 -1630979395 -821479880 794970980
1828418554 -1344290770 118142598 700365706 1107780191
-1645011456 -302604336 -544326541 1221476797 1837073125
114549799 -1437177625 1813981118 271474950 139083149
-687637998 2046700101 -2138179500 -1661456837 -1308539760
901061800 -752857781 -2000174162 -686394172 412741365
1943750994 -944369386 -1447359746 -2107511203 1964849099
438276853
