10403 432 509844191 31612094 -2125093636
2044254287 -153473874 -367478696 -1499657232 1351897879
1078183156 -2017709600 -1276028480 -478433368 2089742806
-1743306300 -1757863950 -206354311 330913479 1948499395
411915069 -1263677992 1550197512 1265753739 991716707
-2044129678 1017757436 -1027687786 -805480481 -347896720
1340666719 1320661488 1949445596 1830408145 931749756
1507260775 1541840592 -1407601486 -459394463 2025570698
342038007 22885199 -259848137 1336826656 -489121880
1907534983 -405685162 -1748590809 377064720 747413522
2034778717 1450079105 -417742810 -1683470122 83543048
1796316931 1864349887 -689893465 1330825835 2136272071
1720739352 -49918324 -739169425 -2083557873 206095767
1358998194 639226223 -1341771207 -822208103 47206392
-1915176893 1913359141 -1281064071 -2061922460 -955641827
-1871269445 -967664505 -2103903473 -1072945976 -1301973234
-146697992 929392886 1935400162 59263441 259578104
-1130024870 426939151 554921384 993256628 1182587070
1128489962 281767012 -1410513537 1873129748 511711093
-688941485 174619721 -200382205 -1735451155 -815731990
-1442953891 946967348 -1954660238 -1537945312 1676723475
-1424725440 -1752565471 1267743994 1095153565 -1036914426
1065995163 -691111597 1111821675 1981112235 335763686
-910467506 -410034064 -977347780 -2083585782 1076165988
859234362 -1616434120 -799101193 1831318188 975575719
1127406510 -1637744003 -1843723773 -422889776 -1034169551
-267334726 -95992763 -565641758 -748172665 1028633493
-67424273 -1439067105 1135508330 1275297747 -248548833
1441933855 146295255 -1852702454 -1644429350 -1819095754
-1765074286 -416813443 -1180200998 1488362795 816916994
-2027806143 -186266116 -1135733320 -1407186240 2027181840
1835120552 -1694256989 -715816203 -1094027683 250524053
-285044482 -1413880644 -549578544 -360398223 -2117313787
-1395773621 -316018659 -454402019 1488098917 -1492455798
1593796034 -1394120161 1398095894 -441530652 -1510594155
742941610 1803738177 -109970580 1916730757 285645492
142453857 1819184473 -1361243437 1195438138 1905760668
-1150839229 211639999 -2109300366 1690364574 1582633079
108907030 503735313 -736219490 -784647347 -760489486
-829088141 -189629652 1401101170 -798405572 375372968
-1111888533 1043849397 1074604508 -2113541769 1156415650
1417215328 -1571069933 642641489 583689667 1076758241
-1860829319 -404767725 1358523343 1556127468 1846623609
-2032072717 -1517202802 -432507764 -1834292466 -721989590
1984605322 2129175682 -1184698135 -1371420598 -186695295
-719831064 -168256538 -445725952 -1732408662 -1655256772
1613953035 -980294065 -122281682 1463784380 -236932328
-403685179 -125073332 -1048360570 838190064 662871548
-2084218819 -1437656639 -1116265686 -2118231690 1111211593
1182040839 -340064906 73270817 -929084241 -1778137971
221389945 -820976093 -1038604959 -1756639129 1903842772
695705554 557488677 -1293947618 -592900961 -2072712940
1922105122 809328539 1818592626 1122217602 -1287895942
735835530 -1879904956 -618372686 -1139089413 -1354685224
-1152144334 575286945 1386210479 -863821179 1681898336
1223542638 191185927 -550246959 291677631 944153198
918308886 1983724485 -1830823298 2094973730 -1959676029
-1287733053 -473718984 -671380820 81026632 -745797317
-1847076854 1276496349 924610503 -1332997082 -1210836965
-1619593875 591043708 -519402330 1237887879 1227122436
1930997813 -180155766 -1737195319 1579817670 -815634673
-654699064 779112654 -1868988918 1734180479 -442293117
-481660772 842692510 -1261646623 217920680 1212968883
1737712819 1928079354 1419702031 1108130841 -701192110
-764691772 1780013408 -1089933901 1995785811 716099138
1560532724 -339585781 855078283 1274794458 1328368837
328568157 -1199788772 925498749 487877292 490220984
1297986802 801085312 -2052501215 -1189093247 -1700363706
-1760591875 1109504365 -1429245733 -840499061 628907592
534557317 -1618454553 -2033268357 1129133435 -1950377589
-465643930 -2067437716 2113234728 2003405747 784528273
584401315 -511803437 1865923088 574125519 -71543719
1513660515 -702848229 180800495 -1108685959 1415671101
1990914079 1168831329 -1166579552 72622931 -7179811
673855025 1676707613 -599192772 -212601839 1251159901
312751878 1624985504 -39900579 -1098258295 2101591751
-582551860 943114485 1786927267 2051498525 1634554074
-1168628725 -531705870 489225321 1938737457 971585110
17063956 -729654036 -670752425 -1787029220 -926537293
2116102249 -721874141 -2068965838 1759768698 2059226770
-1715769157 2031888394 -165931229 1199840131 -1935820644
487688036 -770361747 1965007145 -62706379 -1074846035
-126007878 -1841809393 1489659554 28931728 1056579904
-1875232029 1083174304 925678090 1215569074 1766101517
1307518954 614684409 1964781963 -1891928823 1076213951
518658994 1920470762 1165084548 1864397054 1749797901
-2064877875 1751931329 -307042001 313570101 728431274
1603697893 642358966 -1916489417 -843420609 22221984
-776541175 -1637979233 1647484046 886003390 -434559606
834652383 1918063820 1049415259 501049409 -894993219
1610818997 680319517 889432897 -845064832 1318595918
-1712091094 -766613348 1834239781 1215129640 -868927030
-1924140210 -230138560 650622019 679755502 -1992311511
1789490445 -1121323285 1771427907 1809569476 516400239
-941022921 1056197155 577099155 -999674571 -534930099
-1294626329 4544154 1283827880 -1398776520 89595738
1495023879 -900490154 -886419073 189574594 -1783306346
-74959039 208977349 1620536238 753946878 -484958879
2101324963 673096485 1243411842 -1396696644 288696880
-620230473 776421930 1328186810 -2088151689 1969448731
-979640880 1537370238 753470964 1165101681 247669807
-1401705630 -380561500 2127685838 715057807 1376926996
1130712073 -1274618170 -572435722 341456155 -583433056
1350465829 -805096656 -429931872 -343703719 1660751805
59601745 -247446738 -1737101849 -1548558713 -264741423
116525409 1655501536 -1482504481 -441986765 1870580754
903210759 2118705121 -1361676793 -753939789 1219100922
1120494120 -396396641 -1567056311 -1857398852 -1149625925
-276306190 -18538365 1399193333 -1040372763 -589600069
1663916425 900796657 -908765749 -391853303 -37821650
-1516436002 -1335346999 -190862049 587981823 -1173125623
97958464 -346642471 1270072788 -1596305234 95898842
-1273745143 -42421865 206679724 716027107 -892958277
-1775013442 1131020146 983833999 1265163986 675237181
157708469 -438673236 1959605148 -464949463 -1204480138
2033890793 -2072512125 717688386 -1492187747 -81490943
1183268866 -1058021952 -1726861216 -370166191 566482707
1420754473 -900457431 739871072 -1763881948 1499274665
-1762508786 -260577230 -1086417094 -385720247 -1677358119
-1685778283 -2047751477 -1420945342 -1506802841 1136589532
633331815 -569594197 -373109796 509296912 -637983670
-1001351643 -1788719122 -1158328417 -925517571 450830184
2097173988 947483054 -533246536 -577253784 728266656
-865663518 -488716273 914715640 906349508 1733902237
482515645 2113198315 730313551 -385511513 277359277
-19231286
