10403 432 1289169057 -1858147494 613222643
334999143 647989575 -2004055898 1809195098 -1979778462
1731735465 -1197606607 -1704566389 -624427961 149110542
662752080 1992280942 1511803061 1372389781 -481410023
755418769 213748226 -814131670 -1110040803 1674055228
137332254 -208289644 -136461565 -1757453442 212444515
-2004953651 1475590775 909331431 1325241047 -1687557065
-1652087508 1162605922 -1414918550 1551988408 773716743
-1216288237 611645969 764209056 -1379309832 -1212941486
-44138810 1123780574 -1927647795 -1755632548 564777385
7898225 -658276681 -423789630 716516040 -277461426
-1713087369 -245375076 -1967930505 -565001395 -915381783
-1231873188 -490078871 -1856337873 -1111942888 -199030833
2011986087 332019927 -1807897909 1203698463 -1870342623
959832162 1750460651 1300382910 -1931868188 285524551
-1544880894 1195200354 -545683845 -1935884141 -1955475490
1022216816 949622433 -1579920602 1934341301 843835859
-505606346 -1482212364 -240849740 -2145791418 -512900323
1690770706 1613442898 1940895034 -9637296 -189680854
314057268 -768198751 415695152 -82134789 -65257108
145718544 1319030590 630373215 595990852 1983754422
-750322842 -645618106 -1123634407 -1774739743 -1934167127
1379297692 -2058296737 -1918660761 932080248 -425758279
-968747928 -992570841 1745250346 1144357558 -861972091
1127050726 -578391238 478814835 -744641093 1876407409
621981567 -407774775 588425836 956473527 -1032688783
1420802160 1242638625 520523773 -975361322 -947068871
-480247732 -520432043 -1310448497 -941459914 -544291342
1086499804 1382440333 -904985936 -156446996 -1306093023
494792112 481134515 -484393010 -308518224 -291777791
893652332 1707292104 -1648843249 427364924 -1950224323
-931840794 1824113259 -1879100261 1236528934 243967801
1093541156 1047065515 161217976 831367478 277597300
-1437998251 -1625859755 -135155055 -43625912 -563841841
-846210611 26629607 131938152 2107273384 1325382838
1755076477 -1012866147 -416020588 -680394461 -1228185514
-1513572292 -80532186 306547281 -1237647736 -115591433
-216091242 115883369 -1454829460 925612078 -1528550983
-904653328 -1863907484 2117799725 -691366922 -1089370143
-83097914 -1257512241 -463892247 -1730193255 199562825
890756407 -1653607802 -818336042 808394045 -1240158601
-2048568587 -1705334847 1700570779 921695485 78494456
875007039 -1680645385 320783318 1812086155 -1743364647
-1669040202 1227362179 -2069514382 -879442388 -1471289912
-1084505844 365682660 -1598201275 -466506830 104838131
-75247702 51493347 1109973741 -2109646788 1430331274
-387024856 369694931 1537912540 -916794382 -1332099111
1707310988 -1871668887 -1558411915 -335650436 -378462761
-665021243 -686087848 1090751534 273945484 1955138212
1826714941 -906357499 -852994212 -1038321688 -666525596
747285234 -1423640781 805311903 329190245 1827366123
-417085738 1273290441 -1281279674 -891122143 -1112240272
1447059956 -955315231 -439325914 1455218025 2044122218
-1524099993 1793402265 -793962818 -1563297978 2014968229
1156097182 -1246407983 1199084741 313868192 823262891
321499889 -2102778804 781683160 -751061730 -2055656273
-1811993504 -207081040 -38853783 800224878 1164177787
-751111264 1880105090 1991970766 864909670 -708428520
-826800031 -1529990692 -1602485689 -1567554526 455121364
-171405982 -866272796 623635504 -1369460300 -1507798391
333887811 -1224444247 1340585049 499510090 -2068184601
-1678965141 332779612 -1812424189 1461678501 1257574792
-1637778987 896266605 -813895956 -1708998402 -355039495
1157547539 -2135770914 1288932963 781549073 546037531
713154732 1828431822 1008014606 -1962354075 446100263
-919602282 -1064286681 -1850139640 222581738 1024489744
-1301844443 1459586243 -1579490982 -1253364353 -1061307142
1859609315 -262773458 1969206775 -1642212285 -472704133
-736076323 -55624672 82461435 781940347 -398580356
145460802 -445339465 1263802061 -870790377 826866040
-441136848 667479700 1321673928 1996309059 859888708
-1814498423 -2085465702 -1200301343 1310516694 -1934592236
1459862402 -1696121861 1666732782 -378725264 1526854763
389359991 674827039 -1356907272 1296186914 -412925057
-529213942 -813125250 22119714 -2049153230 1016884887
763189287 1430419183 749716531 1235157739 1892710852
1360377367 -1755922057 771363662 1623716259 -1970030545
-2109617735 1391427137 -440914184 -359782908 528571163
1073740330 1905532099 1766907244 1441415130 961204894
-308684481 1867273455 -1905472594 496335848 2040064166
-2113056203 -23390805 -1462484458 -1500317600 1506157761
798152919 -416817673 1335735935 426319402 -2022103465
-1396641422 -99258407 -1135698729 1365211010 -1553849755
-215559701 -1115760078 169113968 354450335 221396782
2137829789 396118328 1869019412 1948169945 -17142159
1817559434 1833039315 620757798 -960489064 108660425
-1437165265 -616813445 295387429 826159292 105771429
-2117410102 -806397798 -133870012 -79302667 -848242859
-250872855 -1868381956 1503985931 -1567565778 -76748682
-1494052816 216413535 139614114 -1169811878 210545317
83795158 -1676751175 -810861169 -182232128 1140947863
-911553340 -316571361 1505632184 -694204554 -141005257
-1886830314 -454101556 -381108929 1882140704 1166385963
65964510 428706277 906190535 -866084606 -1972756671
1200545444 -122330568 160497003 -136411958 812784794
-1397491264 -140112387 -1652092539 -1337864171 -13634332
-573998831 -428689827 1497232168 -128554175 -1245121985
-388836311 1039135167 -456934764 17254872 -2094916477
1879531145 1023426351 815331377 -1334273017 126127727
-538259123 1882512567 -1464983936 941552212 -1953359486
-385166107 372937777 -2035680167 1755054646 -689488724
-42872081 729599750 -1854613900 18912419 885159399
-1814012455 -2102357424 -159298132 1227523297 -17021678
-1394626873 -642488658 221464513 404220218 63504440
-333978813 993384074 543215031 1134334313 915259885
-546785834 1515929338 -1587108459 1671626251 -462849970
-910996867 -528152124 -1225047260 -1196988287 -130588428
-1879386170 1334735039 1161938292 1274466453 892578005
-285614207 682226556 -112362575 551638750 -1353877111
1540759017 -615963828 -1352329915 369809539 -33358224
-1433133663 -928952736 1456575393 1840542742 -1538134810
1502937224 680790267 447577439 775407915 -1385473863
-592043316 -1534618518 -616511840 360157202 -488624405
1801588389 1586622436 -490655113 -351102623 992677831
-998888504 1225340844 1910595401 1418896970 -1083261723
-1146014356 2120780746 1623472245 -91843801 1923213375
-835327066 -412624316 -526251875 1300394545 -112298514
1303615422 -522863629 -371600818 1279623581 -414526547
-1518776663 -295705740 -404727474 798071220 -1591418128
1525055715 77654312 1676485705 1149067207 514117219
-977161357 -85729528 -718153898 -1236395896 660101342
-2003088416 585215837 1188779392 1867184479 -1758553554
-729100927 -103400654 -731543869 764753195 -702337091
-1399143861 -1748974022 -1752002228 -779940994 -977232592
-1266403388 -630540503 -990758696 -226722941 1199906520
-1560912025
