10403 240 1287505039 681343851 -1754518345
400597375 1949752211 -1240329294 -831955142 849794443
508742280 781498570 -1992155899 -173879502 -442907007
-1156163701 946614063 -421784146 473085005 1942307539
-837208402 -311839272 -477928864 -1858415949 -1005848336
-1055546417 1880096321 -493019014 657146487 314505078
939191290 -1709573783 -34082889 -363986620 979443203
-1817208963 -1317646190 -317552868 -992129593 -1673297081
-927817805 316504198 -1766177777 -1240645925 -727998191
74155144 -1006082014 819403341 1505600619 348719709
774531312 -1939811868 -17234963 44918192 994637310
2084037084 -1120184852 -1416856515 1845501935 1717866845
459018258 138082823 960429452 1970424753 -360886845
958453418 288439099 -228657536 326482464 248367072
-475804412 -969134596 189519124 -1901464382 -1699462549
1555940096 -193198666 379586841 681289053 -2024631159
1755304160 -43165716 -1255832245 -1317817841 -863772499
2096991304 -1919618615 -1496212150 -1293038807 449997688
1791663515 972721398 1392071330 -1826985256 -932327049
1233753434 -800504926 2093432915 -714797166 -1429221633
2090348961 590686085 2060178055 2101802481 -2085426672
1960780509 -1143678907 218049390 -1210761248 -1495967726
-1566800637 1974215375 518105171 -63482874 1760903263
-801976213 1178818245 67598036 -1804338137 673190532
-1714733177 899023207 1673777617 542937335 122254122
-1808601302 1821638066 -1994445389 -1608305820 1276968438
-1939807672 2090121885 -382076938 -1949807089 1006750393
-1354106465 -1082529279 -2054879 -1279282229 -1920037627
-872356591 -396370767 -1900631119 -764738203 -1276565182
419916057 1885991927 652767929 1595553771 -1993049800
-1385422938 -1155840651 -1876814226 860701382 86078226
187951160 1997205975 -395476074 -1555046144 -424219538
167287283 -776999242 1373186345 609786305 2049765156
436100909 808997318 -318915251 175859548 906100517
-1477224081 -1169917756 -1166675747 -1544338045 1765520883
423330673 -383106583 1836959902 -231647479 -1634954161
-987198288 57120664 1209149756 681406725 -828770830
628019087 -492449379 247965913 -2018720870 794509745
1320155622 33989899 -327403932 -900339708 1073710165
900751956 -1259159967 -954544082 230298141 -1191143050
-801695043 999501701 -881225380 1419491164 1528376334
-1199046788 -383089198 -1589773939 -1576460681 80031385
-1331424533 -1762816925 -2006558604 722612936 1083116334
-1340400818 -946772194 108762663 491721134 1682010178
-872124413 621941774 1265997661 399503457 -107859726
646919032 851805561 911670420 518171109 1882513129
-435944294 402520980 776987167 861941156 1187279376
-531098505 -1413869110 -545067521 1909223767 -819003747
527014519 -712541824 1827350951 277710613 -875980019
298351069 766024799 -775189555 1403819560 -679945165
-298703574 -634907849 -1556872428 -291019749 987268495
-781871693 -271821376 1719792210 144842142 1391770181
-1765211890 3344623 1147416168 964620883 -659945691
-968854842 -1710173110 -142976077 485832286 -1905945925
-1891055508 -1799403039 516211446 -458686899 1198126094
572310454 60874008 -1606337676 -986638103 -901610535
2119008303 498843622 -2104182439 -1312262454 -1183014231
1767379938 -2035655167 -231641155 -1169824798 -1268530513
369307130 -297566259 -1340552953 1912880629 453233248
1128368194 1441859310 172452761 285873438 1361519911
-1076945510 547034894 1126240545 -1226856414 1194654203
2089241886 2029894438 -52892050 1051430224 -1222127710
38485386 1400443598 717191546 -8386757 1332618146
-601064496 -551723456 870299470 -1376650705 211318860
-78037795 1553632339 -243358610 -790966313 329058312
989642885 871464417 1901194994 -1946540521 -2059471897
853243000 -2090363379 -715307371 1881718697 -606106475
792431188 287833714 156684377 882700858 623520430
169757942 1475346253 -2045693332 879297224 1660813235
1737079892 1822703534 1971246897 1942863310 -20939892
1211009087 -848827183 -832324860 351417267 -675595148
-120818806 138794348 1750654512 -2120791782 1039580184
1293055555 765143216 843130655 1022718391 591825147
523088080 635477976 -1634948137 71354021 -1934919095
1224739835 1311961116 802782454 -685387037 1569353117
-858593360 -442912359 1936190305 1480658779 1027409456
50427632 -1930073631 380154081 -976190121 -1556341153
1451988660 222389759 462715027 -440730822 1719272689
-853719103 1145923215 -640646291 1178729644 392337848
180127579 -1907525014 126054124 -2082115210 -1716295898
1342597608 -298043819 29890726 1057047004 -1214991516
1554004209 303224983 -1420369585 1408997998 1148794647
1932741608 961516846 520934111 1344181541 339290526
-2044574604 -481680203 1793309425 1747761411 -1002119867
-1696936624 1581444096 1882234992 614599042 1233996577
898169891 1328018514 1719903233 1685512449 -696737854
-1903195336 -1611903204 -1068622245 1909839497 504765898
386798148 -92457465 1953950696 850335421 -1686753822
1499536946 -2142569745 579527557 191967742 -1686672344
1514807764 -178767511 -1349080453 897947630 403448351
745614704 -1726771526 -2079178694 82469796 -1558688292
1478046633 -1253151249 795558300 1721488058 -1171945192
-870983484 -65730708 -312122109 1050268523 794865150
1336850301 479402842 957406827 359955360 1142281441
-2079503138 -1029404160 1647220008 1773183706 -1360422542
-1476438887 -856167186 -2087224933 1829554188 1182475213
-831819374 -775353817 -1833419836 -1325368885 1581932293
-1170697978 -2015673612 1923671799 2020965675 -923366759
1019050673 911828708 148446117 1372628493 1739679404
-1455100608 1602217055 -1937707365 -1272587688 -1119864637
1404627044 1811667477 501090572 -265216323 -1001523715
49314010 1290955720 1904793527 -248682118 1164949304
287742319 -1697996458 1169031099 14973451 1903500722
1475353140 455427898 1104456031 -1713283422 -1662626411
-1980357090 381468174 1271328586 1184591817 -339336123
53277036 1764479640 1995560538 -1616462006 839190591
2092794264 1518099428 -1486916213 -1767243220 -358267062
-1408477982 -1676519165 524198687 1430409846 -92160650
-368842261 -1987625394 374094044 -1906986398 -670799745
1852230548 692844098 1215442701 730645523 2137470430
1269597253 1306641141 739653805 159142553 -1993169123
-1678764131 1222710636 -1952816999 -1971739749 1636158417
-1710956931 -986447262 -707822886 -432763239 1451877246
-916511643 -56934236 -2039170132 1268843546 -714469643
791911400 -665004283 -188103995 1258463189 1651294467
293584238 2061219800 668740049 -65650593 339409759
-102411961 1569799018 -1892393384 -1913073690 1791177399
-1336527041 1572432230 1816417709 315562684 641140894
1127302833 -182998402 90343270 1296507161 -1489649643
1250032551 557388207 -1988461182 -1895805982 -123240999
-2018040684 -941752368 -1826521153 -1532202435 2070050919
-775473127 -1564142357 -471719331 -1634262729 -1786076422
-1903333163 -99845856 807731938 1798011301 1350743517
1053918400 -1454590915 -1605652978 100156692 1108484379
1445201323 -1086487582 -357657769 1514948358 56329258
1018373102
