10403 600 -1112838031 -670543430 -1075639245
-1548426664 323014203 1351046286 -1278046917 -1969000790
-809999636 1375078678 -1673040964 -1305400708 1994485187
1680738854 -302155174 48934684 1618829169 1955964460
1539726858 -1002429854 1761839005 -17110256 1173815608
-265827792 2100572881 -703563954 790871430 934334600
-1463480168 -1061401875 -1692901994 1962113179 -1882613394
-1447853288 -230009482 292703131 -909228533 -865580956
-819993231 1554098542 -1779234671 1537690737 -1382751152
974691313 302442594 430090622 1539267122 -2132229573
-592038342 1205630786 1470708410 -1860489025 1971678018
26028731 -834193495 842015169 -2056479743 -1089660531
273489317 -29572626 -1658820389 1274633058 -1234957565
1347972552 29736495 -1250979146 792011287 -995837679
-1677088043 -143916217 611550560 -1016250592 -1457852383
-1655248493 -861388778 138566737 1506143340 -688081876
91414182 498602962 -669174016 624807567 -802029400
-795537222 1876280708 1774130907 768523940 -229093035
1487551925 217689523 953892732 -467193071 -1110593230
1596725697 -2027683936 -923352298 511455819 1970051046
-877341335 -1363054872 -1796510836 1069677249 -883051892
-1865593034 -1550582906 -1798598385 1238422173 1012130171
921508703 1750536507 1668333489 -269727021 -755056320
1342995499 -69985484 -1246502854 -2100977150 311303637
1218641845 374134162 -2026394521 1235266614 -1487429176
1095845230 1931317169 -987293050 -1971568832 -122744760
866581329 -751634688 1975462004 80647765 1034305918
-1275379893 -1466627791 511602590 -1211035074 389043481
1310997295 -1343928657 1867814561 903557573 -1809296092
1539383853 -533878864 1869074938 82887584 2142964675
338139363 -1129685551 803995915 47618049 83698228
1298213361 -1365401884 -78044976 -1664785161 279476646
1651244538 -821647287 1113342782 938332545 1201691082
-106295446 -778773663 1733031927 884682700 275140934
-418560745 -1758927949 -1657283938 1259842741 1943081962
1805011811 -270544748 -1168011791 -1218312095 330026861
1781614644 1695798084 -1798990056 -1391536111 -1567552957
-1258222338 -2048058178 -188648279 -1091667517 -980906002
927343153 -280421168 1907133243 -1354359249 -1359736977
2097156266 -865810488 609030919 -106396133 -1913762619
-567635125 -1858863021 2012604643 870236008 463592403
253864545 584856193 -237154520 -733899454 1889396718
682417636 698102343 -695514055 -1755588024 1919272680
1532323866 -276591965 1422563558 -136425559 -1456463897
132625238 2111063770 1471527616 -1003951149 2128611424
-986552640 -816779512 -411853990 -2080823461 994313717
-568567208 1953571697 -135734037 1398337333 1871090061
584791878 -588900297 1038478927 1178956443 1374987004
-606410879 932099360 -1363034145 23889608 316550260
-1909873918 874158977 1092051853 -1757285470 -1507076252
36227850 -375236901 -1608738073 -743558797 -192121211
-1478275485 -2042300852 2143820963 -323675925 -739379844
164784241 -1343181327 1942080838 1124227819 -1953209932
1960531886 -1979336510 -1482944856 280316167 -1642831514
2092930407 -701680593 1013637129 713081034 1842410183
71911870 -393199495 -320717752 1219735234 -1536106299
-597244454 308251074 -1337879015 -1914930438 -1428193766
-2012138816 1236721751 -657574206 -415610885 592561278
-1277450793 573355135 -1555885041 -1075176146 2077923784
1865427018 349177431 1033568588 -1400424198 1642611785
1856015505 -682376481 1259701622 114405271 976869640
1535017813 1706795000 1009349655 -1373536048 1836837671
791689311 -482986715 -432686853 -191383034 -403833261
638938557 286338605 -609033303 -500448892 -201540075
1867011627 1267027222 823005924 -734027244 1595034996
-1024881840 1641259807 -124384936 -769708990 -175451252
1562931083 -1101520648 1447262624 104492939 739530917
-1540242363 -232406800 -1831534637 1627524530 -629620940
-1799927779 -2132218750 -1390739909 -462787560 -614786685
2066220121 -395773032 2055328057 1764042354 -516169172
477861710 1138317533 -901989437 1167718323 1173919237
796605184 -1485106019 321989911 1688320477 -1422430239
-1697910008 -659508096 -1928954020 890579883 -1988094401
-680179004 122563104 164817611 1270380639 609176465
1467577562 -1261148347 -1215268756 -140278018 -1320385558
1679724242 5991317 -286648842 -261703963 -1074163000
1724070221 368144392 -724196348 1753769021 -170733188
1139148201 1711871029 1717133886 832939162 -300938704
1160460935 2055534920 1631028289 -2032517469 -1511215052
-1825569758 -486123050 -1822682146 1509298989 1910001558
-1968407149 -631378543 -676116370 1307438030 -1022119947
299495323 209975464 -169572182 -1088534334 1411657264
-2140426375 -1399189375 1728202560 -1914245441 -2095172739
-845385622 -1922066208 255571788 2097668816 -408991255
-1476119584 12593607 425636721 2095695378 -973799618
1247354052 -1559681424 1293975504 482450871 1004733663
1900503516 1133514059 1374665234 49918314 1499136598
1491969008 1292749519 1941238118 -105203772 1147544894
-548739878 -1770499330 -1832108567 1164531533 -749427896
1007580046 1313515418 -1391385511 -316623698 390556199
-1012781529 1521178730 -480928839 -1601250536 394286333
1951437057 1615460932 928435074 -1717078855 278065891
1503564412 663566995 1247880877 843471778 1763582462
1899601074 1820794690 -831077789 -457159599 966690196
1888070189 208981329 -2123816030 1578683833 -217571719
1665701199 -1212443032 903481844 1094034141 -433456819
-834344996 1011767825 1081773192 -356576735 720659317
-1753831946 -109789878 -1870146506 -1052176510 -810103012
1453784868 7168925 176062749 1943121461 -1751312303
370489894 -1535618921 -2063501970 -730135970 -1626051881
1219457742 -424187013 1169075471 -167006254 1402484594
-831477459 1654388604 -1419049880 550359604 -1664624282
248024761 90607529 -939758074 -804205541 752762429
-797764766 -1329565802 -271566817 2111928712 -436224878
447274921 -2080524765 -1510105119 -613821474 -1999698535
-1893565182 1865547060 1175178835 1387981932 -2012179008
-701652912 901462672 1288861067 -1552312256 -171487858
1186523876 -1132711836 1677913494 772554344 -1436846612
1631793459 11964853 -907231377 469462017 -914415176
-202904090 940710740 -1586265785 730640416 71244018
-1147427684 1735510795 215900550 1255277499 1440958678
1242212363 467666328 -622335846 -811971465 2147244964
2018089747 653068049 -1718703255 -1051433744 1794417344
-480506189 1416950616 530792574 284899069 -735322546
1750811128 -990134663 -46613508 1529696969 -1131775718
-162583256 -1581562869 631353673 1780916831 -383878276
1708550561 1727844378 1340807937 -1831260224 2138308619
-1714933739 -593173108 262791993 1757213659 206666998
984330030 1841046032 -1677098777 -1794754248 -589595653
388979665 -63731556 702460221 -749432156 1622967769
-615878461 -1999066843 -903623767 848013989 1379293877
1587881185 -1292949099 -1790378030 -936031121 -426619952
-289480463 -790400207 -263899693 1036336780 2049423047
876603517 2006572559 -2075704692 -2107753663 1901018096
1660070145 -765500208 1165507153 -1016242869 724182941
-567600182
