10403 288 -2012954814 1229997357 465655353
-608735005 997365579 231431292 -317689729 -1430708174
1613128080 -1288200141 1333223763 1419095302 -498746638
958372584 -2016526997 -158093454 484132260 -476985008
381391942 1981343140 1161557892 -1470836148 -1503096638
-718790247 1993123975 -1222726528 1802737843 1772572242
-2141879324 2106646005 -1909801491 1349791369 9837490
-1785091003 -1315303473 68533889 -2146316226 -1053935159
-1616964367 -123415189 1370356248 919334052 14006204
-43886005 -1992605620 -1000346933 -253060089 -1290979928
-38532847 -81592367 -569524919 1433203052 -1690076738
163553612 -894564016 248369727 -727614546 1639797121
1677560057 -391771000 15142895 1897330434 1522474402
-1031017073 -1847516086 1658168759 -1848121246 -2036769685
1410132595 626121955 555849902 1856339454 -572757378
1558203217 -1066925651 -238289186 1594046661 -1050783707
-1119377867 1717316919 736494143 -561479595 -1923427127
-1210382170 1489578366 -1414665231 254054228 540479685
-1735549057 -844403246 1365040396 -462743347 2133883836
-297246540 -1964316302 1639828560 -153677401 1097934360
-2081179520 1406930402 126224710 928731437 -546004076
1162483007 -1007246169 1659234400 2068285629 1892371847
-1542279952 -1857246796 -773082775 -821379394 917632608
1742499965 -1910822465 1607410795 -239654692 -542873808
-386280628 1073462943 768333660 1506573168 1451567784
-1042327222 -907924736 1863625837 1709013409 1193606703
547120694 1522466454 1631610160 1740232367 -1003668066
-1639475393 -1858638898 -351112724 1820530445 1100746104
-698755288 -1341477290 -134001165 1044484915 -566273670
2145448996 754886976 215517725 -1516120299 1417019359
-688085187 -734035126 -1626061656 79717678 -1548384655
-1708677695 1371232946 -1014005294 -1943625805 512502354
436444856 -1994971177 -1480989378 -115812368 1241510166
478564729 1358498664 -1175897357 -1059644582 1715684449
-1922578937 -1453601725 513550497 -904167812 931837388
2458866 -887591661 -2078688762 999124931 -788521472
110372355 -488333896 1161735150 314610620 -1907396069
-542678811 -2002956937 651903424 -936053444 189182823
-1866521994 -643084872 -243428943 -289608384 -2075081487
203574102 1625911378 -714775469 906470398 1046959204
376625963 -1246232543 -1506130068 1502406367 1359688030
1055144528 -471274958 801232654 2053419179 1534375545
-1647437437 1086963511 -1309041847 -2016510988 624851246
-1004678504 -1846048786 -1293518672 1051468993 811708780
-1968894960 -701712737 -1326926323 -1242653704 400129891
-1126374191 1280092628 2068782876 -2023196168 -259830646
-1573530255 555063960 1726174222 -1577356581 -1399040294
-1946343563 -186823877 -647525094 -751344925 492736042
-6466468 1457831184 1597450699 914096322 661743498
-306211426 1619765665 2000996755 -50467601 -524968682
-411563813 2128781250 1675599366 -1733302887 -2117907335
-382491451 -1892651821 83801910 -8784266 -1668451537
1932545889 -1057551110 -1577020791 -1187261545 1946996444
895846990 -292703292 616424002 1816775570 -2044417181
-423149533 -437854146 -1665339973 -1208672943 1264367571
290384974 1601723653 1487831395 1112870860 444318503
-867005113 784891108 1193412250 -830874384 1740082836
-1536271797 -556094073 -552083351 -1018209675 1733726155
948477804 1879590219 -1721128005 1291580753 2038076456
-2051449107 -2068369731 -1776616561 113603976 -1769965540
-507507469 1566343057 -1778165952 584034760 -1940687843
-2060122360 -403012688 -2085309944 -141623972 1678525024
-1566983055 1206850190 2033616312 230343493 -131427256
-1876248186 579821326 503850290 -711444630 1568122384
-846388752 549378595 -1275132388 1688694085 1781491544
512569697 -758241613 -1900461303 969722221 817625419
-485461851 643893819 1009362568 2089555410 733172717
-1831756394 1833473088 364097484 -1760907123 -2139874617
-915089075 -400718089 -1385773772 145280323 1427004399
909343696 -2050523004 -1090289826 1365464999 -1762319314
1847001007 2095357396 241055411 -2052911374 -109341648
-2023691047 -956215930 -292564887 1951210766 -1258332647
-115736699 519699664 216142059 -793078952 -831215122
-253322841 -795494096 -427330420 400107740 -932893616
-2041709807 1900654389 -179113350 -1047689461 -292273476
906593134 1975271362 -1144885927 -478105037 -1153217446
3336648 203671392 1138496437 634097200 1874692627
2056818204 -1825043066 341899343 1592803915 910654537
897278787 -952343894 2077535580 -70603081 1980836736
-90231160 -1635524216 1364963681 509974631 1076979441
1102131532 542368770 -119622346 -336349445 -1587519438
-100348852 -178817537 1517758133 -623545035 570639136
-46764470 1302571483 -302091213 666727773 -1631187867
-541046309 482899003 -2066748463 966872759 358662012
550738680 -100465959 1423356943 443768937 1200771440
729269396 1848895263 -1718347665 -1227146800 1988370763
-1399160084 -1626777336 -403220004 -1439098944 -1749299288
-1122750633 -2037141587 -795290414 456653513 1620317375
1250630051 -746881522 -1801943537 -221788153 830802116
-989792924 -1075431793 -1000483526 -798670376 330583029
-1467719126 173106648 1813698715 -2023687531 -2043028749
-780108721 -1658593637 2099044243 1410435708 1905004004
2140818850 -689858484 586454545 1434709705 2056826672
-1080356123 -174060097 -1135934604 -1603214022 -1956775884
-2140356983 1609512860 -485732714 -887831128 1443082494
553764664 1817411684 1719468449 1526138209 1443846130
841306042 529603511 1989099241 956994977 2128942756
1422313419 1724422824 -813956799 827108626 -605306399
2011365309 140830845 -1459854365 -169234403 264376293
-140224063 -1340284555 1320362378 1462569594 539332601
-2062621389 646255220 -204564160 -567131400 -949586757
78958512 1339864841 1724357926 968957552 -712619675
-1560935656 1483966771 -1589097815 -1114664777 2066779707
1351755915 -1379892701 259287048 838995702 1751946962
1617928592 -1427540778 1832710220 -2081108387 1323044774
1825227179 -1173859684 753724593 -480322982 -1615804943
-1904387819 1395744458 -418342359 703680815 1665377266
-1526349952 -62027568 982576328 381896755 1086646756
-1149473491 256978870 -286845303 195474789 -1683307525
-1452545751 -1233838214 -203039842 -1635825844 -1761981859
-2129140346 -783378343 -222267149 453972533 -868642183
-1923328381 1464281292 1668290667 143247591 1086630402
1204665921 -1611623434 249562981 -1159233797 -1782977663
1548037792 -178255537 -899347670 -1033527007 -363736337
-1554879191 1689666195 -318616706 1977720118 -1787682298
1260029929 1115395211 1139006971 1877173801 697070354
1954227938 -1371384733 1925109076 -726152822 -1806392401
515518436 315911076 60161305 1483712273 -894773069
-796694950 237238721 -2083547093 -2086962101 -792337269
-1478948653 558928349 1348629158 2016114692 1315570437
341498279 1305099435 -666168791 1907658251 1179541918
-1462329244 302707745 -1093441488 -1792265771 -996907681
26194790 409701332 -469792041 -1280050438 -2021573889
-1887578953 -1650057032 1051745868 -1976723862 1868200026
-1652005142 -1060423253 44347465 1991270781 367796362
1516750790
