10403 504 1987583117 1031679749 -631419687
1373782206 968864443 1975443693 1132693846 1693116551
-194079016 1474603703 765765390 -1561110790 -1866073247
542704306 1871076578 -1518031942 -1624093232 882219114
-1586583781 669710662 95341375 -914968568 40277361
1203775477 627344659 889850048 1223320029 -1995843040
543344551 1365462378 -994454598 1562649680 1627946962
-1750760521 640517887 -623536144 -1163982540 41990074
-1740249140 -1934800980 -19857689 -333564014 -1698559554
2069570328 -1168691969 1058367693 1404953533 656565402
-798211329 1259304920 910014866 1490594997 1173064141
556193266 -636587804 -430752240 -96229979 1399543614
1692395716 1930664834 805575071 4890900 1361151766
1285554618 -364744756 -23508127 1458902267 -764120986
2113617414 -469748129 -1008310309 1895973683 1928107636
-631970914 944700170 1529655163 -20795781 361197563
568960960 -1189009243 736932231 427905906 -521974153
2055988951 1746223074 117607689 1674454076 1892969627
-880873903 -827794066 -336510165 396180997 -929655901
747607316 1365787467 1048865581 357393628 -321696071
31104019 -1616260942 843157558 -1432107357 742018575
-819670607 1724231122 1912344976 -1728625764 -165512790
-312734630 1889930762 82480229 1594818265 -490210251
-599863256 1784958502 -8616967 -626625437 2112644805
-617833961 -1673442350 -1918768680 -863461901 409261326
754960469 -663591084 276542977 1244708526 -459391645
100199348 1611741120 2086777876 -1681794745 -1032461030
-868383690 -288680380 160155703 -652404512 1217597337
1682326847 -1354420632 -1449567565 1336341441 1183082814
2093090394 1162249816 -1910462201 -1045332239 -32245649
-1002439030 -455538636 -1293035116 -2037673956 -485060588
203700482 -462312614 1853960886 -1500455266 1219809044
-172046921 816230584 445693724 1728824400 -56199356
-1063621818 -1476079087 1266343718 -1293250479 1243456863
1397572003 144605798 1314304765 -1587196085 -678194776
-164549171 -187040049 1616538998 584970529 -1419962063
-400505536 865199148 810004625 1054577719 671160897
-556810010 189178397 -18783929 906497708 1608492567
391104952 1011171746 1759345953 -799338554 -131736130
924891830 -1768478982 1769820298 -381568901 -630474852
1934435951 -1436777496 149684908 -2059927059 -798481876
-1261396258 -227255013 617114114 1149692113 37610953
-720995777 1518407505 -1266647600 169719180 -251920352
1884149811 987115322 -1485336065 -680961799 2035409299
-875935639 1135503406 728614358 1908038397 -264705572
-962590280 69710307 1926896046 -64633106 823080295
-1574870214 -1787092353 -511938767 -1845219173 729533285
22069265 799257635 1656070954 1228467016 -315960299
1236077207 -1491092105 506212416 1490921449 1578954083
1705824562 858341783 -509008551 980959648 43739402
-2115132039 140363501 1001134952 491032658 2098166090
1532268647 2094108670 808820954 327166295 174331065
-176247801 -1852472153 -1863403402 825153554 -1029847661
-804269690 -2031005015 -1328603115 -651051152 1041249060
-1602151781 2093844349 -1775899295 -569451738 -10890210
-1789004406 514726979 2094407224 117703559 -1746362710
-1893629595 -910042070 432566795 710310732 -184568621
999827068 659916025 -1590288336 -1725175201 -653096401
-1525074184 -1497193259 -1999890379 -790009885 92609520
-318650935 -388612417 553349391 -1339311660 387500860
1083288681 -1412668971 637476369 1563297519 2144373979
-1798731672 -967375141 -535915542 -119280885 785591575
-600577632 689272516 1275776622 2021035100 -352973552
-533232609 -158694507 -157693316 1640043436 284283901
1703509097 -1119350829 2045099637 -381650780 1867937265
-577502522 -1825632035 -1333784536 -108119603 -728707908
-185362334 -1104991954 -182029192 467738172 1027244421
2861261 -107007958 385294509 -772533152 -167518460
661484776 -227396925 1648314974 -694147972 -1768099270
1222904190 -726647154 -480481501 -560819690 -840191081
434977809 1092450349 1783998594 -489237836 -481404157
-1043500003 -1663859915 -1714328933 -651419329 1026174882
-1311436478 1362214892 1546800356 -1175692244 -714401896
-528335425 266589912 1553785043 -153038871 -1686770268
-1008468836 -1193818075 520069465 1647311051 2110285024
1960536549 -519931664 1538335245 -372830309 -1914104796
-1461150942 358514156 -329488018 -1755735679 -1926060195
-2048131594 847464041 2071261218 90820893 49960058
230205422 -2091183809 681547293 -1471174461 -1899522785
-1319358945 -222852630 -767087440 359199320 836670755
-552269284 302230286 -589794766 896408066 1120654454
1228978994 745607008 -559014039 150248014 1208193749
-1459031562 965106663 752415875 -363570611 -824407736
-1550592885 -350277605 879033998 -1043609093 -1109634073
-1092658387 1338789335 -242699897 2136886053 1421426583
-1772869689 -668667268 1752111104 -693229372 -1440127443
-1687539933 202216061 -283497134 -26029942 947081419
-236754865 497606304 926940735 -275853539 1700585415
892676336 -399359942 -1407217345 2145629954 -1217660878
537436708 1744789145 -11716961 2124991819 -1718879845
1015895665 1513082885 2050232932 -759258311 804649788
723242037 308604975 -681483620 -1127654634 -405605032
-1510164625 814434454 -621126068 -1954014020 1434600660
-202471107 -1007478468 1740082196 -2099277567 642231971
305279023 1345624176 1916038843 351899873 1173707284
-1657366778 -1864428900 -1036653708 97201974 264465995
-1720273265 670656418 1439675316 187159506 -461327005
1754329921 -40423483 924822196 600861168 346954611
1638214802 1431853461 -212451796 97524677 -1953737665
1802443642 -734207577 -1645352200 880312 285030390
930040848 -516448545 -702709432 1870297528 -1191787630
701745432 -2088316680 -1558720433 219370298 1432023650
-2058525695 987092683 1367957164 -1925971283 -2000093527
1940021874 525359922 -1150553172 382644547 -1518138171
-460021750 1139631620 362633563 565018186 -1358059729
934946796 1957197171 925428845 1727719840 -1452225289
1442633428 59383210 -1607698070 -539515924 -1476886820
-483062163 -1355529966 1559859951 124205108 -157551179
-1230216044 -65025230 -1134328347 609743648 -1648466786
569399412 -29077716 230540888 -1171254357 2058393923
2073827909 99005616 -1103858965 1308220261 -1013271481
1382908531 -1226780411 -953216091 654279161 -1197672613
-788841121 206992099 898425247 1517549402 -856972373
-923859205 -1478723077 -1562580771 1538635265 -503391073
-267401131 419675260 2121487843 2022410559 -1023808432
1378605891 12165036 -1291526671 -1442316419 -975363022
1300428086 593985279 479671481 -965146468 1078065226
-1854601321 1733506866 35112581 1634026247 2099835623
2033999744 -839445880 -1401504804 282983858 984910370
283357010 81571174 826258495 72676286 -1788466542
-1293819209 891426104 1667633093 -790304740 -118399757
1457200612 -555322212 1013968937 254850840 202673854
359047677 230483316 -1651134412 1083148996 -2106155542
-914964147 191887257 996622309 1069806631 -128848239
-1316864118 -220360700 1921349899 -2023308476 -1581283747
-144945983
