10403 624 -448192411 1922634210 -1671574533
-965536000 -648779007 -1123435314 -1674533129 845627084
-643193507 -1885592454 308111283 -624746152 944450425
283112678 -676541905 1171344036 -737732267 1062050322
1007241835 -693958992 781404913 296894462 2029724775
-967024260 -362193843 1817957034 1105482787 -1337972984
-1939691159 386203158 -1375955553 -1132731564 487870021
-1618923966 2014143707 900981344 99296993 -718762194
1340997079 357511212 1174916925 1225002202 -1178641261
-763127624 -623205543 -21408954 -1226294001 -2145277948
-125845707 976670322 886119243 86026768 1843068625
371173982 -44027065 -68506916 1349778989 1324864266
-1523220221 -2073528728 -871229111 1863316598 -1280917377
349018292 -1307022299 1194424994 8089019 354704832
614585025 1611305358 57197751 -778448500 2036132125
-799398598 -1857175181 260685848 807930681 -1545870938
1127161839 1363850596 -1720888043 -1091292462 -2097980373
-1799750288 -2009161039 -350468930 -102845913 411542588
741445645 2014184298 -590406173 1950512584 -285509335
-1649403178 1379425119 254017044 -238192123 -1966999806
-304093541 -1046705888 -2039451999 -867712018 -27722857
765403884 -1071582467 2041998746 675321427 430806904
-131374311 1373609990 -1959169329 -626756924 -498607371
-1264728270 1822952715 -1740177200 -1934215535 624955166
607035655 -125088356 1746538989 -1045011510 -974574909
2108040488 857131273 -629313226 -966171073 -1562963084
1705736165 -1756716190 -1804415109 -2081135488 2018441857
1417160270 -461987209 -1682496436 583789789 623961594
701487923 -456712488 1859955449 -1503883674 2042574255
1770446884 981946581 239831954 -735629845 245347376
-2043037071 623053182 -1912078361 609068796 -1431993395
-1844906966 1505470371 174818440 1381763305 -1458571370
686940447 -213985068 -752196155 -1511817278 -462673829
-1862012960 1127577185 -13387602 -1250313897 976868780
1708512957 1054969434 1563660307 -793881032 1278468825
-1964331834 -713529201 2001337732 1168357045 -887783438
933805771 -493086832 2076257873 391984094 -1524445497
-802770852 1447814573 -618810230 -1384213373 -261450776
-2101135159 -654332426 1854524415 1337151028 1002587045
-73102302 1778643259 161688384 740024897 -1626178802
-853917641 -746637556 162967709 -1092589894 -1515997965
-1455735400 -1003943239 891419430 1092422511 -1455043868
-485159787 -166484910 -1318797397 -350999824 1883542065
-192508354 859245991 -596743748 -1987758195 453813482
-227937949 1903907656 1984190633 -2048617386 1743333087
864842644 -588574331 -375011198 1299327515 -89516384
1945779745 -760451730 -485476585 -572569492 1256618621
692416282 39340499 -1505372936 -2035015015 647657862
996482639 -791525308 777212533 -1503790926 -141348725
-354423216 1656481297 -2127095650 1576844423 -713239780
516520301 1542309194 1974844995 997573288 1524066441
391555766 -1043861057 1176652020 807194469 -855690014
1391383291 1559278080 1472760321 77172686 185834999
2075265484 568144989 -1909938310 -1903604045 1806048344
-1077073287 753674214 520659247 -347638364 2127988821
-15958766 1550586219 -1864932944 1310665201 1309070078
-1490298009 -206967684 -1399805107 869864874 -1600521437
1748099592 -629905303 1089335574 81669279 1523371604
-355500731 248041794 -625873957 357498208 276743649
1802625582 -1260620585 2068806444 1125310013 -1985867814
-2123447405 154407864 392962649 1638860358 582980623
570249988 1746316853 792146290 -836279733 2010285328
694574545 -1215447714 -327390649 458077660 -2058171091
-991521270 -129062909 2106044776 454252617 37906294
-1780230273 1893991348 -25486555 605724066 -520915781
-191039296 -753602111 164455566 -1407009865 1460640908
520058909 1137289274 775989363 -87573736 -1316419015
712709286 1497495279 -900997020 -1182022635 1911952850
-688053461 648632432 -410418767 -429664322 1738959143
-591384772 -1215832307 -1121040790 504087779 1833906376
-1096009687 -1494479402 -1248791969 -1279268588 -1734891259
-1911776766 -34902629 -1213029344 -796717663 -1371269394
413037207 894070252 -501546499 1891070106 70712659
674828920 773579289 954749702 -1320695345 1703615940
2125318645 241248818 -1658498037 271834064 2004915601
-819912162 -1369319417 1952012444 229105901 1455957706
-821472829 -1788846040 -482932727 -964500426 -2137162433
2058911348 580724453 -642333086 1708250747 124256128
901847425 -210896562 2114427255 -396890292 1960672221
1350789370 -1903574477 -446686760 -1457739271 -1970355866
-175567697 -1592587484 -17514539 1469083282 -489163541
-1823862992 -1002202767 844995710 -1301891353 -898551300
237687501 1473001258 -461418845 -1080868984 581683177
1151265430 -272533473 1227211732 1107530949 -1607392574
-388059301 2023033568 734467425 1071844270 -1139396521
-292544340 2076108221 -1354395302 1953560339 -233516744
-1165794855 1762025414 -859979889 1446750340 -1109875275
-1399069966 105711051 -87821680 -1261793967 -1666103586
-1049819705 1935653724 -74926931 307394442 1403370371
566218472 -1828554807 1356341494 -676011265 -832587468
-666701147 -2037141726 -213256133 -1944992192 -678624959
-969191922 243414839 1917518348 1463238557 -451548742
2032442355 2049915032 1984432569 1776758310 -1180835217
-1973619228 2060549013 2023458642 29132459 2105116144
739078449 1723081022 -2060663641 -1350765380 -734427507
1685252074 766810211 1572736584 -969730135 1724286806
-382747169 -440508780 47399045 1039559554 -1924419301
-1363791456 1510661409 -2062630802 218344983 1239454572
599689597 -703827430 2078060755 361189368 1818403225
1858677894 450983247 1859056452 827801973 849828786
1801353099 1044564304 151274769 -1258411106 56488839
1797316124 1387612269 -1203402678 -1612454589 -2124022360
-902453367 1308761526 -1326839617 -1768311820 455900773
-2089723934 1528551931 962219264 -801593087 1190486734
-1420651273 -139930420 -1177762979 -230610310 2010199475
-940239016 -1463080583 -1522246938 725645359 1625923748
417462101 1574395922 1969936491 1274526896 648481009
2015847934 -1648848281 1050900348 -311166387 65165482
-211049949 110075144 688007017 438494230 -1751399521
340375892 -1228493755 538735682 -1661832485 1893079136
1393452257 -1568197330 958852055 -1443117524 -1378226883
902566618 -2076562797 22056632 -1283874471 -2031044282
24308495 -368771580 -1528193739 -1992059790 -300308149
-1586470896 1542307025 1825034334 301244743 1851572444
-689071059 -916367094 -1920741629 -753734552 -393177271
717281910 -503517569 -1104777548 -1491482075 -384843614
789019579 -2046716992 -142339903 -94619762 1647882935
993093516 1348339485 684010298 -732983437 -1653492200
-1872361159 -647608410 -1875849745 -1082586268 -2065288427
1342437586 1067641387 629453680 2077253809 460810942
2043289639 -358303172 -40227315 383420778 -278631453
952626120 -1965492439 729022678 -1329231521 528995348
-107096059 -1084015358 -1986857829 -1783316704 -829313887
2097965550 775940503 832682220 -1378807555 -549162086
-1219926957 -466580104 -1081581287 -1371732474 -1506664241
-1029846844
