10403 528 -1644643015 -1455908771 919445709
-847541010 -777607014 -355763403 159420816 1062246163
-408880830 576640565 -168673846 -2066885077 384255323
687194887 884892227 -1050424687 -1720642315 1283611171
-614032586 -940788537 -244822037 -1420552741 -1563748234
1054636366 102083727 -2040888285 689137026 -724296079
1549052687 -906454834 2086601431 1218996859 -713090598
155788579 989791572 -1552825394 933263387 -1245472525
884321906 -824237508 1200569753 -843300992 -914537031
-80279757 664676327 1640349360 -352538246 -719650319
-136191682 1752373353 -1006431128 409069232 -1407579489
-1089789526 238260222 -1569829434 -220138442 -2143764222
504120942 1979819287 -1289277028 1187108506 439298956
-39775748 -996971257 1813840941 1001363071 1899345422
428002265 1083263144 1115363085 584916945 -1313104811
-832080912 1041855183 788465712 689576750 -1161362685
1377256976 1559298841 1328679105 -511523742 -490769816
-1255357212 -1630554610 -665349833 -473101539 1132182621
1073402065 -1391201748 1122370257 1220973003 -401911073
1628673273 1647024462 800536638 -1783680876 1201084688
-184627676 -819678892 -891264792 394299256 -1442438044
-1714420808 -403666842 1922820371 381212019 2002670417
-452282217 957366339 1669609731 -861108661 207092758
-1648277984 1693903694 2089647884 21806179 314020514
-2016587777 2036454043 -212278453 222308137 -1640232551
1395643399 1917781701 917798814 -516379480 -812063070
-1286028968 924995563 -1395257809 674990722 -745579561
664832728 1526737943 1007716671 -956013299 -1611602777
-25326934 724826388 -1953492179 1491791641 -1556436433
-767446494 -1875741309 1238133479 857101220 -1342421398
2095243198 1451969838 1534171411 1244308343 -1303192225
-377591598 10098367 -966617600 -261428915 861556031
1758777873 -793994187 775900780 -2141159515 -890444397
51888581 -157910357 881189077 1333068109 -611021189
-1035574931 1642338490 1675212646 1603384716 469722963
-2021002677 70041667 33549909 -1804023978 1127083918
-2139237304 -1288005459 -1699222247 -1463304420 -1481123376
-1151268789 1494865218 -1244142485 392752170 -597560099
751482673 -948178640 1403199270 283707886 -1529026688
624432909 1042284691 -1393740345 471035139 1243798322
-85373163 -838013673 -906262627 133572682 -1070272632
130739926 -132539549 -2012462327 235575220 -533796572
-1372053329 -736094431 54358512 -2135175056 -247843034
-1086897295 109083580 -1505490749 115085642 -1359362644
-1493352168 64192225 -601706384 -225723123 -999320396
122130076 2099775260 1360633175 14710875 -1213651352
250500052 -1934624319 508353868 1395474081 -446274049
-1115007216 -2052681074 378714440 531040859 -1111981058
-1290958967 1689114981 1874103340 2095736292 -289933802
-987632627 1194088571 -1887849478 26150020 992309708
-1905572758 288762594 -1804163272 2027452730 -264230270
269148948 -1484921996 1503775235 -1599156486 -2050570118
799731641 -492539631 1395300181 244742018 772193754
-1332697914 1428271460 988982169 -787116110 -1422265928
-1282344391 -1723966958 -32605127 -387121843 -927731790
-1299703783 1070681553 1931014578 -345647055 404154558
-239390769 501430815 709216881 -237154318 1386313455
-1520888442 -1314494963 -394418290 -1178406825 -429817339
1614563039 -122270105 -573102535 986272417 -178909090
1143586973 1173930971 -180052558 -1174364654 -1470685418
468465777 -483926348 -2142204163 -851010911 1254226890
-906475712 -736736218 -1783516161 -1310782997 59082588
-1971373792 -1183575013 570233049 1828868466 -1597544580
1777885581 904012281 1051508643 2077116506 -322765765
-1005567981 -467106600 -339920672 718558914 -1035921823
-1549517384 -1549554293 2147007688 -794527287 -867183874
-4990805 1017167234 371437565 -200979566 -95852580
428679210 61388573 -1619356928 1162295377 -256551573
-675035267 1892095074 560700908 1309824339 -879119093
1405150086 378903429 1621741865 -253629848 -2052607096
-2137738082 -1730534789 -1292674490 223658414 -179737664
1417329595 -1511328551 1889238188 172123105 -1066709951
43464556 1412009994 345625683 -1844514789 -1370581808
198237921 -214021442 249672322 -239776808 860603138
1708748334 -1432649979 -826924151 1148931590 -825033434
1438710385 1489325975 1042481470 218945713 440143710
2114558816 -590997892 -561989041 -220085913 -430938698
1970686569 -956938544 1953436410 797248149 1805566794
-1328163124 -714684548 -340746 1645910793 -2137590364
963376589 124615836 1128610005 805682073 -1142103940
-15708228 -52393298 959517939 -707608578 830384165
-987532800 1463456806 1011436829 1830663250 -154469180
1887978632 498575933 -1559329972 -700511883 1882493215
1618726942 421975537 1536183719 -967414164 -921931507
-1743569869 1560848854 -574471827 -1086228515 1636022785
-74916294 2116763512 77499328 -1237025570 2045072984
2006689981 -1130078820 -1965424355 932538136 403512098
964064658 1490706563 -1087736110 1986161087 -670113497
296232337 2119252728 -1315143628 -1967787097 174796912
-1606888550 1557304325 1029537300 1762590188 2047691466
-673375963 443423000 1715409421 -885434873 -1625078773
-1168128732 476935177 -958952816 1786774348 1399124690
224212178 1878069224 -1209989146 88366341 2051420289
1852821500 1203610965 1572051538 1546980614 1266702572
-254329402 366948236 475064870 791772946 1335993068
2057936677 2089602291 -1768319341 129014810 455988150
1759439430 -1166726139 904674768 -1657387098 -269698984
-1686418739 -165563348 -571009209 919825625 1452981009
-1164957771 555215104 496654771 1186193236 877917031
1988552788 -693360213 1716044985 -86384442 2038551434
-1079978863 1624395731 -1126394494 -2038371964 -475477002
978377451 1571788094 685546660 -663969196 -1145798753
421855442 -332964059 -1371167345 1411576224 1725066519
-738345678 -419270171 1049936773 1021676200 1376340627
1520314848 -386166830 -1932461080 -1020766053 552067157
771542527 -1120772657 -949912418 -277708792 679244117
722388083 -1851416458 2025136866 1774969348 -1291761042
267246188 934136524 836745653 864392993 1558486496
-952953335 799322159 -1378644924 -1196948492 -1750368043
-699441724 -2141022288 -277194723 1349088354 250624240
111824492 -1750489987 -715029886 -952049574 -1883441457
1714768094 -438954301 1155545970 1740183438 -2086129647
-1686829498 606414713 1658447564 1800311460 -171380897
103311283 -1305074378 599739902 963795413 1637771323
898780221 1298126930 758119731 1831778618 1785073373
1128990438 -1419513067 682965449 -406674817 1680109343
1828747487 -323408197 -1304221113 -2002394889 -1252714670
-2127543267 -1867362992 888287520 1435815473 1621752278
-1036682234 867264231 -1321727456 434703558 -1099147564
-867117598 2115477705 -1924931525 1470755065 1259804297
-1524468183 -1819454137 299164592 796576832 1674387928
1955699779 -869710527 639549808 455063465 -1260546584
1921035807 913248583 856548845 -1325622396 -468084390
-1072317905 707739935 321603526 1841246230 -887051377
328044711 -1281675630 -130807242 -1247555689 -341666468
-403614246
