10403 384 448612208 -261637412 2000710285
-494746763 -245968797 1619236289 564726158 414094100
-1459311039 297260993 1051719862 2018073789 -124628707
-281799346 -2136544458 36640067 824408754 -2076079532
-1928625291 -1567984474 -359960089 656760756 555726955
1287697622 -1078402968 -824062757 -271275399 1367892189
1884410800 150736077 -1772689049 1564001792 -1563854929
-202828039 2027840207 -1229789495 1960032408 1211307057
11975467 1246374669 738817524 -471299895 1660788034
-1685447847 -887777430 -266953988 767710672 1508698650
-918560401 207528325 289893050 -370821875 1077637471
138929466 -454949678 260541606 -371855150 -1944305740
447345545 -1932236919 -914841184 -953121712 807502317
1234943528 1959140866 1318013919 -1182221996 -1078532159
-1821325056 -1580307807 -137909929 1910831497 688665838
1792848074 2128956956 632072050 -912376943 -1095465578
-231267923 1256032619 -1170505689 1090059873 -2135912246
-1432682707 -1691891656 501329692 -1629783361 -1162526798
406966097 -1873527983 1931254891 1142814378 1658215970
1974806701 726514560 968346888 -2069843088 1429310436
-1289740143 -421659709 -622130669 -553750830 960337485
1353659883 -457981347 -1802606118 286585836 -988103962
-58887751 -597538823 971227318 1747939038 1229844486
2145333189 855699035 565473310 -1651052077 1539315993
-1779267911 587686798 -1232586498 -1565970997 871342972
308184096 1811583474 -781298578 715101716 1473426105
-379612412 44628052 1301160505 -252841823 -1972586331
1430006786 1814931064 -1386309669 1194083135 -1567295175
-623827415 -384197123 -452382239 441576043 -1901525915
379657162 -1539623859 98093328 525366935 -2134479882
-1318519272 937761893 1248296267 29398825 -524334300
-259493995 -637685914 -1059528680 -94341357 -1654325035
110812988 597281555 89164444 1234293101 2130739696
1979902102 1474369488 -638374054 827389033 623030231
1554081993 98552042 -315838335 -702423148 -2058046952
-117644704 -1158365026 1432606835 299919183 -1461258690
-2100862544 1190859196 -1332359321 -8152143 1688000887
-1896233069 -855130035 -796114328 -154994837 -103020332
-1938770888 -1491858558 144547607 2126638772 684874199
-178006892 311375120 -1049017311 1017707581 -1030005492
1589459279 -1751053722 -1318313164 1953625121 617090841
-1224214404 1289311712 -1335058778 -2132592377 -260167101
1683945583 2107725864 1245012910 -1390206044 137775966
-1845483377 -1226233007 311789336 1999363088 1875719368
-596650328 897971284 29938211 1241358286 2113519771
261721973 -781806337 -419737043 722747389 -757266639
1497298993 607588056 1052146875 1926215248 1753807050
1758704100 -692351013 724662539 2062262557 463828993
1477269505 -1856588819 -477457526 -1431793946 22052464
911235365 -1939919005 1847860349 -407321828 -780156222
-1846257988 -991571016 665597314 -359868837 646344231
1009353260 456356907 1003510525 -1900589497 1078016648
1759931786 -766423252 611353486 1916679695 -458517624
-1045806494 -1199044776 -1005064513 -824939450 947058141
1560567763 364129502 -778591880 380938223 -1380491271
1567954517 2003417272 1225669890 -1690259660 1366515708
-1353445069 852402807 2044944883 -1665855265 685752355
-324517967 1573529800 511708936 1002978909 1187032010
840921885 711160561 -1524262136 -46969996 -1431702169
-1330866313 -2054372408 766637005 -542527699 757962713
1822314692 849651672 -1566592625 -1847673819 -489974098
692198335 427080912 878041497 -439721947 -102429827
1800345355 902478124 -1175506651 -900611171 -1274463310
-778952949 1271109322 -993823531 2007173066 1008804304
-1822176993 -1040721222 -504240877 -2026310418 1906261700
206171791 -682694307 914137527 -48740546 -2109626729
1101846418 -664625948 129774723 1968732193 1088197909
-767758769 411998250 -208748710 337994169 -1202375584
-1082269016 1638078764 -188078902 907843719 -1410560356
1298500267 1397827190 264487957 1346354530 226145940
1823495074 1704441852 1823577863 -1217541514 -86098970
-2063039535 1914445236 662550851 926958820 1840375193
1787713166 -1192012673 -1396382594 1188218358 403961423
-579976977 166403171 -2056238675 1817971690 -497678211
394526273 2064534875 -1088532823 -1269402636 542440636
-2110845897 -1171025887 16062963 895734513 -1658998547
-1920952257 -1029592828 428819025 -1513031433 -1793066290
650991466 457032172 -162886635 -835801769 1720535949
-216532226 -1296972714 677322892 -500298671 463110239
108025644 99999718 326042625 -1689654445 724164620
131406416 221981433 1319892439 1755938093 1975398878
-175396861 -108127996 -1257476511 -1381070333 -407249043
848552409 1205375779 -1256112969 -1403205708 148990649
112465319 -1228404189 -993204895 956525263 1927464125
1746424147 -601638541 -913370068 254616863 -1246617349
-168887469 -268571312 1261492711 785162297 1025461743
-2138452265 -1524945183 -672676443 -1501925037 1582422801
342818236 1049971032 -2116922502 -434134123 -1850856390
497521948 1551527054 1170942757 2115285189 -1006128113
955349196 1623631467 -1684254625 -2143995819 -508180155
1132809982 103574181 837219125 544847830 -900711264
1433116752 1218846074 2053260401 -853858687 -569322459
-731683556 -1280693595 -1234563468 -142072089 -355824748
1733753278 1683557639 1937567177 -1511243457 -1945280599
-994326979 -960923970 -592906927 -462375358 1947362828
-1314185588 -509385047 -1619515203 1004335173 -2023955684
-2114573224 893015924 1940988739 -85555779 -2034232207
-909023495 73551239 -797824536 -788347672 744642176
-1286475920 -1115496282 1352593940 1383419507 -231744642
-1064813892 544176326 -1842083488 865823286 879374745
-1070607337 1959194832 1660339380 -1946636259 -211049338
-1428001943 392464502 -1117701560 -982594835 -598810028
1251139760 638933391 -1097100806 764365133 1319714629
-1253861599 1712625350 704851727 -447859319 -1933369796
1583299860 719823889 1342850704 1267109161 -874777160
-1532853383 -2111175308 -1825310126 687674688 -1597870206
970230770 1575685553 582749040 -1375281892 -458972123
-1208531383 -563538488 1654792288 1650055593 -1717047454
2054315829 -669905579 -446039938 1475510624 -1063164963
-828033460 -1665579495 -1568997698 -759582838 -870068689
1525549224 1576103320 1604893250 876881268 1014587863
-1808725322 1272262375 1721437499 -1582009665 594887137
-2019055114 -1834918771 1327565293 966710870 1437580986
-565241611 -231651363 -139700959 -1634171749 648656878
238265020 -1389706396 1788019921 -268280621 -664067914
-792850239 717689129 1240262267 -616119389 40203088
1304305130 2123977034 1315650495 -1753881213 776371390
1773050380 1211724080 1396072315 1457035385 -265722159
-622152855 43181945 -1247688327 1375294892 -1222046476
448965426 -1073649321 1790858460 -1958566893 1302751247
-565475654 575543636 -1876521126 610182863 1295572284
366745581 -1377895484 1735872755 -41379 1738441505
-1041204216 -138603646 -793089285 393507186 849950032
1312331757 147978349 -976521670 -1380134929 637241027
293905260 -1892281124 -1057089934 -476267398 -138504118
-703117077
