10403 240 471912687 -1560366184 117210455
317987383 539821125 -1575297557 1536364685 -1737455818
231215900 -1051596736 -1586109265 -1005336182 1441694715
1263835187 -1595099133 -1465210011 2125960006 118342646
2114889252 -1278415995 224803580 -1419422677 956673572
-25392350 108642558 1218926143 -1191198184 428446554
95454626 -894977888 1653208710 -1405762903 844823071
490135584 -10968740 1202974678 -300980725 -146266870
869562866 426424199 -2025441974 1087127820 1479258763
-1768428547 -1703003700 756864298 1034741493 1940976116
782316094 1040859624 -1435149546 1828946391 1426487624
1270204483 -2026438457 -1145331546 -279581939 799682045
-1452377001 1656507316 977088585 -1484877660 795226746
2014279701 881510781 123029672 323899557 1918308570
1982217039 622767925 -498044808 -302453947 602049699
-499153388 1467174031 -579951854 -1849984317 -1628622390
1256932760 -94460564 -717402366 753619516 -376916533
1582528327 1336893091 -597093904 -1255153407 -1924892140
-1191363061 1213458669 -1670665953 279906076 917760019
1268918682 322697261 1941611255 -385414005 1013268868
-1594130196 1003362573 1160392891 -930038869 -2077855367
1384877045 1714845737 1364727525 -77933101 -495915182
1404560493 -2016040637 1138577363 -1498509136 1750362334
-1253829831 -1623514908 -2046173698 1576484541 1983483419
-1195662114 -312236662 -2133850903 136552532 -606089624
281405477 407942041 700743930 1787804721 -633274601
1098128877 -1224989553 -1017850429 130387382 525694443
-778075562 1150195670 -1476666859 -1315119013 -586296662
-1124886699 468967835 1270422954 -1237735509 2052958109
438868678 543582756 -84112507 -143994397 -1172882003
-420999545 -1635257667 -1682728949 1126556761 -695633419
-1365755424 1077728237 471353689 -751065843 79793831
-1872082773 -42316148 -569623105 -1321413873 1050381355
-779909793 -1104068450 284170445 1590911561 694378812
-427595500 -157238057 -806152796 1643052694 1185997974
-978516721 -1537550411 1819810580 45885088 -231718132
-585605110 277960474 67888732 -206646747 1361169960
-597264176 1443103779 1438706123 -1917939885 -427163126
1254405486 1640801904 860798958 -1052631260 -331118484
-195271457 1353416994 652278420 -555735400 -2078263987
474035982 1894731073 -870560261 -332304514 -897264822
-763396892 -1829302771 -1302120749 -945611462 -399164532
-702088269 -599728738 952056870 -2061904980 -1826915499
-415245499 861522664 77317886 -606636153 -2030914228
-115690836 405470149 -1425841438 -1633151207 -1148265699
-402781364 -1700516734 886194885 271752165 -2017356847
1745788946 1546739368 1331168227 -802238143 1561151935
1869140304 1413714951 950831671 1134217049 734929581
247781663 603549415 -168157060 -1814656449 -351776805
1143481921 -765485828 1270717403 -2043421967 1261270080
777376272 687220580 -764011705 -64465020 -248146843
-288555869 -1602929347 -1552131547 540803232 1692201506
-833150562 1133060583 -1046421657 -103264236 1045774993
1979901121 1874059373 -1641990024 -928022967 -615551877
1359369207 290471588 893151335 1868122380 -519234301
186212270 -1437659170 -1366901354 -1005382744 1247615882
-2105218543 -80326478 -942159213 -1801683544 -1667079808
402009787 2002407396 -628434592 -787126398 -1697568750
-621359857 -53074556 -1582715994 1079601961 1477664111
-535600422 135521109 -218201823 -689575972 1472905975
1698389823 -12474047 -195584481 -9178189 835427547
2107807566 2083253680 -2115584113 -1906490980 -771309279
1352187040 1914648705 447986198 -1374230374 1126730071
1382427254 1442716869 -481184187 1666965053 636851734
-621274537 -1395503009 -893719671 1322022894 -116676979
-555771204 222083085 1395560802 -406411700 -328941319
-384924141 1737718068 -632558374 -898879602 2028396323
164920903 1695436607 -2110246559 956693693 1233717781
-1262640876 -2141977494 1346057308 1783284709 30441609
1592382632 707100753 914206630 -131655749 -92292610
-1690588815 1197035501 404756851 126996756 858576042
143335559 2122498422 -264743238 -1634972611 -1293989606
1257521958 482232026 -1942053695 -348220070 -1858377529
-477262630 280622515 235357076 -325435458 -396984801
171245880 -469889029 736930355 -589957513 -893429895
-148902713 1535571084 2043338690 -725191510 1162940988
-990579401 -1829408596 -459838875 -1912375798 -1596728526
-1752911687 -108467414 635298357 -1568362802 122861231
312266061 -1498706338 713217742 -1702905814 -177320361
325876535 1637773728 689068751 409630387 -1146325181
-1803312271 1477130195 -1241268967 -1308232134 -177444177
1958292680 -783708227 -1289311955 -2036178639 248333277
-937837279 -1161946537 1303783372 -329280899 1602113518
-1923297145 718181621 326137146 -1375033576 1687944521
-1662352259 646850759 1688272642 1603627709 -191513965
1421438584 423963346 2029996778 -1089258113 -1246643395
1704466711 -724228830 -1531200056 -2146690755 -1854824300
-1317565423 950775348 -1997832028 416767764 99198045
-1316414708 -156437077 -29427163 1123433361 -1253562899
2142429518 -725827628 -1260697881 -774518461 -1373565098
-1426324258 -996946042 913793593 -378772027 -687510254
-1070033954 1227141744 -1096961823 -2146279712 122453028
-1659057807 1660341993 87374657 35302207 2082752540
-1371330403 274820414 -423315577 -528923415 1018123732
556211065 -1703962097 -767570010 256750136 1696220733
1071596381 -833154284 1743663368 -1400615659 -182676064
-833165324 -1821828121 -414808143 3963591 1543676680
1291079744 -1747817187 792975969 -634475200 -895274353
-1176247861 -1354405023 410193218 1059969994 -899700449
-204550342 193316619 -582366654 367809448 -13193376
-2037538916 445662612 15803316 312328728 -1462044852
-21817730 -1543168886 -303105218 1035729294 1898803808
1525283549 -665051932 -1659006740 1997209520 -291896144
23155126 -1347091669 611124687 930994718 -339896833
264631662 -1843096689 -101588077 1709308127 950284264
-1683391319 596604465 1603809929 -705613226 268132729
-616856907 -1147752650 1348674272 -1750311382 1979197356
-721772962 -603339423 2094688325 1926972976 -1534096267
-1046842447 722228249 -12514928 1922197742 1281935626
-308138283 -1141606196 -1600291525 -805396051 -360880324
1661976190 -2131390774 797278373 1404439627 -718648609
798377848 193731309 27861492 5895769 -1937825833
-805138112 325423412 196626307 -1788762886 1114357329
1816419158 -423047381 -792806300 -1794368732 -1058153486
1567818468 578357868 -1046280477 -780941487 -459204205
-1323365733 1319384531 -616035249 1607055119 399582546
1694435020 -1511931321 1126091957 -1108445970 1170278148
597013369 12833975 1508598773 -226681694 1738249366
150546867 -879141528 -920010474 -1199585039 1093360530
-689713683 1437844395 808439770 869222811 1172196739
-470268386 -1978273688 1072822619 -1339910732 1474714431
-785176399 729054414 1048880481 803350003 -1467819243
1413966135 -369359048 -27282467 1805296613 -150749051
-757704417 1167059194 333643206 -1594809010 -315288742
1259635772 -657397726 -2103387468 -1494081518 -370731974
-814567909
