10403 96 -2146724481 -2112328877 -1111562829
-355141285 -151731437 -1998520258 1264480718 -2039746130
1666405427 2036186504 237092044 1355345526 1232375122
1953599774 112615786 -787686702 -2051532950 548526108
760393908 1538009060 1358026527 -2146672887 -1690828846
-2060894105 1361513965 -2139004722 2130571039 1180283896
-1012726537 -801284455 2052788780 575845716 1896129383
-1600734943 1010951359 1091323805 -477982546 -1283176981
-378951330 953398527 1829708099 1192295538 2145515307
1005403023 -497336213 1484371315 1928852539 -1569622265
973446650 -355940321 1980168110 1701702 1006977033
-1610645175 -922529134 1419249546 -1722590094 -1491240
-347208696 245225735 1848062554 2039026171 -79376126
1245440331 -537067821 -1056756204 -1812509610 -1977606392
2129810786 -1837842187 -413162056 -1603549844 560148814
1737538381 -609229729 -1505589091 -1727785272 -1291266419
-1693867486 568904973 -1037492211 -563085932 -1309458916
635303157 -561038434 -1079569333 1062535525 -494139080
-310527156 -677495895 -1551689281 -809035147 -1125374525
-1935112384 936549551 -1333409203 418710942 1515163055
1530266994 1745129881 884619195 128692200 -1793009941
-2073329774 92540459 -1110078015 1040105985 -861195094
1453413874 469566604 430915012 -624944640 1740932103
583581130 202791217 2110301649 -2135944439 -695841207
-265469644 81836953 -650814964 -555295706 123271031
940546137 1850515312 515954815 945156591 -568932685
-740783764 -1891543638 190140760 -1541247537 1683938184
-971826655 219697888 1625750429 -600494295 1437398930
-1612128335 1555103233 -1402309282 1517026143 57225088
-1121615369 180991213 -812381448 1264629321 -995621350
878960026 -801415522 -175435019 444173429 722909556
1718431873 -1928977533 1218342464 -761333023 -2127410498
764319365 -1323771323 1438531140 16654188 50521053
-775075555 81702104 1678418903 836680594 1278925980
1545829208 562561096 -1817649342 640009985 110424549
-17661267 1681247087 214311657 -280297358 -635934672
81871487 -1752104924 436490669 -982611729 435610478
-1298598311 472417276 1262077270 -1122859214 268323400
-517554478 1938321148 -1038922335 974864963 1971750943
-155438108 -1970131081 1756963304 165286513 -1089224852
-1128996720 551529542 865853748 -231457803 1096928208
-1953230421 -241071758 -766984872 1128641148 1612658954
1313693001 1746546165 1411328725 825103979 -43242092
45476180 584415790 -1347205387 -491626275 681153116
-1403114556 2054319855 -1637528310 -1643910597 -363033664
-342216128 949389344 -1721059907 -1597254232 1343116726
-1391679812 1000920551 -496951711 1029008606 830661873
1024130310 -1360891599 -1003543267 1367538017 1608521406
-1497174737 -1982272840 1568990855 772345139 -1787240239
1592918322 1705339887 -135261811 -1353413205 865049707
1908838296 -1048646415 1236825270 -911123908 -2100535653
790771637 -109409617 -406093588 1030648171 -531746001
919814449 -33675784 172138519 1903632709 -235921218
-1171434871 707701530 136720121 -903131944 -728186353
-1882436838 391459684 465909127 1071331252 -691575922
2080193793 -704764560 1634157941 20224200 1261660460
1940879173 991576185 -1109033363 -618990771 -722152078
1259729744 -1466617487 481423561 23549001 1992096341
491326138 613860576 418253370 381614255 956554485
-960816061 1867529207 958322217 -1333669238 1190267118
1349168624 -861885154 -242968748 -1290063505 -980059678
-777819725 -1725180337 889697289 804772683 858721355
-1880637813 1939197626 999913437 -142083044 302867027
-2040760265 1223535910 -1979889914 1012000286 820936085
-790017326 475531271 -300841465 961064288 -1485187574
-2104702203 -1156964290 1500159673 -566534178 -570150635
1465876790 2106510956 1418439775 -211121487 321634637
1290050001 -879132772 -1332365819 2034991023 1912918608
1401828832 1680005627 -673784095 -648498244 780656817
1541789698 1510452770 -1710126085 164442646 895476527
-829120142 1140691571 -988795588 -784476079 -1723633646
-299895196 1653882046 -1277589912 1596208409 -925590336
-1794041239 1906387675 183637046 1509265314 -860137363
834552527 -291518630 -1273201458 -829431396 1616556185
-1716866573 -1530759081 1962767599 578482594 1086252465
-761515799 -1460229659 -554922064 -1106635109 840136864
-72608633 1413488559 -1527525122 2003875572 -2033171949
-631023334 1781544867 1271287422 -2069140132 2060566814
1450190572 -1367701566 401695529 1378297039 1117938003
-630688187 -959802096 1765254784 986575046 -729876342
1005513536 -1112382418 -1106127375 251633365 1134247648
-1403804535 732833851 -1751885527 -1910493677 -1797380104
117478420 43043159 1830652129 -1256872940 -244572123
296136070 1286578849 361649550 1100446092 358250730
-544114683 -1388189811 -2067168512 -989557549 1702810366
-34864388 -921333914 -2046699331 -725990712 -1977845921
-482581069 -1823999128 1023264471 -142040673 -1973080137
1598403013 1987355898 762326898 1662758017 -2050843026
-1282312083 -1630527394 -321104502 949419027 -193553671
2060445864 131703622 -783722654 -1176838381 196343046
-548799646 -2070768476 265394435 -276206300 -415463346
-1161861752 1030192064 595136011 -1996359672 1254690978
450979046 2079341289 1281506320 -1278753937 -1759967302
-1503633190 1534476708 -2093983995 725437996 1334979694
1109305443 -1355475215 461651092 -4625539 -2035881157
1181747671 -113462284 1059660464 1831121537 301533829
595500082 -1033401100 -708008941 -1401366716 -1003469929
824922351 42695294 -765823542 298649152 1068782338
2056831923 1319209516 -981936758 -1730728732 -783489751
62273808 -1378627395 1987723002 -102436665 -2065189427
-152097567 -1876822061 104721169 705819521 -1900764719
-196648572 -1830251472 1440557500 -940785957 13648897
-334130552 739246231 776881500 -1543508686 -147484669
511607561 -985990120 557945274 1709297129 -1392409166
-779142283 530276128 -925105545 798498809 -170202796
-1088884675 1155510436 1873662291 -564976498 534724325
-357595441 851404673 1065469669 56127126 1112804153
31525429 294401569 2132322929 1202371417 -1260964028
-1138651349 1781937878 -1888632354 -1881053162 1365032061
-534185993 -424028577 -178827713 -346054993 -790135457
904481384 125886226 -1730402345 1451940673 6993674
634290406 -1348897014 -1483102411 -1983287609 -533331499
-186214175 -1068106457 1111368513 -27584 -682634436
1113983806 1436771640 -621039695 -1029582585 -869600102
-1708980520 -1832139959 -1728098578 -1220273025 -1869915342
-1389521598 1435721971 -272185796 446271580 2058857413
1516380671 1924204225 262686999 -1976745296 -1352274823
1284089078 1455345700 -170186199 652195782 2031364261
-429570012 -2059127243 -257286412 -423346001 -848617794
-1673433543 -1555754218 -376298305 736198394 596775797
1480251520 399726756 1195762544 1435756504 -2013017799
574583974 -2064708304 1696813473 200846562 -131864032
-374537066 1947664132 -342951303 -144950690 -1817566812
-407001527 1587512878 80209710 -1231765377 393138158
402305399 -437850114 -798978326 475727860 1180322241
-1547662682
