10403 360 1578017934 1462837856 1508303964
-1427367296 -301241755 1797397885 -1405426463 356900536
-800213361 368684833 -168001652 -1883313761 -1576784074
141646075 1461596535 1877785398 1466593392 1552971200
322221207 1124417912 -1726601917 -1497528555 564707033
1977797577 -417731262 -1044655493 696059104 -784815115
2020570868 -66713761 -49328169 1577950277 966340623
-1134164775 209254793 1914779622 -1200487342 -2019519535
-1166445420 -2024370391 -194981365 -14831673 632232723
-1548325215 1064684287 -2035191861 1705163824 -1310526385
191606057 626714326 -842232564 -192475169 1972105009
594565850 -948286639 25561358 -1359272809 1277701181
1433601263 -648600143 576611710 -1182874415 -1823933620
-1806380673 1502664799 1450500252 -1060657522 -1522621965
159157158 944994574 -527454208 -1130313604 -1779916312
-252610448 -963375187 -69507468 -505697923 -33662630
-1159787718 788324818 477875902 431164665 -1447453043
-2128279193 315415705 -1413718776 1291649173 745531971
277354854 845736141 1450035919 455248497 2037734788
-581599326 146397088 -58325704 1580981265 767296210
-887178491 -1418802005 -1902137168 10831268 510894025
1641754630 151705100 -48785371 -506387977 -1837684110
608084306 1022572041 1666923326 -958481714 -935985050
568171132 1101716524 1056254591 1873237970 991945048
-2135448503 1651619540 1906793293 -668377545 -1513764504
1160499151 -470760101 -872159579 -1555720817 -1326245765
-1591754474 1268436518 1300009393 -2075624649 -734816956
-26605854 -543167262 -269467498 -137231621 660703308
-545906976 -2024079971 1550610759 1089538336 -836896816
564691583 -888650741 959617056 -2017229165 -1901660687
-64869780 -670763101 251739028 371033916 -1798160882
676702147 714931614 -1916317261 1523433343 -1022432428
1805463556 937659358 -709056049 136774608 2120672324
491898430 -1588976125 446859089 -1350371676 -1061334968
-1815079244 -208022254 119481565 2066193670 1533596158
-1180047325 -2085464321 898471414 1240506762 -1531457291
-160872778 -833513746 195181013 -217509163 1083398667
725557629 -604618963 -1836522783 -517144531 -1181482566
-509595192 -618993962 1468856193 -60472911 -157551772
1095602443 1086677375 373213360 838377669 1268367129
252283462 236380564 -1356027735 -1403916529 970053388
-564434910 1530811122 266979523 957905769 -1331315005
-1334342686 -399923651 -1204353326 1685660753 -1773687563
2030409717 -969096872 -149983924 -664034167 1842208236
522466044 -370574925 -570281667 -1605485180 -1934872842
1264744197 -1743934205 298306939 -1205748482 937268889
-746301875 1208736203 -1088030994 507827648 1889539130
1634256395 -539627245 1619296770 821345515 1602766113
-1588079373 -2052226823 -1091821778 1439121254 -2089144752
-1236563829 -2021056667 474311943 1969965706 -1655732406
-1673700241 163743697 618846208 -1248359024 -1080961621
-381793572 -1047309576 1582122817 -1746037682 227758905
1987188928 383919350 1147847478 1761810671 -81436439
391703893 -1993486019 1808935255 1056693627 1538072050
627351733 -1600186677 992301356 1869122607 1502143296
-596958059 506296315 2061090594 1643930529 1031399766
-1051843057 -1860374147 295915825 1036832163 1345478881
1775350890 512792401 -1881796590 1413164249 954205170
17841744 -1593210696 -384406443 527607895 -2125510703
505030322 -1447389546 402049333 571182201 2065590696
-1551481257 -34336669 988435062 -916453356 -506166705
-1269709412 -1254233629 -1520487054 -1822635190 -985209646
-363929906 -1957869926 -1428307754 489320974 60207530
-1975016778 -1253627300 -753430692 54688105 313477499
-1192768557 -1540610396 2116130973 -1515187288 -1166302737
-1396432305 -1986982335 -819190168 -101395512 1214804358
1296998586 -17683099 -1749152205 -888692839 -2039007244
-937863635 -1580479495 -606792733 -495133968 -985306498
205124125 -1107946551 1701406516 2030018659 769135564
-1657900819 -851443322 -1419765441 -1401458005 -1729169903
268113392 1015241083 -562529589 1473719286 1846134691
-56502218 -1890667747 -440661185 -1693292290 682435184
-1187088509 1657032302 1633283476 -368671420 -1214456856
1853593080 -1517147610 -693809844 -420865276 -980213040
423640911 -143724791 -2073282574 1775327326 1425662537
1108192742 -1750384901 -1695982244 -728851500 -919164868
1723606587 -2063775454 630220680 1220775513 -1317363733
1082553841 411847162 -1987386073 -2058004336 -166474252
1300597946 1569887941 1383909901 1004326157 -1572085189
-435510690 1337605694 1063773960 1137606268 1213786174
-1437016868 -626044068 571403637 -914187863 -414087405
839257347 -659072039 767181711 87278914 -547203832
-520484293 1654497986 -1361189531 932024492 -289160692
1345781591 1638450473 412688306 -1448120512 656216071
-2056074588 402316407 607786111 -1577608892 -2078393736
-1418145785 -1315960415 -1384428058 -1045343785 -1032158143
220743196 -2074588142 -1670757955 474016883 -251207248
-1516840659 1610368020 1700854345 1927602384 -323674834
2036496735 -1180923221 1773723385 463675469 1482746836
-479550747 2019705627 -716770482 -1642808495 926054308
789956050 42390713 -1718963471 1681835177 1882032866
-1370056033 -472111995 659529126 -996691462 1060942597
1259680434 404340582 1979903947 -310246654 675964218
481985431 1428868090 -729682334 257503828 2096641282
8052663 -973995784 -601766375 -2046431018 1835472830
332122172 132120422 -891531508 893762926 -621505995
-1649552630 2124784745 -506469170 -431641802 -709821705
-1925212971 -1024671057 1175798492 1048251570 500955954
-2125165073 827037687 1490437360 -37367686 404490754
798604846 -1128757220 1033021073 -955805414 -1388955422
-2131751711 96696404 -856956352 -534360349 30082548
1830611408 1066697493 2097330878 -1201169131 458164128
2123712609 1636875030 -685259232 -907795692 467078618
543484566 1911486294 -1736085400 973664113 1853873683
1250149885 -963952683 -1473707879 -1696610574 1546473232
-1832238212 476097067 1676088836 645882318 -925061139
1190265813 2132305820 -1430938876 1513183221 688990174
181539531 -715395441 -623286198 513665939 510562468
1721597959 -1465334697 -1830023403 -554871393 1767092870
-1133518236 -1171223310 255051334 1190336851 363081360
1395016111 -417086550 -833546011 -1666066482 1562334354
1509586662 -1498557989 826418107 -1933719374 -1785065271
-466690419 1718691179 -246446299 -660113334 -265589682
-1549561008 -2049981345 2008096904 -212169215 587928855
162940189 -604626019 -2031817886 -1801349751 -434366537
-1506818077 -716434879 1314040815 -146800432 453099672
-1725499046 661460764 492923755 1065320261 -1142870263
-1474489483 535932886 358861744 2130829734 -2134699479
1152079743 809507507 926064400 -1553240590 793941959
1850870878 1020357918 892624306 1900054314 -678732467
1162314754 586208923 -1035708414 -757764669 1832843053
-627546626 536413907 -134356747 631545163 1924344049
-1920123682 -1342776266 -421164444 -1896187590 -965273904
1545333836 529054771 -831355719 -332541420 1169035177
-381789562 -222256681 -1670886277 -1378643329 -1681891900
1825123387
