10403 264 -1114508104 -715576689 -1803490132
1013927500 -317318971 249620690 -1353163691 -2059123401
-622573965 610694467 139040163 -871058637 288122031
1997658713 1559536356 -794054985 -301421197 1469431320
-1077700349 456963445 21681754 1944572569 161456842
-1229434733 33306153 -1423757834 530867133 1847142125
2119485002 684120057 -2018081072 -1395552459 214777845
640872164 1899722847 -1749866569 1149993836 1347720458
901910200 1944127429 2079449837 1256309373 1958929396
-804968919 165711293 -788990440 -1668911184 1479836376
549722637 644558755 2030187331 -1524244747 1317975422
1229839411 1494131541 -1402378460 945185872 903195192
1229969879 -1922384556 1225225829 1388692339 1856822868
1778648116 -1109291827 1920162561 1709116431 112117849
938171866 -1327486611 -1139849525 -1367176266 -1466457365
1513160351 -1276036409 -1601528765 -1733926923 -1409752159
-1940150299 -703810399 -532437241 -310340351 1149018084
451652182 -1244344186 964120846 -573177994 -209263160
-1448495192 1508033428 1893137752 142262883 1061214247
-309782694 -2059971019 -1381943319 -1759720755 -1310376651
660416379 1424887513 -1568630864 -1430997767 -584538060
1262320588 -1354713400 1674379322 -1512449620 1574297969
778160636 -935561701 -1308420550 -105973720 -225115694
1062039209 1264628317 1139481173 1061165843 -641963131
-914290792 619177304 1149938538 1261253828 -1979262861
164488652 1836460212 -449182807 -699396509 -1438228089
28546042 -738268990 895786617 -1402222630 -2061884022
-1349832754 1551395289 -1945462613 -2050246340 -681483452
1653980131 -204841451 -2031316830 -1805401712 1889621412
-124239319 -1799208780 275945646 1515824665 67370043
-1711662533 -772446952 -728074038 163944033 89520742
-1709320790 986239708 321023359 -1038466134 1514596240
-17613985 1532312184 1011401210 590497482 146475925
647791313 1058755421 -170760660 -1234420657 1792760467
130047444 337839534 -816026159 -124307505 1688502506
1367788840 938295349 1371284792 1671071977 -1741080747
1922143015 226243550 552352460 -363581648 1486443726
-1342651600 -2015729302 -1337009871 -1039022456 445381279
1866488773 -1176903914 -1108038125 195278077 1211292778
-1279582206 807501501 -1949944460 -1192582431 -1285469033
-742997399 724982706 -1146830667 1021264136 1387798915
-373332176 643065228 -495679212 476334983 -2048571329
1203701620 349719726 -2022483803 1393594353 979722904
-1425782496 -356464990 1105172544 -1756558335 -1728797008
-860965412 1263631795 900543910 1332504964 1202584348
1686299811 1259859699 374873206 572940675 1971564255
-2049710141 -1477359957 -1248180226 -1151847512 -770257993
1279150359 -369654854 712460253 1791570518 931610509
-1486426693 -1480638315 1815075384 1330385185 -428579720
122014076 -180393458 414572459 1801878526 -335650072
211197304 946892233 602346112 -669703990 1186090827
-1053498101 744914294 1105739121 -7807311 1730548159
-1935013560 -993671570 -475547664 188555057 -1929256304
1942837902 34235435 65465201 -369368405 -1852116445
940749410 -1550572042 318183518 -179935605 -664829889
707981805 -311725386 32415211 -1302429969 -970734273
-230563705 1830794803 1852912203 718627871 660011742
-835485108 -1017713965 -1310669774 1741245038 1430469075
-204910327 -82789546 -1787736509 -2124626215 -374913880
-1098110066 -726989503 1955194654 -1147136669 1441263725
1495532705 -1550448309 190261883 751841302 -502259769
-346350035 -366822747 -140715701 -1542810223 1745340896
-1904796602 2028461368 -2059502805 -1983800670 1902251469
-1936568079 -58525871 -2090488803 928583836 1443917216
-1054007379 650074921 114430247 -1340021351 1005526918
661875019 1873882222 -491523310 -709147997 167780157
1619820859 -1019446416 1971024165 596750305 1789251313
-746744948 1460418199 -1125375643 286182311 1337051715
346590092 -1540988088 -502155049 -118542475 1492297661
1034148689 -2042768342 943201428 798848847 -1433836446
1969191470 337736693 186409653 298574508 1065534746
-1244616544 1141455212 2073369981 1351218961 -790572700
-485017166 442735904 -2015992222 994196782 1836147879
-310286940 -1541220094 695807885 -671561667 1556274677
1976542933 1242049689 22425971 -477601302 1266047257
1619507704 -2132116920 1899164669 -1940602059 -1803350994
265582033 -1112325277 -1997008206 -1809930486 778971761
-880392855 -1988220056 1216588453 -646040445 -1073889148
11302815 1968266555 -2106497707 1142146717 -929173144
-114439029 -1686228228 -1845878472 -1389165047 -276499081
-390150706 1489754737 -1116232054 1734176812 750666526
-2143714615 1812600016 -957114014 1551733326 511118825
361581314 -143729144 1697564993 296869767 1185303811
360533066 -2115715160 -1432859583 -1284931416 -1382194321
-1347779250 -1152305486 663363817 333993477 -1635920066
385606065 648278143 -1998889343 -914555960 -1377205821
1935404428 558075245 -1130107696 1837728344 636890720
-970642290 -307682730 -1825813809 -1113917906 993944747
2058170614 -383676096 1265573372 -1308474688 1667228402
1370924953 -86356947 -1533274832 -1685854058 569312435
172284776 -391633010 -29742794 -1862028459 -409955698
-172016111 -1845136951 -1344593155 -1623768999 -1973984977
-1876361330 442773600 -586068 -725887966 -1397588368
-1995340714 1772273207 -144793818 -502154097 -1257163357
549161711 -671988941 1657777064 -1640058255 137706551
1565506508 1103647463 -1192906985 326616624 989181277
1322589646 -453156640 1152982788 320140836 -226234805
-856910875 -644832832 -737386559 1882756673 22968561
-1777869872 7824318 -1875824033 -589049082 -1589872818
687678158 -154967322 327432031 713970389 -1988568552
-1509625935 -507982689 1160499345 399570996 1135934003
213423540 -180352084 -291409985 -556522914 1057633223
-538701735 -1359319211 167574216 667294993 10576040
-400442464 318311895 -355969422 -819531713 -1522098549
-1809285966 -1623638898 645856383 -1278934382 -605800684
-1499186131 -1701234966 1753966988 1967577964 -715049426
1162387315 1217454604 648742501 -612144292 -451017077
-634629639 894418820 471730304 1485154762 25754978
-831976071 -551995818 1347009180 1751066227 1322838102
1818468129 803373167 -1911374837 -188035368 1180296164
1099897194 -611871968 -201568114 -794471027 1024813196
-1105668411 -1565482025 -37694057 -480366991 -812310822
745137690 -1260552804 1460050990 -2066189432 -758204875
-1296662561 713248726 -325915709 1208367840 716193436
331136739 1853063682 1196627402 -1937455831 -994185281
-1750594091 309344832 -609846811 15157884 824308164
-1612548030 1188933552 -1618260891 -1758734236 885525135
1508098755 1210228535 1445485285 -1505869402 -275262129
-446992111 -174188435 893676382 1430821784 -476243141
509095948 1962140838 1239030487 -197812796 -1837896321
1550176096 -27565870 -2125115870 -1546827129 1700373455
1549339130 -1947551690 -599073308 1190248723 -935343359
-1741987104 -2036768827 -1839220716 1404438216 -1774850015
-1750260513 -525996126 96124074 50094358 -1934272992
-1115755881 281483667 1534938346 -1853349191 -1127628069
-1275331499
