10403 336 -1234867838 1991359226 1336855932
-514161863 332872545 905399138 498987 -1061187305
-272680633 -223037990 -414939457 1840161938 1257632232
-661899171 2144820683 1637073501 1019266454 1705693058
1610913028 -1214545449 901286839 1839062450 -2050519416
1324964168 -1218510289 2118961682 -1932487976 -653164186
113676472 78849798 -1667846781 538443069 -564998066
-537519396 -95251046 1259329168 -391019901 -1552869136
426405831 -1007052397 -1531946445 1653229617 454032305
501095577 1610930799 1241495302 1785903875 -795698993
-1729063773 -1709722654 2041250249 -1121235524 1378545555
1239312203 1249871239 280848759 1434866137 -803018616
-1537070957 457123900 1599639005 -1151806830 -1440327807
579986895 652021552 613059526 322171075 673747982
509074014 163048049 1811898685 991707429 1332522957
516024441 1960099346 1558624020 -1773431789 1028591848
-175179100 352152099 159029055 766662393 675505805
595020910 -2060463330 -1759278970 -270045420 -802750725
1103280962 -1845754301 -2053653543 1914214303 1249946513
1743759903 -1908291649 683951590 -1674476204 773073359
-231062613 -912421956 -658618975 -1796681743 1922996544
-2009305268 1706135423 -66557007 -1908080614 -1849999561
234791556 1096585336 -232847413 796723168 -1260433104
-182712993 18039144 -1332149685 -1314422808 -2015251048
1188734435 -357470750 430104146 -1895529378 -1703138908
-1335429233 919701528 803500832 758709106 1327132731
-223844672 1687963394 889442053 -1031732070 -1794794182
992145334 548384922 1314300990 1597988355 1240320303
2007867485 2099146602 92120257 55057826 1108969392
-56420680 1602665451 762449419 1168988225 -708637339
-533422109 -1177794270 1666317950 788134046 1239749190
868969647 932398249 -2110968461 -1952917619 1779402361
-1564590499 -1895166669 1702301439 588933415 -690030359
86563197 665702881 -727130145 39296289 -463684237
-1364469813 -919159089 1358814866 -1146318904 1617326207
-302369918 -594418112 -262631839 2017699488 237878845
-1312059735 -470154058 -371443187 352804826 -2017178073
-188296927 632692967 79493587 1471866028 -1844920442
-258691383 -316275386 1507378844 -1905416156 1126917923
886604783 1712455925 -121985215 534342633 -2144830900
580853682 639772563 1046433896 -1554459058 -524176761
499779795 -742771661 812139252 1048376190 1022867256
2076564305 -2005831458 -975453586 -1772035013 2112253808
-1943678780 -2025744551 -1399756137 -1252180903 883634486
211224806 2028907859 1352684543 -418393152 661186639
-873737564 1758862225 1001680755 586486135 1770217200
1816359622 1458958584 633051807 1049753578 -1863056119
-112229767 -1627813460 1940083607 -1060229790 -863515997
-431488789 -428311414 -317594169 -1882326156 2134043433
2033267436 44216263 -1540003252 1912505810 -1527501360
745986568 -791718801 405378413 827679576 1197510617
-1832298643 1231091385 -1697763680 -976194853 1085748996
1444856864 1343240931 -695379859 1043223989 277832376
-57638557 1687782599 41110404 551196287 554083259
-849191471 1300296223 -120634180 1471905001 -1038014240
1929534653 138595357 -808604306 948831428 -916443658
-529745574 -1657507994 -223460226 1313671528 1301506804
356141157 1507692006 1707477852 1652472666 951235980
2102381495 820727554 598873817 931942641 -171618349
1247809868 1651750402 1479448647 -1975535779 170307128
-1484588536 -213678341 344633655 -975453655 -1258273701
1384848539 1428115723 1148746939 512435670 -165629202
1847527393 1081526606 -1514520853 1989038831 -1358610221
-328134651 1266498649 1173160875 -233667905 -250887311
-378001172 921260763 -1835634948 -31993499 1066837492
-1783127932 -75259433 -1598721186 501361886 -607479467
-1447477650 -1162896363 -1013073682 -1643299271 -1975577657
-1765976128 1558131640 1372074433 460826177 1060105197
-1509961678 1015665367 -477267993 1624861301 1957298723
1925404289 25785338 -118420484 228695176 890385219
-277024767 -731587721 1780607685 2083630139 -1389807417
-1231559023 -1279727609 1799447864 1768866718 1957359604
-934462769 1695069997 -358009072 1979296673 1941317410
-593789920 1467108395 2112268813 -1765085773 846942492
-856715021 -35232242 -1486881445 285770082 2119185636
179335080 -843987904 -2530770 90393749 -1179825221
323600418 1078683423 387363770 -1269552645 -193175
-1934487162 1991267902 1866934417 -1637555631 -1594561318
1852067603 -1540750034 247680084 253416699 325039242
-320198302 -1679949023 390321743 -752353396 -119965109
1761610139 2118954524 1378347459 -1524582156 -1250730510
253974328 1204343012 -967752841 312331857 -2136584781
1507002125 -1698306161 -689540422 86493859 -474132610
2130681205 340774142 -448414208 -1026899893 -195917670
-901798742 51847971 1294029509 -762826350 -1792715470
-868527787 186524208 953965549 335708106 2121937728
1871677455 1074450510 345776938 1901539313 -501482972
1081017546 -317833045 455300775 -380565236 1400531948
-311861310 895351596 1785521872 1036546317 -1001852711
818289747 -2141603421 -171926857 1086905708 -211529872
1834943544 400584853 -1849205703 -985959670 1632689328
-422670214 -467072021 1077410652 1337870894 1035477275
714630802 -1711071466 -1685420820 -1639845598 1323349101
140901693 -201950834 1681103627 -734801278 1953143185
-1255350276 -73307405 -2128357608 995343398 -1143387569
2129461488 -769466848 -2127194473 1345818970 -200584928
620403855 -893186237 329982490 878826117 -2119348962
-675762921 -683689109 -345168982 823776788 -1598597947
2099347120 -869222214 -175563882 239268827 1396699
702599179 -2108893165 -1683714285 1153327002 1721185566
1482767049 -1181801354 -786227759 1893231118 1688686137
1889134603 508219996 -1007922962 -1601592441 1551905395
707282690 184679076 -724611632 -697707203 534024504
-631958153 1368820613 569615991 -1443413901 1665005633
512419798 388944709 -1856070459 476246305 601199610
-1137904294 -1941028557 -718436235 307570155 960705880
-338411470 -338118567 27663503 469037770 -463923066
693630989 552164049 -447297005 -125705589 -668386268
30188405 -358137870 -1732679976 432281850 1425042621
-577430418 -1296029364 -1189274350 1637660068 143520866
276986191 -236223788 -840613696 1978519463 1976691341
-519833611 -1589315231 284200504 1171706995 1255063182
-1932886988 -7352863 -1968344015 82694 -1810274518
-97170316 -379480093 -1931622483 2058093106 -228392339
-997357444 1087435364 -1644853315 1741872563 -1863342627
-689837167 1766748992 570908611 1022712877 685416467
1620259004 -793262337 -1338208063 -1084761497 1631006790
-1983572582 375003169 1985803983 1898584519 -279626667
948547000 -325468500 1545163844 312651293 -572875166
1148103114 443973216 1709752221 -41419623 -702549274
-392871934 -698509221 1026548302 -1276396469 -1364538462
1108020037 -792669926 -1544898550 525671881 1740397056
-1333675738 57374210 -271009464 -628303719 756331833
1359943909 252180719 1579503651 -211869658 -2031796068
487084977 -1819521526 -2133979344 1780983555 -1365469425
-2011870387
