10403 192 -254359556 -815347597 706645911
-1168898589 837947703 -1831829570 1990400322 481648962
-1329955544 -939073674 465192845 -1649489152 -2051493599
831905158 515100019 1900986756 1294833491 -1131350641
1539860556 -2053000497 -2131459996 1224517499 -1288646809
-403191099 -1384887296 -2026853633 10910113 -435368778
437049487 -537488806 -1141222852 1183203859 428695026
-975191043 1616781534 242763448 1477969422 1749322661
-1569008914 1512822794 1129698169 -627164662 -1259773136
1709885762 185671942 1680050189 799216615 1797294658
-748164265 704437258 1256466300 959908897 -2134621484
-1497309131 -1502239514 -841162856 2138913685 -423061508
-444649431 1354948525 -296709322 -854546018 -1995292357
1660971383 1879426372 -1615606681 897231569 -1585143352
-1312603475 -199973500 1251955485 1797378765 -123294304
-291139547 2010477490 915160268 1828797918 609884424
708483578 -2126984468 833874239 -644710042 725200707
-1769803496 2026769520 405931514 -1036348768 -1581318762
-896831892 -2126341623 -1998766639 1378534259 -938198572
1151530615 1085366941 -1569159185 1712087668 -122024911
-790941979 -339029882 -1394114268 508062185 332865156
-566165022 -1473401457 641609785 265196636 2127776449
463569271 -1894038929 1445797348 -915530198 -1671530788
1911225717 1073414931 675717688 -195361920 293307822
1625196178 1220961251 -1439776695 -210259300 -380068602
-2083764136 652986879 1174171133 -478272613 218080496
1754261995 -1161516767 -1106565401 1446689622 144069694
-544228510 1576251665 1227104342 -1398736322 -917050059
1990883718 -413142666 -1557378983 -319588414 374540856
38802921 -1181548757 450391460 1624731785 1551519730
1103697110 -1795177851 -984056852 -1050048135 1704213168
-1207264387 -409221249 -902861525 -402868427 757528491
493523736 -745207036 -575609958 -1525943891 -910313249
-1460595585 -699781478 1150321480 1393895928 -815139432
-2105329735 -2100674915 -656683706 -2031457125 1048045525
-1254298465 685073278 -1142675604 1436055746 -1630654274
74017515 -1214848958 -1127358109 -1947744127 -453622805
2106574806 -952173116 -1569342335 195133005 479476370
428378894 478084603 82823866 2040210656 1346319235
-707189461 -1616547393 335110746 -398322801 -826277699
2007942430 1533362898 322276525 -1977770441 -970112988
545780695 2075016386 -92309946 -1251945920 1941743642
1501439628 -1773721872 1927559959 256302015 -59738739
-948118962 -424048825 1280470062 2123547321 843542767
367052839 -768622170 -1616784718 -1476733058 -1528342926
1636949751 1250273553 -928860879 611798609 299289813
629965546 -674067199 -849336516 -2078006838 155957350
-1340719259 -492402253 -656743909 -435272983 -813472418
-1695644838 -167204324 751132277 -497990435 1441552304
-906357322 1674316380 613746212 -2098814801 388058440
-119707773 480723990 1175773665 -1773064922 -1481890348
-1680944625 132882569 566393339 -1738068082 -19091636
-2103818624 1998130036 -2050225194 -1601047231 -1027205191
-516604252 1834683489 332802477 1241502678 -1823530518
-1472279236 1889168337 1086752733 886934031 668683720
1076415103 -783807509 1476045034 -1575210111 -391358709
-64376008 -920717398 1474092801 -957040227 -1340949965
271995274 1287220974 -1924795868 -1880174984 1645077348
1563733426 -1355877623 -1314662040 1603465666 2074510150
-867659879 1078047764 1051682824 1188170449 657601738
-1574437189 -1328015646 -874164071 -1790710280 -875314135
1715272799 134382596 357477812 -1387041068 408637698
-1015511798 -1595598533 136160603 -856515524 1522610989
299448143 1638548896 1337021750 -1083048027 -656658623
-75957573 -1378212425 2111199100 1578700445 1549367551
681975720 1515053813 -804940437 75917280 1926744073
1166278477 1623603737 1591990497 97402469 -1360779993
1903075790 293056897 -1684007238 -1913205962 1157760946
-1662232961 885920108 -808397228 937567170 -1849559952
-1014760069 1219811518 -1101391966 1241365698 -1793608989
1644053569 -1154891769 655288616 529151059 -2046479046
937169431 -1189022036 1494880213 -1657130230 479661220
1883396213 625654153 -1013301590 1924349963 -245244303
-104958459 723745325 1767134242 -1327195470 -1204494640
537020826 1677767691 -1093369268 -1941452738 -1626086738
1198692927 -1882695384 1736406905 -834406127 -720658639
1182282291 826920622 57385062 1371785043 -223996974
384487149 -473641634 -168850537 -1061591172 -1960726560
1924592838 684053937 1762740364 378331578 -439321791
-809811900 408945781 -641793517 1993451532 75531827
975995951 1453353712 180368871 -224287354 1009302173
462291011 -187802505 -166254940 2068036748 -801392379
200989918 -1005562701 1948870573 934854409 1520665047
1717221226 1704064446 -1123859162 -609994638 541706497
1376353241 -1135272930 -336251288 36871890 865430398
1972242179 -1927463974 290315810 -1547081056 458963648
1847976673 -1324291303 -368150492 -203016898 1335638062
-807617916 -886595946 839915800 1963050791 -499090730
1517131207 -1339158053 1304774708 113688059 1862309242
-354603467 1344886510 1036928681 -125714591 1197932532
-495147773 -217514684 572065329 -1633184866 1251519077
-105950994 -1786683269 1336290164 -1860746425 -48886971
587424222 -423210811 1362941339 2143293874 571819506
-220419001 440214776 532249966 -871842042 -1076261320
-1386757260 194606250 -1232302846 -643568946 -1735387212
-1873551668 -376439616 939820123 -952931378 -411556093
-31974436 1695843944 -1412743047 536777563 -1143994872
1343864587 1827112436 1725455032 1796430726 867641779
-64037142 -1687039116 1989672008 1107702642 536291256
1998381458 -1479073156 22334034 1397265110 1786419330
1293351887 1828466484 1397908108 1708528305 -2044576260
1838521366 718997333 1835243446 1598037284 -786363798
43275247 -41274074 -1711159319 -1371186652 -1810189275
12352590 -1169539026 111607621 -629779698 873648028
-913555865 1589926660 1910452799 -1810648820 -1264156154
1190029681 1002279214 1536319273 590734428 1322005485
-405412985 1906378386 708478716 -1922208086 1838503819
-1451427861 1804844722 1765441174 -1448251304 -10890813
-369455986 -1212261893 -1850587842 163680131 2042557305
-1097662101 -1376298945 357475441 -419732413 245219041
-48118475 2101293070 71745746 -1512956367 1064032329
-1127792735 505510761 -1073295736 1635560812 -2067769430
-898735875 1434872846 1869473306 -1822547107 2099964376
1903027476 852052435 1835409496 1039520101 1496428416
-1090310429 1635367056 -1300824874 819288436 650300625
1444784641 -1743045890 -1526298378 -1169236694 -1040293427
-368454414 1587250444 -1964745876 822388858 -306899880
1893041573 1632015811 -288395810 -1043102432 -1566940091
-1012242517 1856700748 -967816164 -772661164 1550209870
1700763165 1120147250 1317947117 -624981927 460200967
-273846638 1939286108 -1862003336 2129360593 129652888
1635224098 -2007208391 -17023456 1263909824 1864736677
-1046308812 -461037375 -1452356199 -930830145 -166276175
745265285 -720723497 1198592590 -883403603 1245874269
424970084 1315245507 -143272222 962004336 -633649466
1320864754
