10403 168 700910924 837121895 -1563947217
373367255 -809128250 -1155789389 -1456633878 -149525132
-783288433 -293192038 1529050811 -283707021 -348090426
-881651951 1936648498 -1489258307 -1912904532 395509591
-1080601467 945455855 1964643003 -1654738984 -726937808
1555371910 746845105 -406110061 1885658704 -1187932071
-1360558389 -714918825 476378661 586202996 -956703736
-55591958 -884376638 2032497660 2121031020 -1815323365
-1039552662 803579357 -1068767556 15855435 87862961
-1464259325 1481211089 -57168540 1908943114 -585948973
-1581262002 1974302054 543002393 1307810385 -1319437915
1923110277 -1156097147 -1542108711 794619345 1860599269
1632019899 -2131369415 -892838598 -665467398 -1951682505
-1393928970 1671792721 -2105161909 -1954931726 951606275
-446646129 -988263430 1512695959 -1829653298 -157490390
869263697 874759911 -684882638 -946111923 -959194924
911489204 -2143904212 -1323712981 -1543273006 1095581566
1874801458 1168089272 -732151033 1185895442 1953447038
822516170 -981042334 618368022 -1030294990 105873085
2030955068 -19150011 -1328512793 213985881 402796222
-807123919 -1301117470 -1130308953 -1628837501 -948762437
86043748 78093008 -1757826814 2000839229 1635181321
-518765752 144239910 -107688301 626795099 1094004436
915893554 1043018986 19782121 2138093291 -1431051946
-920757399 824425475 571436021 914187208 890922311
-1947671733 -988660590 -75112274 2007011763 118926381
1286878405 -721063300 -709781069 -1668503057 684789755
25174106 -2049619504 -1237186168 -378294960 1657742484
-571978941 -1117320435 -1025114302 -1956584111 1753964542
197734379 354469733 -540997949 1477819911 -1722713391
-263847581 1909058417 -541438516 -1688720554 1223301607
-1904031453 1825314987 -219698819 -1747387041 1773928600
1713958884 -41525551 -769003112 -1535835103 -60869324
-1701500286 -666735216 -1975086714 1236237173 -51924505
714182539 651819033 1329932057 -1225447601 -790470234
753087875 -2042081276 -78017519 73582631 -581248145
-844730174 -444346919 823661599 116301609 -261829230
210012583 -519053257 -1416893499 -1707141278 -965494338
2090310102 -712974715 903048707 4558506 1336949726
1998302482 -245071522 1771805873 -964265380 1587058755
2078025608 -2075937836 -1829465672 1954735559 20087761
-353711974 2044320409 1747731609 364016750 953337478
1503918570 -1455625788 673339370 -1982383810 -1710703495
189757832 -1986698798 -202819204 -1660467724 1784906750
-671846728 821992138 886393951 1187639598 -8581655
597795676 1448353205 1752055629 1949757731 -2061745926
287287243 -1988429715 255008378 -324759569 -852086342
-1692386037 183787957 209577955 -733709615 -1191985165
513382391 449021474 1178819424 630976046 -1930690750
-1127937424 2006410546 -2126993482 577102244 -318274780
1948989957 -1349270126 962176807 1827414668 -1890189268
-1714564565 1407551222 426911756 1895397463 -553252423
-338877928 -469640238 552846690 -1996775820 -271761847
-1263763635 1437320253 23563078 -119205339 -454771976
-896782648 1518296214 1730447355 1102934402 1983771280
-1763565040 -90361073 387889273 2046600531 -2131512846
544690630 -1192496677 -1301139304 -1055440741 -544068288
1823550885 -1171950427 150876639 809752263 1597088175
-406035395 -1350922039 254778312 -855527645 792845752
-753567618 -242128644 -1698383080 1614451197 -1629200927
273623963 -1495388915 1639242668 1745039649 -224145199
-850688315 681131941 1286525359 -353022256 -386390434
-800409710 -395279589 -706084998 731470947 -1230071616
-1201137250 -943799126 -1516629573 -715292690 1390856808
-749371341 710617822 1605694940 -511455821 -163235107
188093014 2136416070 -588918775 -1713425068 -1905994809
1803685694 188030778 -311508812 60841046 -670716327
302627216 -1282387828 455460539 1633382519 -1725085956
-1947670306 866832891 -213148552 -2073992198 -2045024068
1748430452 488532401 -1926973599 -414974037 -1568725692
-1964680989 869788329 1337763985 77392822 -597600643
-1846430320 1464401701 1767925181 -1910057219 2056346132
-1225523163 1874938768 463928902 -615496335 1541103846
1107913667 -1987360775 -1587662583 -142813371 -350972801
592238081 369528640 -1192087022 1209975113 1939027606
422095061 2063231410 65416490 -717566700 -2014339547
1335093676 1190731957 601499414 -735755683 1493719720
-666231182 -305477806 204828103 1817189477 449108773
1960510030 1043740896 2107768556 -271578035 -546299873
1542930047 803248070 -466691586 -507220449 2082723583
-396140288 1803927263 -434550907 585603919 419118223
59055590 -1696402084 780682708 312772536 2076116819
-550085499 -308694617 -823721114 646314533 -778092604
391207842 -1238191936 -181032746 2017764913 451681010
2080328992 587956322 1745586683 -21457353 1633803560
-653635496 1365558158 -463953126 1840142310 498266007
-1790000041 -1840274507 217850372 -305728555 202777263
-403368668 389994374 645613022 -1695735934 -875510012
-1847834187 765581024 1212774980 1401730663 1464999680
-1515006323 -1186406613 -588567266 824982592 1181084369
-1098735378 1925008962 -1318103687 348203902 -1609309522
503575759 -675958490 1186805927 -1877709842 1598738600
-1407385057 -1542682896 -1654478838 -2077021032 -1976906961
-333332308 1036776177 147110376 -1468563901 714047166
2023329738 1183107578 456022037 -1110259800 -1860857324
-1614591702 1787142582 -884278595 -801734459 -1748733826
-148567234 -551362294 -1818311418 473928230 -1334171212
-1731848234 -2123304116 418503555 -1397573306 -631064564
-998604429 -113646952 127693797 -1923749199 -1569945833
-1640663845 1273899832 485895219 -236671756 -395481205
36760987 1741679385 2040513014 -1619298217 -1433039389
-1580854554 2074510616 -1937540719 1693173252 784113899
1390052674 1158627849 854698388 -1774107953 -2104242496
692308290 -411642458 -489643825 -68029264 759469299
-533457711 2095964441 -1883409063 -1262011818 -594073001
1608563040 1136109883 1957782746 2013345356 -283816853
171622953 -1949552335 -360188448 1809711130 1917466068
-2143477230 1702853914 -647422824 285880600 1367226816
1860603005 537154399 -1174255890 -1055141871 -223216387
1049137775 -1003274878 206290285 -815491404 -48454192
-1597997038 -1215293703 322996070 -891195786 -189731252
-615678876 1628718393 -1452865366 645351247 -2069948375
-1108507266 1923476971 1990848813 -1239849573 927771186
247620723 -1278541001 -790693727 -3126459 -1348422984
1818609679 754571593 522676444 -889798378 144217287
899231344 -1650199265 -785341630 1922578391 585808211
1709542649 -162375194 -893457299 -1730578575 1931777857
1770940811 -1462948378 -947209355 -515567781 886117727
-764183920 473918101 698424614 -1666075413 -519435651
472935312 1019737447 -85161002 1820970872 -1202067272
-21892596 1479965208 -812359931 1828951979 -1012391186
1565455735 -2029619603 -510301760 -204198604 763035281
1454365477 189588022 -119361729 -1749743702 -27204658
1874498654 -2057223524 918792968 1049134839 1534250216
1226776616 -1950137470 -2120703990 1470301119 -1976797999
-181933895
