10403 120 1776601700 1828776134 695806009
1044388829 -586062108 -295380138 -1158981996 433713671
11890864 -463639756 1531827510 -91766460 -859068551
-9197002 929753959 391904074 -790722363 -1273751079
629192745 1710465907 31007174 1536070209 -1189173184
1147524546 225312248 1502198261 -1924583757 2029351897
173573893 1833937017 1252941190 -1056744162 -962989958
339304041 -544861597 -1056548880 -1465037519 362941279
-1525029747 -1954732676 -44916462 -1006033175 -1384781450
-1559366513 1262166409 -1423715985 -336850003 184064070
-215519973 2065341987 -1580440922 109964242 22719613
-818699063 80183042 -418722986 -1552139835 -101765481
369147184 1361694839 1087361964 1925714038 898685828
-396786972 263048009 -934569919 1989186896 -348777936
-1644561859 -272763220 20056317 320502753 -2004049540
1922627548 -1811427419 278290329 -1059598324 -145504440
648118164 2029861190 2020552378 -786826588 -572914716
754689918 2063974889 847706842 -1722401147 -247132378
1946981472 902598818 -650483776 569974623 2051315969
-461987359 -2143983690 -1829558958 1322207260 -2106423619
1155100351 1632706963 -521972109 932291204 636419129
1790116860 -1823691184 -837147223 -533298376 310490195
-1464119526 -1374708502 -1675488445 614941310 392658801
-1582960987 -265187647 -1925027246 -466920687 -113113093
1668980781 -126797411 -873301363 94892419 240207122
-162258184 -360890394 1460938639 212877689 -1483088556
-1336383995 -1659465137 1401829479 -277486257 -1794589148
478021679 -1263759696 -963060762 2117121695 1463141165
-1828541732 895309514 -1631621996 -1170711409 1608341019
-1705315741 683094085 -2092634175 -415645106 -1569381441
479627502 1438373730 915320456 -516170357 1328084362
1688923848 723289628 1934619726 -250833987 -1052945650
-1986975006 -1351002935 1158410232 -1639957158 925387662
-1440420027 944882003 852997104 -1415607967 2094326720
1958767484 651701008 -2098943318 1802387381 296371793
13055578 -386446908 -1842188369 -929017896 1189880447
-1013936562 -1963947122 711695728 1368959974 577808635
-928939355 -1361382272 1757174005 1354019306 986040223
-783625428 1606847818 -701924025 -639832266 1001289418
-1015173913 1250287272 -951677757 -1039319621 1148767389
891109452 -1858761630 22875580 -1920435683 970320258
1506955927 -124799299 1342611454 -1255767750 -583631140
1422473630 -1555451988 -63246925 1691220257 -1860384850
-443788834 -1437342326 35420624 -822838944 -1057505876
-580384532 -914011320 1044110038 1835197791 -1099339926
1910382815 471203061 1797231427 -1902083541 -835618837
303751213 1579785182 1044185367 -1855205772 626146853
-1059674079 1823021456 1360199998 2095678435 -776042030
-1551674140 -570071283 860466795 1407905586 -780216142
-1998031866 -2071638769 -1976997914 -2024528947 -606063327
-956524824 -779829091 -1265490362 724764701 54382109
-2070250326 599765332 1280774929 -925824970 1756839515
104539065 688122058 736390273 -407284781 443386868
-739659783 861897806 -2126201763 -259100943 1474335217
-1052858585 -1549267089 1365870750 -1068491760 152145409
795659333 -1844080012 -283204370 -1228558050 1709817873
-93635324 1735196678 238944480 1144389192 607339454
-1295465393 -1768144901 -1359470766 1575913533 536156828
-1321758690 -914344318 -1917498757 -1515469086 -1600819897
-1039104899 -1432838102 -118413247 265881238 1172972798
-246793453 -770461561 1771460895 -1640416883 -781604256
-944774402 290389750 1413874052 1846365673 -1673646964
-803391181 -1559198146 920420595 1015613008 1376882436
1766165903 1073976091 -422434429 -922617708 1703860945
348891627 1046257998 -210159049 1165099662 489972638
804796558 -2031944567 1889155741 79247254 -563151567
-412259101 -1578607172 -481472335 -1815034331 1607231627
-269616985 1647622048 -1906010516 -25647535 -982714810
1465376552 546127487 -2016625672 -668096535 -1735609179
-1499559232 79361961 -1424842391 1417254302 -1705307362
1791235065 -1595606360 -1991587320 1210977141 1291055101
-1122619035 512061097 -887843419 -1073603064 -1831100199
890436239 1650913100 -1409293658 -1412203119 702265988
-357947809 1762114163 1148649519 1474905854 -1771086203
-1435440591 898888935 -45625839 564169615 1365674654
742702893 -2115474177 -658677762 -418396693 -597520374
-1121864427 -239447973 -22196810 -1221811903 -956544175
781007129 -1845803018 -468345979 1284616694 1801940530
-555745612 756839168 -387864191 -1100401193 770904110
-850295544 1702689297 670167719 1781119920 -1232346852
262950800 999708802 -1000584663 -2117685576 -711677068
-1631963118 -2043590154 1367204265 352016147 862084206
-1348104939 919427145 -1228123022 219913423 1617636975
1186638681 -344378153 -2036084270 1530967815 -465686816
-1669133527 -117107405 -2086682981 -454336056 523061064
-1685068244 -629325659 1812750356 -177573798 1524284579
1092504937 -1575961460 375193807 1556270919 -1940762150
811279838 939526002 -1395180576 1182458998 -1778187544
296356041 -1217413709 -948429932 1858213891 -1266217862
931903512 48918869 -562011596 -97584820 893387335
-1715727961 -2104221006 -576962872 -91867335 -1674662985
2091678694 -1259773888 1523735788 788148433 1464023649
1665236025 -815263632 -1796883408 1657897516 -1169464132
-1502853810 1574195913 153923124 1273328724 2010785943
-1540516398 1479494304 -191108032 183270220 -2044108645
-491915924 -531076793 -1485357439 501176912 -358228641
-1333592986 -410063453 -2124962594 -942913805 704953302
1207404278 -1735769336 -140774627 -83687351 1786193615
1810753066 400541164 -860736357 2125139462 -673026493
-2134575585 -1590982097 -225041052 -1048737153 1869801209
-1940627157 -1602660587 -1915934534 -75387872 -842085283
-306796297 -654929113 27696007 -857424398 1274846459
1216025959 -299973750 -1009202571 1253534744 -1764378490
1696178219 1043574400 1427991845 -133089792 49156626
-640778577 1014162955 1295058858 -1664205720 -2121250788
731455301 523388270 73101460 2140076358 -1511582944
-291097891 -1284935872 -599433863 1851014931 -2030694387
1856470624 1546494716 -985238316 1408190539 1753148358
-1399988083 -1756567954 1886824714 -1838976046 -1140266017
-2091739319 -1964817811 515782187 -881063462 1545489647
2112747184 423874064 1944286095 -1264461404 -384788671
-1308601498 -973414449 -482702274 -744673863 1520312553
1533688491 -1894243168 351082859 498431264 -389163080
1337248370 1985669410 1330605776 553276701 2132242503
-1208462090 116878024 -896981425 -1272689561 1754662149
355836306 -70242537 1100548024 -1029386596 851969118
1298033741 -1532063005 -436892647 -243392679 1667472803
964219938 660284382 -1899628425 -1047240576 -1359136198
1741453606 -852431181 -1812013904 809097673 -1867051030
-219233056 -1516429494 -1272043871 1618029208 -1403556635
-1361129676 -192916924 786135594 -1717385587 -925106747
769559826 175875525 1609140895 -1894781965 -1083087206
966817212 -1884682885 1469848465 1675314886 -2000061883
-2100707829 1177392682 -929264032 628065156 836538234
-2126554738 196815728 2090368229 -1810763426 120734839
1591467650
