10403 480 -1234619778 1798511791 2062715729
1494162352 -1766204757 1661604061 -499286098 373703692
743766765 505858505 1501182376 2019736729 1772804798
454810354 -124383344 -2126139488 -103212866 1654707017
1737589293 1511267515 -1721299997 1726259530 -182128910
2050114513 1708871493 -372981850 -1831810345 287121776
1088339637 -185417447 -994348027 -1410461494 -1630018695
621043442 -753394830 1698485329 -1331481710 294268230
1902730729 166592689 324256782 2018782255 -1784688202
675067807 -1184779333 129874227 865701993 -691941575
-1698001549 1706430850 753868574 -2022694328 1253882620
1462970902 -1583924175 -874735311 1118726058 537592909
-286740643 1036248838 -403200558 -1922272028 383469643
-270833238 1842088403 -1477411210 -623595250 -1123121601
-859887644 2049184307 -942784539 725908245 2099177919
773002046 -1603831933 -476267018 1325240356 -2144616068
1202573305 -919222486 50579442 806330731 -1011604458
1640311877 -1850858103 -714627203 -906857005 1092675634
1347142659 -819955526 -966249298 -588851812 52400927
1122676566 -2087018868 -2127894959 -1005712135 232333169
-1841757535 1496164003 -1666947976 -126166072 1605191384
-1518381151 1468297584 -1265802660 1388508621 -181872939
-616245430 -1771133481 -472564271 757476036 1422573279
616266175 730002318 2090038343 -1805852209 -1412520218
-179612091 1344161199 1523577571 -1465464179 -862309647
967076593 -258468459 -1978271624 -1661105790 911474857
119568269 1489646506 1033408651 885400665 1704255409
-683019704 35321640 -1955138900 510933374 69194578
1264256475 -895277646 138427530 -1779544053 -1031878625
-1631533367 -1169221764 1684958009 -940501860 -1671712663
2144420418 -481886367 972378445 169300559 1140107313
-1945327802 985219646 -791487736 909633017 355926785
-1619244039 733470327 -1961290381 -290978051 1813727040
-125421496 1070504137 1284922204 887710859 393374197
-1500272146 -443129952 1749339109 -1681522559 -82601403
-1659430309 145145732 1251976223 -561125628 1957297420
-355717145 724342762 1136156406 -1064646455 201367180
-1069755032 1610680544 457572124 663905347 1827984366
473261652 -872198840 1426420996 86946143 -1771614253
-1489164127 1684231671 -1759713600 2111206556 -462254450
605156811 1076032232 250780347 -623512671 1867143767
-2091609705 -2105484003 1136302148 -825401377 1835923804
-936917154 359696880 1226462328 756589037 -325928526
-2130794583 -901975324 1892319561 752255323 -1216191630
1521486834 712316620 1501852464 -1986114716 -1852992296
-1449258715 -1106522221 -1616026326 919824045 -1485208605
-1199162033 -1824257002 -1996115166 1510772678 -89473014
1826887008 656184729 147361609 -1313139940 -1532752836
-219819267 649904798 -1367492135 1318111742 -1282160839
2034567338 -881004230 984457981 1532602430 10054016
-1144851741 -386735290 1955597304 1532818400 1566984010
-1397224152 151515421 -803857727 1757969306 1728877273
2049729094 -694108350 2106798843 1801341284 221985938
1792223769 -790295149 502366801 1457920291 -1709442660
-1623564466 126195673 1195104780 -959620684 1293108214
-439996777 -391462875 4209775 1849843415 -227053709
-477049763 -1622133978 1108875184 48256647 -1777300977
-938732279 814748757 997583533 -935193906 -1250214226
1191548497 -877267826 514288260 789480491 142093389
934747790 1954254439 -726992114 833124269 2123258126
-1481966816 -1226189208 -1718837098 109543729 -369591870
-1260477546 -265516919 -1563129181 123003262 756691746
1686444553 -441367775 1576954475 -1529535743 1014289837
733971654 980159756 548097493 1582309787 1839479365
1531601578 -421135110 1984598788 1832457387 -1344215246
345060424 1436096357 2012655256 862306557 -421681079
-1486139553 624852196 -393226049 -804159123 764413669
1846373848 660338268 -205595270 -311473579 -1335654491
-1927838854 634723312 267086721 1624017555 417427704
-1106968952 1130897832 -1711136946 -1344066373 -1892557772
287360580 -105847120 147784619 406292683 1945891497
1268578503 -474741445 -222373939 106898555 628234282
1549728687 1267595715 -876618658 1756331236 1648319660
1501942290 -1286007836 -383528208 -2028350624 1773257412
1351419078 336177260 920619635 -2069158644 -955551980
-143644444 1753977264 -767920816 -1515031181 1837178076
1085828281 1977261190 1588124505 -450322097 -1842928141
-159451630 680360720 79696808 717943882 -1916451196
1980579517 -1587790703 1974033654 -509222247 -1926169460
1303552126 2119303085 -332934974 1685169646 1204702955
-758655738 -713055396 -945809574 700667327 1849686406
-927637324 -1024048537 -1363778880 -1775899041 1463559693
88167909 -2090576878 1813923985 124734532 -746281594
-887796591 918989993 -1512557962 199611492 -1822267315
-71293077 933996495 1100660204 -684229917 87967228
298061218 -1874525554 256303529 -1942032095 -632341003
98273856 1489456382 -59901486 1202832807 -498885444
-2145832817 -268781924 1726484495 -19507508 1400946688
419529200 597017074 -15762392 -779546883 550424667
-2044617016 288114914 -1125327480 -1078437154 -1630902057
1031869369 -1399349782 432664678 -370068979 321401839
-1494634907 -1932971347 -421359420 -525502790 1123244106
38349709 -673714388 689969982 1306376179 -1472759032
-800940158 -679491018 1786948258 -325606128 1047269649
1720354246 327237819 -365858811 -377070544 876013950
322314608 1636015162 -114858632 1981539516 -517742496
144719921 2004983440 -1456741183 -1571873933 1029100478
-821338969 1015236483 1808029374 1174340132 1296147634
-654649999 881861508 -1322019036 1277925203 1749422060
-437200593 -722662176 -549656558 268110882 1552710660
1868441092 639468370 -1837428149 -187588116 1420417251
1870739115 989083531 -1525062208 -1241691625 -642378385
-964555459 -1093393063 1470014592 -302195746 1118100372
-940949673 -1462843528 -1788182993 1081918003 1827486337
1324889897 -1682034625 660709803 -84546257 -1887966984
-1829438005 -65888281 -1797812240 995688652 -210580484
121802724 -101825161 -617254304 -1546602521 1246149962
1355727351 -630306166 1731626515 1207175460 111695905
-623196520 -78796928 2039774550 884162371 1884512751
1634862605 729471337 -547693664 45416580 -762564871
1875529459 703753880 -345675483 -312672871 -2016878722
-1323493216 474124612 1830567804 -1602701418 435877583
254937283 -1369520395 1127519861 -1742301354 247590616
663340663 2013610772 2043013285 -1943878304 -287031436
743265453 -1093637418 457804488 1645533056 1780433456
-1346378899 263914003 -584349403 -1688308567 1846442288
-1869838485 -457648086 1755348105 -2087388898 1661789401
1979105250 -1116648521 -169547021 -334417809 -148769890
1314190752 872677698 300625099 -1375512843 -514718375
-2055764525 -400119804 1386708249 515554597 -156775433
-566612080 1873860649 -553493270 -1912893674 -1185416286
-1967042755 -1430367209 1193293621 1943067609 -854377608
-470363147 -1662124567 -1774636176 699807205 -109853743
-160055463 159279529 -253463439 75266822 761807667
-1731515749 1836773590 1308738012 -1215919012 243353213
1061502161
