10403 192 -1720878727 156146029 1697358969
-1238614453 1629669988 219198999 167637997 -478083287
1330347517 -368094457 844352673 493498582 -1657941634
433949434 -1060179967 -532505072 1718008003 -80471438
-1338143085 1594611297 -983584030 -502674399 -1425854857
-2051222586 919323497 1502243784 -1619681263 -1285014699
-90514934 -898359511 -1330673601 1147264186 -1029722243
2780115 1499839232 -348295778 194714924 375128991
-2017761545 1934288891 -1957972856 -1445644655 1643575726
1003734402 146225193 -58282327 1408454092 155289263
1866459179 402287546 -994973763 489130497 -1026560767
-646075233 -573819477 -964971469 1224509354 456066990
1522227327 -698748085 -948805135 326452941 -2011976452
-2118966016 1802141282 626255257 671101667 1039628024
-889837488 486886303 -687365704 432148044 -476296565
892453036 -1190282338 -250748564 662168723 350746580
-355051264 -1018324960 -1212869548 1747552516 -1590544988
377404571 -1073360043 -1347371886 1958222329 979992671
1300050484 -235181382 -438540484 1419044325 295930496
-103879878 -1089200088 -559367051 -1325904599 265100333
-2070952730 -676154435 1350826265 -1315184871 -1361038282
1623792690 1184897797 -1214975480 776701312 99746384
-2019629005 -938160755 -465922728 -385410740 377759675
2139122552 -393868628 -1017724158 -751857752 1884133611
1799880820 -515886435 1149259589 579840022 634998139
-175311072 -184643122 -2014517032 367108485 -1604669988
-777974022 -1738900817 -2064381139 -1974911223 1226562143
975944065 -794797640 -1705558346 319982156 -2067010663
749427587 1500899101 -1262966538 1937683631 362557124
-804997666 -1370910453 -615343114 1610167527 223491448
497999997 -71482298 -692638460 -1365319298 -1118498542
413770381 -622772846 417497786 -314398488 411547903
-972445562 -283749257 1922231568 -1513096091 1039706952
1398449171 -1632260532 -24848804 1787915157 -1616607247
-695126235 -646755083 455043079 387924904 -43496060
-868934604 880841172 -496447530 1496837297 -2052236125
-435348640 -767170343 1258759952 -1355578616 631888454
1690831719 -813324225 354033005 497836 -1307206861
-902523820 -736283612 -1119818092 -1817669649 790323938
-675715000 -2035195309 -686203086 -1543369529 1530578849
53062027 497353593 1775134536 -712765826 1926055002
-2084999198 -518999574 468804532 -1740720569 -192466754
1455309903 312660273 -69898316 -1955683754 1948671320
1370737640 -1671346830 160253945 -1312120785 -85072855
-1696885592 -12611788 -1041458885 -1285952078 751723173
-1189133349 -903821617 -518170347 1012743814 708655224
-1786324316 -1410972881 -1385435559 -1546167852 -170658171
1576943303 -1808781219 990121613 1234251348 1736351649
442500518 -23384024 1694628474 696600449 -802557010
915921871 -1451946802 -848195190 -94948652 -974906339
1991029090 -1635928860 -115275165 -461838852 -1800281468
304503796 -642012760 -1342154705 971634927 771399926
-930510774 -1308086891 -1947671564 -1809321792 -1339765488
-279044458 -1301155701 1719962768 -1578147117 -327114824
610489406 -2049236394 -682893171 1187215130 672669822
900536911 1430305033 752804016 -505964992 -449984695
-1631923249 -377086990 -1864733999 -538878422 -115772176
-1609850564 -1182465560 -2098309752 284237122 704997092
301510548 1618514718 -2051698820 -1537815505 -1299549642
1177956485 685527911 -575140197 -830239827 1054549379
716541685 393778245 -1920963410 672810198 1841166193
-1631734565 -1176655467 -1449335757 681791074 994229227
1112489663 -214731114 3242662 -251538764 1350891298
-1322909800 544078797 96232083 -2078201805 1311797949
149722820 729413650 -300297695 -934460736 -1928634409
-872357745 -1703881387 -232604476 1022035155 516091335
-95916733 -2079611963 -1881025870 -114492841 -360331699
1332576360 616339627 -1716004680 -1152467489 678475485
-215559491 -1950782624 -1186506955 -1966262168 -1026537109
1757370777 1453281006 -882064211 1329549436 -1992638612
-624446486 950117672 646679805 -1341067204 -487106499
909543222 -822860387 2013912142 1740599477 575783953
-217818714 -1026505164 -759074871 760413107 -1115650898
1824592879 322595044 496372672 615456364 -1482992113
-1636560941 -1499211558 1701818360 2094860749 -1162667564
1606963723 -2103876337 -1091810321 1267156349 1566380841
262076738 -1854417908 -454188491 -1823001664 2114911683
-153823819 1386028962 -633856905 741633010 669248184
225185574 -386628918 -1492042231 -1750930884 -550916401
-1055625301 141179555 -772720744 -402746072 525059391
598703779 -866550960 -875551920 1436237100 -1325133871
-713461596 1942787847 -412686595 -2011567241 -447723780
497716017 684563393 1819618725 1192208137 -739594367
976189173 1932746403 941614748 64589169 -1140110345
1480922441 -773629131 -1292544445 1847018595 245765609
1652256715 289278357 -1145314428 2077227729 498154713
-418254339 1396828027 -1345727367 1342784694 1194526777
-729814455 -751758297 870521496 402573833 2032984825
1429400528 -956386238 -314994342 1811361406 1493728979
1510881081 1652384630 260967246 -731214210 -150572456
2021522268 444350120 -1560541503 1299015916 -834852717
-368097870 -1082590344 1305614405 -1561922181 -1377303452
-2094997528 737541279 1621323359 -1378942421 -353354282
-566538077 -1798758441 -809083298 1246166089 113154753
-1666388501 487229638 870895330 -1014711099 -1674998328
-1647940068 1461302382 -1805805675 -1812059157 1431620533
-710804439 2032428320 2107955754 503932005 2034337698
-217369045 792245301 1691861518 964301351 838404436
369406577 -737824941 -1804061043 421759145 1879802730
1595272123 1626561736 -1961570723 -1626026152 595733146
364481004 365315428 1774067107 1329128993 -1428065648
1511287552 187928579 -1137421466 -421677688 408958416
-772178930 1740098904 -261044553 917685484 -963106405
-951892006 -1156659879 -498174673 -1736691473 -1213928381
-378122026 -580317923 1509288567 1342079547 1599761051
208799357 1062236622 1234047368 -484147128 -843109784
1548252906 -169272370 -728513689 1004642186 1463465057
614517973 -787867393 -1141118734 -1856660444 1682845876
-2008356847 2070856115 40231242 -2118600539 267667519
-722768078 -1378821480 626192848 628925407 -940983449
-2092886225 2099109892 1814480051 -1653454460 2066024906
-1524634103 989166787 201507071 1955887114 -60090511
-145417915 828639721 1223172996 937591544 -1418070370
-684720239 -270912536 825074110 -1795794145 2024555779
-718650793 1462194479 1479681282 -1073199562 2078303119
-268617285 359655268 -1074770534 -1901185391 225617609
249480074 -323380811 1346028242 -2040010266 -69128889
-645112821 -437464172 -1080783714 37460364 -645335409
-65679558 -856165648 -2108914672 1183635712 498304822
-1552734241 -584468751 -1110209958 -952117335 1942786307
-409076236 1114707120 1494189111 -1031432689 2061728527
241221119 -2037957533 -1993845514 -1536207286 -493805599
-873329141 -199007494 -2084723031 -275214464 2075518347
422508753 -1373748360 912204515 1522768058 785584493
371676388 520373280 1362266873 1532690114 -1700272351
843094347
