10403 528 1638894385 -799031326 1070533619
-1256530374 1836345716 -1190441886 775216568 306961521
462790999 -1764662929 -1672422769 1488479372 263923588
-645252245 1907345294 -1815414731 -184734281 624247103
-1414643674 721794469 537903003 -1493608714 890105038
-66566715 1892777657 569580563 866707193 1216308868
92623511 -1015774383 1864199454 1806110467 1977684598
-1346163831 87344308 1553368330 1156019514 -444677610
1494446926 -1063385150 782814934 513142520 -1522688363
-127969416 762187981 1797428674 -1520593619 1046604560
1555513655 -286377693 -1993353547 1954703088 1487554394
978761743 1955403651 -66888731 -2102706278 -1867196252
-1162333556 -218277362 -1139735080 -1334305277 1296403656
-1424531363 1421934071 706793001 -1859555772 -1555364819
536293209 -1768800277 -1113256701 -2058533997 -1223330304
-1221802846 -1514269830 451310847 -2068089976 2096916475
419358485 689056748 -600186310 -414554455 -439912420
2037932124 1669482043 -82180713 -860781420 62426961
1099578159 1795767604 -1038126985 -401391453 -904493318
1351423391 1191166639 -2059437313 1197512207 -1247741208
-1902377110 1354302070 -1244015740 -778498581 -1124210752
-1994873850 -1528635937 251371002 1946211581 318049560
1774595702 64353111 1350999632 1418141541 1006269588
1954964354 2026688415 -186310278 1735367247 244623254
1685164193 2060532935 201050673 1119291964 567729590
-1613941635 -522766683 -705933386 2136907129 -610789142
811368302 -1314091299 -816671783 -1282632647 -1196081640
1095051956 749109416 -770011895 -1692863850 -1331012537
684654803 -1143976722 -678972771 -1787336236 -2087046571
-1732699702 356787719 -891795445 -1748747967 -1526968923
-1682059318 1622333316 -119857215 -492586999 -1916429600
530767355 -1741973560 -1433497578 -794604757 1883339778
-585704666 -1107616359 -954116577 -414724271 342136341
223895732 1911849057 1051696642 826023566 -1135278106
-588115188 1175448166 1212377058 -955044257 -1861012403
593370008 -1703517892 -442561734 220975585 872652604
-1909286811 1497342197 -1464241906 1700665804 -2137296081
-1452568593 2078121291 181359148 529945988 1098871302
268482728 387405733 1884085606 -463544482 188890039
-1473672583 1991527542 1776170979 1525281391 -1129239724
140509074 -1227424324 1193769997 557270874 -1624925952
1453488052 665290647 745612293 1303906884 882219323
-1223816049 -230142860 403160002 -414623499 23407717
-1191275364 -1037811245 1900270059 -147090487 1383560127
-1488112468 106279781 -729297342 1409092042 -95213070
-1275606274 -1277245354 -989998295 -1604646067 -1974983808
-1827036826 -854803392 -1218721942 -376665854 -863260816
-1329670164 1246371076 1208810141 -1536849580 2060093481
1959262784 -1318544222 2098765507 1536561684 573683768
-415817021 -1435064941 1699822317 -2035002274 -524928568
-1726855094 1634217651 -1991217443 965240890 1255116927
-1149764409 -544777923 -1882209388 1641456261 -218918002
-742378831 -1413883416 21404873 1148139474 -1665395550
-1454147355 -1332839674 1874602390 -314391661 -143087160
416949016 754169791 -321994122 -661429416 1194834828
568056466 -1061285436 -148655487 -2076981161 291334382
-1152788328 1604146332 -1660067389 -341281948 1455205996
579364099 1042911952 1532930009 -1109878155 1090856838
-2027465287 1584748853 -1628044456 1178671810 -1445097831
1848460272 -1860288837 -1099443825 788664548 -4033395
2069886979 -78704504 -908380876 1309941269 1206732027
-2070811103 -1768405303 -323062793 1384369656 -681614235
1713798053 -1727755501 -767949437 624621860 483326733
1081642826 1086737803 -213261795 -710414686 -1864978716
-313453366 1329622885 604212176 692472264 -1425883980
1338367430 2032850881 749942828 -556148867 1285168154
-1065953534 541410869 967944434 -1159788630 547255248
-1793974939 1050490146 464732081 1432689727 -253078157
-459765612 -995832935 -691199771 -608173980 -920279388
1798617280 -708539961 -1788143382 206153811 -1848154289
-320259274 -464395238 1114077203 -54174620 -1242420379
1418231432 1512289086 95844164 -563259526 1470568888
1210185250 1785157863 1319176258 1172502692 -230463169
1392568649 -276964806 1805907011 203270020 -1728211211
-1852796944 -629808068 1875108115 -1834139597 -1349409487
-433712331 -132044687 -1891166997 1509236440 701810095
33914200 -332322913 -370829824 -1415109315 -780166409
-620401143 -138635274 -2092907122 -403285497 959842983
-721922829 -1965530229 -1891296043 1985446574 1073757034
-752610796 279049787 -1813078506 838646640 1392071701
143543958 1946192409 1741735713 1981386203 -1480866940
503376615 1866955106 571962397 2126387161 -1316238792
-281200222 1417715980 -156977766 1451873363 -1371670578
419394265 2114289387 1665672781 1601288779 -1880820458
-964783256 -497159876 243629609 1328213599 2086307228
-623404524 472680188 -1062846635 -1099363645 -1405477675
-75207108 1384831262 -1101635743 197317453 -79546414
1309262217 729046128 -1209011937 -611202038 1324951036
178766897 -4835226 654227443 1450485709 177846467
-998196226 -2017090180 -2099058327 1303944445 434617599
1547631557 -31633309 -57744594 -1156932710 969053640
959360618 1272982206 1573399589 774082877 -51233458
1208109672 -1856478467 -850945623 2106606295 -1320572842
1808472599 -950435819 -1362578875 -1860353549 -865124009
1388068239 936039605 -1223799083 -182361008 1917616935
963796392 -32963056 1489609573 642500161 2040366796
1751290099 1810134957 -1185319689 -1772653673 -1699751857
1174584481 697006547 1772271044 -161323683 1172229460
-723674201 1106657110 1470485933 -715425065 -241898520
-129400625 1501042963 1817810395 1672516258 1721907336
-1476191209 585533157 -433195464 1486388703 -818586643
-2072863557 1192576409 -877980319 -853716427 -1251177373
-178549049 -157949624 -823372566 -447043263 -2122470786
-612112804 1149689673 193576700 356987580 -1320145655
-876319008 -697744715 -961152307 -1839289886 558867127
-1843788744 762491589 -1083837045 1885827603 1839451100
-951421206 -1574930962 58081166 -527038394 -134046231
379533628 1265635344 -1483627100 1181919943 -649420814
-1605569890 -1755936679 -83841026 -2072811944 137072238
1361126207 -1685854986 -1087070865 -1413203899 -1774980470
1879787772 135355286 581222698 583399794 1967004924
656299135 -1058854580 -1099170424 -1584485375 2019335374
30423340 1603765144 1960687949 2016204133 -1125553772
-1416917577 -881347737 -287777991 572640662 -1610612579
108646150 152797490 -6565345 568664316 -922825369
2001905387 -790718565 -2045488759 522817523 -1821049060
-170699003 -1989582239 -926458469 1522506335 -993793844
126858843 -1517926894 -1460592904 426576116 -1347824305
-329565952 -1857728014 -1014884396 -1371036393 928062549
1088475400 299812082 1367077060 21218289 -1440237120
-130144383 -1126310639 -1587986447 -1963162027 97346846
89752856 -1246898114 -2126855841 -2122070984 1638479094
-2041679200 -758360581 -747491984 -864145786 748607991
1715253499 564172734 -1133057011 -2034008906 -1102366245
2050804029 -1431678144 1475506689 1964903261 -1552333519
-1742483913
