10403 504 2060880868 -832472144 1854792964
292221851 1788619754 -257839784 -1909607424 -75163370
-1334348683 -1449211327 -573048706 -387929504 -515044250
-1905043875 -966518634 1296814538 -747806055 1808948984
-1346220992 -696330919 -1667735955 -1661442801 1162961665
-270175830 -958672759 -58309057 -18339498 -2014929048
2014629410 -906511284 14756747 -1049303289 -597427195
-53723845 629772744 -651063985 2092343426 1207821783
-1751059714 -1933202591 1102303872 -2127447132 -2087087142
-381612214 1676012844 -2126527862 -1682944394 815183160
748504359 -1876441224 1671860103 1886115944 2050931899
1606473776 469993143 2023164421 1903477304 381432824
615940386 1881871313 1036419728 782273548 500916748
1043289997 -242707172 -1176690828 -1553585954 296396646
1015618927 1455912877 398544961 154568335 1818015460
-439269528 559607536 1880177379 -570106230 1803470149
1279309459 139933532 -1825569465 444673277 391661443
294709045 852672899 -50914811 -1630123050 -1874406245
1546005342 1315270073 -1461723686 -1311319846 -1330117306
-304970715 1322022775 187437104 -493224517 506862246
67441888 2036104032 -1754919262 -159518729 1718277350
760489992 535147298 1815970124 -1928848841 1945522850
1397316629 -446816995 103265038 -391727987 -858337143
1803715578 -551011844 1807931270 -590760553 -273242170
-1343647680 -1984796805 -1878284265 -617676741 1082615892
802607424 -123171271 -941073196 -1076492211 1968999794
1052443194 -1899590880 -1385352929 -1693390362 -1031610188
354779098 1351876125 -1248926558 -675108928 -2044780378
-1166441517 -1262894250 -1812911336 2022267755 -620100420
682232866 941093506 -624877039 -1705528014 -698547437
-814877011 245434234 2120916561 921273740 -557283916
783354574 2005053817 -2073622090 1597958782 -295156513
2039399323 1528215505 -1829254215 -756366599 1497084866
-718321246 1736120932 -1535678765 -1247736252 -1525761311
-1914753526 100695655 444671853 -671554049 1488227582
-224337279 1395303777 392402248 1834183029 1322216310
1937977644 192231284 -505678854 1821793869 1154749769
740369377 1608004425 -888618482 657461080 -1383720378
980551157 558589511 -1652114720 821203972 475603985
-1193790993 60821049 -2094180931 1589134498 1441872699
1242598938 -69677784 -1162077587 -139662591 -678631733
729959653 97297544 588341308 -2044987046 925003430
-132192411 -847242791 -888854445 1609847885 -827121739
728284486 769095340 -1911840564 -1777354245 839257576
1716815200 -1400857705 -675955394 1192582596 -212748737
236787242 -1905765866 1784442952 -586686473 861559639
-1461246576 891291313 1705817882 215612498 -1459698002
-351749502 1183569031 -1572491041 1307786890 -407632546
-262872015 113898456 -1548198057 -679689078 -405213068
526286991 -2139983023 -1399298449 -1507472963 -804160952
1967440521 -655235920 -1289665097 2058659945 2016741507
136525079 -1073643870 -1846071361 -259099253 -267812340
-1800926221 96993982 -553933102 735550361 345014754
619814145 807661852 940123112 -142999675 232702732
239128740 -1241582879 -2063024410 8270058 -1848496189
-1141946732 -770712409 -141815341 -662080753 2114085835
530936358 -307184507 706011522 2002637185 -254048165
1851788112 -1575235381 -1554875193 279543826 -1487038317
-661483447 312501152 1561320172 2087641743 -825508212
853641052 -677773442 1795691805 -265355980 -211411809
881921739 145828990 466876605 -1683686318 -346981076
205540657 -2077668255 620843119 -1158662735 2032896074
-1895048789 -414321251 1124965287 -1514337062 -590652000
666754508 820680010 922082319 101595851 -562604097
1333682103 -1564884818 -109993791 1531783469 1825504979
1191454340 141526704 -1302245503 521237869 -1218616029
1062730802 2058485919 809216989 1336576714 -4440287
-767131482 -416842331 -520920363 1143179131 1953232708
335307166 1052307492 107119560 -1145378130 509119462
1864581547 -1526518861 1892021430 407987203 -427870836
-1459097034 -1195613054 297041778 995699540 -1381211248
-1832398382 2005382864 294496647 -451606532 -1988244978
925627722 -439196523 936641416 -256181667 1158029529
-528725283 1791388248 -1133031407 567261427 -616993568
364095861 904086762 -1191961372 -153644859 819632980
2135921109 150354361 -1550353983 -2092706446 2137530621
-1711692132 -1439019340 -496359281 -2043294499 1894583917
618701189 -1345837544 -1820500409 -1635450275 562254111
244204515 -2020504201 -1375434507 1199245265 -1914343463
1694057862 -1392904726 -719227982 -1233886030 516292646
1961889836 -229351503 1352963251 1089946787 -1049931548
1525732804 -959684185 -707491297 330355304 -1773834453
114691787 2139508612 -563250921 1220987054 511691709
-2126905102 86686143 -1933416433 649665740 -21367980
1104964762 -1038930982 105248287 1032670455 -1371105097
279840732 -324365234 -1943749724 885879709 -948032141
-1628862578 1370454436 -143944292 946716513 -585289689
-1818110110 -1243797770 -1781137056 -1426289881 1465809556
1613711486 80016531 -1722130817 -1315759598 -1404306125
-705860795 -360724093 -1719632959 964425015 1621258243
-518830806 -1927886936 1402493927 -762767118 1993025405
-117978456 -2068382310 654204369 190388246 28152366
-1652720141 1465236133 214444854 1580138668 1319669003
-145273249 702082211 567473175 -101260372 1408168271
1435573775 1700227009 1708012199 1616675357 -1339995973
-1725871435 628955941 -9858698 -465623082 504937745
-699522208 -40828377 -637518845 341713498 1811857712
2101574077 -992421650 915507586 1730634772 1839061982
1261208626 -1505043477 -1756065611 1223263464 -584756400
47006675 -1560626882 1066965493 -2035290459 134316082
-939146425 -1564158753 1319880868 1822278030 750645073
571171100 -1025549916 -534549533 772688491 -911108546
202842405 -1750228434 -2050625745 -492501516 -829190167
-337485975 -1567012883 -768538345 -1828665861 955116956
-1907166454 882504501 2077152173 506896122 1644500737
1067390089 1977374341 -710277347 1046530448 947307464
-894122331 -1427479829 1007372562 1629532746 1850658033
-1622655559 1793284760 1966750743 -873940380 321643240
1998518313 -1588917665 1703177952 1962889853 -2022834865
198166704 417704407 -2087390390 -375375381 -2123103041
1598391526 2107416134 1449581117 854624462 954652001
1063313867 -396321817 -157803795 110907128 819181387
1616988934 1557812056 2002279115 -111949457 742266065
-1198461417 -1710282233 1122797397 -1213185867 1163813963
-1086903753 -1197616586 1070715349 410320351 -1838934244
-1456038127 1014869399 2140898576 -1324999924 -229284817
-421188933 1355251074 1720757282 1441153718 -884817291
-136960779 -586857102 2073915696 1796095725 1106878216
-1206365532 617032499 777463945 -1469688659 -1677248363
690018954 -209415038 -1944389550 552638474 1575206907
833736338 -109136781 -1556520416 1242598198 -1589920947
-1718273683 -1493307251 -650623872 -621882161 -515042849
1985697535 424941781 1121957574 1620048444 963360485
-1907013246 -1498376250 1307573688 1102881093 1242717364
1378758257 2132076038 -947982089 609085357 3679350
-887152320
