10403 456 -1419808669 1991647345 -101175676
1442073296 -1051792114 1596016209 -2087304526 1305776078
950908667 -1164381557 -234501986 831797434 -1897285269
1347768153 1204657044 -1352128039 592287210 -1677271712
299535604 -1637949110 -535807768 -1051570158 -742770952
-360732015 -472570576 -715222968 1498062106 690154763
-1405668870 2003565564 -1883753072 -742864093 172319623
-706612117 -1406722224 -99482251 -925096404 1313253559
-82337656 -142625589 -157129016 332294443 -293393694
2058818858 190800571 -1609914192 877250955 -985547132
-835201719 -1445997231 -1653442061 1491029703 -2029123359
-1878335839 353881674 1920925754 803511452 582342108
-1207737529 -749296557 71655992 -802406537 -533046279
-959533304 1579518152 -983751793 399338562 -1323279932
-1902636188 1450707517 -221864892 -1056095802 76073252
1661631259 -1740111157 1397236076 321110478 -1688351975
-574781715 932841285 1613529098 695882298 -1637107603
955533018 1374976018 -1062774392 -1348785986 -1917971107
1280600803 650844275 590532220 8236065 367359023
-1325475742 -1783212892 -1823884977 974448200 1157184879
715295644 27868702 548475360 8947048 -1381328803
-105305357 -292089662 -1530916134 -870453986 1465277486
1999013876 1562338336 -1893400563 1978655373 897657177
1113578823 1253953826 -780002388 -1844614108 1264835717
1684925479 -200045667 -508104936 -1312973170 1583658392
-2044388418 -1073802989 -1056363463 1356221760 1720325374
-1196255707 -1130497962 1880713487 -1400876829 -766854061
-1707603468 -1502884175 92054005 1388390494 1724610744
1114051786 64231265 -1789411077 585962056 757429307
615773928 -544425472 1403775905 -1235783962 1418885192
2012288207 -951641859 1318008577 -684152268 804535611
-1237727174 -986345443 1172020573 579742207 -1963719577
-1580244840 1023184368 -140098194 2034215779 -1843537199
-2049217842 -1100104968 -1916933054 -1254604206 1800181731
185517941 1627918413 2047840235 -926144176 1767069476
1595593994 -564939440 1163506098 -706011669 -1546279617
-2000829744 -1165861934 -683430517 -695416787 -995708258
413202681 -1909062000 -372414937 1133303317 -1284769635
-739947433 -2037150995 1824398318 -596647274 -23976499
-86886673 -1517476459 -1615249641 -1219575148 589750846
1924531309 -2134163289 1120240376 815247972 -149807043
122323643 -333003980 121234578 -59264109 -1901217864
228094925 1465774565 1117248337 -708866260 1167728354
-215528958 -925121122 1980773283 -306934048 1680239696
-438370537 683557534 698836609 -804396809 -1598207845
-2012440886 -128958775 -857717260 -1242477057 1846861339
1058285178 -1116014827 955387187 -65303285 693325025
152090785 -793216843 544227189 -389352299 310350143
1657428469 14669144 924658598 -955463465 -741692020
116649335 1482210497 1014388971 -1642965622 1694101830
-1255464527 -1443745020 -942550175 -848951659 -1023240484
-2067671733 -1742647116 -665646025 -572194225 -1297218381
-118975358 -310097371 -531705639 -1430617831 1450385574
2040926266 -1716070080 1231822022 -93173755 -1187034769
-922480104 -853620764 1506916848 1842791232 199298852
-652994234 476647532 1612598013 167563831 1974644482
393697108 -436075719 141706557 -2028520558 -1888372127
-291232151 -1509453739 -1675466208 -1981072636 -19981873
-168377040 -1352012101 1212243394 -1022284239 -561599288
-1258808402 -1686821821 1329895533 1765746362 -518790700
-1703302414 1213110639 -1186919588 -1397473750 153579687
-230869675 1396653719 -1642596782 555163348 -882459183
-2102770827 1771847047 -1281988731 -1765367269 -713516053
-1297273288 83034984 -93009167 -1995328114 244842281
856642140 1858092461 527098600 -2109331651 -654236821
-1982800603 2130864675 -1441211587 -1412474139 -368310640
1377286938 15058141 146365082 559391599 -1815698378
-542108112 1854485139 -1734766079 -1675225299 -911294032
654667637 -1417925562 -349099823 1187866974 -830446360
-205947664 1180881698 -1433089371 -1282710137 -1457091526
-1922699818 -2096397166 322334468 520771736 2110775429
-133890302 -2032283705 1653978311 -1373309885 -952196089
273554653 -141208964 -294668410 -1753980697 700336380
1265476012 307925440 32243066 1997338115 -1122942312
686409342 -1354628643 652633198 -1140257398 672399315
-1038965186 2106540768 -1138712919 -1316514157 -136597118
-304749449 -1716985784 497363010 355381819 1055188564
1992856695 -2003563085 -1263920451 975056562 363358959
-258406924 -389450582 738274141 -118111042 -345719683
320343387 1566539650 2033587586 -605583385 1399612776
-1569457922 176381065 -1829515510 -380876397 1627587048
764972039 -191982497 1520928032 1209333771 1290516390
-683744732 731981321 454516443 -1477159853 357527728
-2115555170 -1584930394 -1776834971 371854868 -2007582588
515015086 -564167877 1212234561 -418248853 -1755629114
-1083423789 -41082315 -308163550 1961127554 2639832
485757979 -920331052 -40185673 -586740374 -566375414
-1953830691 1691422560 854808747 1050513893 1310137257
-998936619 2048762102 48987555 28581228 1962998983
-1524454767 2052063892 -1174220168 -19675606 -294690942
-968479230 -329666392 637320979 684496865 1184637465
1788699766 493196921 1329765671 -603759824 -1596053462
-672105827 2109948286 -1225337977 -995900111 1213296820
-2089479794 1732166766 1417775997 -958305009 72902981
1472518229 2145035601 1915798383 37996670 904742995
-1361863785 1483359226 -836316177 -1721515212 445203366
-156841507 1319097443 1290725421 -964019861 1725829819
447484241 -2025050132 -636021360 -886794116 1429932734
-252538661 1324018484 -2034537652 -1382687050 -493043570
-1878733195 -694076058 -1896246263 -480708122 1853795058
2128085737 -1680591138 -1552102992 -281719614 -824811145
-1920042707 1732124130 -729726336 332511569 -230952068
1098226145 -457250783 -665171066 -950665825 652199252
-578004808 762484231 213914870 1557284 -164235639
1472628465 339659970 277503462 -590426049 -1623828905
-1908483690 -1418189268 -942331244 1912077457 -85963602
155954254 1690159511 987618937 907829298 796403318
203438993 569724423 -1588574233 -205479608 -1627716407
-346000933 -1447910080 838598982 -1512963264 1405450536
94661093 557486841 1918226974 -561079794 -242780850
-1765863311 1975199526 1719014198 1021707676 -225028243
-437382585 -595453650 1110171857 -720367771 -1775702492
-1351585590 1800691667 -744268389 703186431 307610085
-1608206681 1816429885 554962373 -603048964 606024280
1504009269 -2094751348 -1028450512 1936552506 608406476
1834898513 515635319 1505912669 -200493046 -2106024850
1834366093 -1869124066 -103906419 1850936692 1483664182
697622855 616849825 -11652043 -1945785421 -1991914154
-1921621946 -1203540410 -983254519 -67427405 -631730356
52404737 1296714955 -1094965197 219763961 1241215910
1390006593 127062438 -2064686667 556056369 1615366632
2110786631 222501575 1295333700 -1088324108 -178851481
-1034879984 1979219948 -1155842470 757423236 1452832206
-408311111 -1261248504 -1297663881 1735779820 -1184100657
-1907835691 -865837933 148589429 -2095616925 -6538443
1463848713
