10403 600 1532686923 1337515564 -1009408124
1995154529 59475822 754163799 70709586 47745010
-1403271547 -1151474925 -526626160 535481702 -1153795996
-547628254 1392020909 1888148107 1825143043 1953690184
-1839145339 -1796350191 1571065361 -1589897186 1905455727
21392575 575942456 18050959 431747822 -653469214
-2014450052 -1628182062 1774448091 -1968847438 642640348
-408566978 -1553762200 1709914330 -868827167 531272627
1780579269 1651213515 -1340887170 -944997624 -460038675
1267033727 -43774748 1174967978 -938515712 1691124037
-1666591679 695570094 1138119647 -198186950 105814786
1231244218 -2069506372 -933014318 288570729 -1793759622
573563840 -1207588411 -98522875 363404608 -991893564
-1160456837 431052617 -952164454 937756905 1547208787
-805351233 -1617766853 -115936341 1788646368 -1029573198
597622951 415364281 1018987665 1866616128 -1761665098
1251697951 686464169 624521602 -1413815192 -364078205
2107030394 -1929161062 1895635874 -1872519215 697842864
-1946743648 435211742 1136767880 -172923602 1778868139
-2119245480 1363559276 504546442 726502050 -1030576060
-858936303 1351585373 1602192139 518589081 252281912
-775111052 -1309132342 -1172258534 662207723 -2107056126
-2017256187 -1664003668 2064400365 1279127781 367708290
-1895433097 1465404090 -1886283669 -1278889362 1149378355
-1251695060 650603925 -2052224161 -608498866 -2057606843
-271924610 -319778287 -882809815 -37726491 -1407197804
-825778696 164631118 -618188615 -149669758 1683868368
1504070808 1066214033 440686882 -2073125863 -2081315489
1357432032 594474146 1715536400 -1444392542 523445472
772646724 -1501428806 664492555 -1708256392 180681922
-1556977756 147233787 1683678194 -1527562029 -178367352
1639950986 1377224730 -2117015608 -1568559130 1967792019
-182175342 1129470094 1601452026 1445881172 -2134068474
1237024331 -1959972211 -1683993701 1616053873 -556491163
1863333432 -969521876 853579238 2033445828 393739161
537818669 1251288729 -1705246756 1254395893 -43456833
1272230543 1007856163 -1960702277 -291961538 -1698334175
912319752 2074982360 857824892 1097956558 67781344
-1790419365 -174877777 -414826801 1152739316 993589279
-1869592155 -498992361 1547192213 910881103 -1709253328
966687504 -2007242051 381057867 1788179843 -1253095229
584102856 -1084131175 414972130 -484816734 -1555236607
-1993923666 -1357476090 -448059396 664327918 1250952034
-1223093207 1093212991 -576982891 -1764479696 -1144846822
-1598828018 1358731725 63218359 -2065183862 -192310270
-321212098 2118588830 -715453750 1607148394 -1051568309
953903063 507396348 -500994669 484303972 -1275816578
787510811 2082052240 -140923659 1352380723 -434906370
2138395126 90511216 -197692986 -1423108339 -1531783865
-2044995748 -266182924 1674737994 943294881 -356061192
68890365 1458532099 258226593 1616750304 41037825
894902770 -600937707 653199034 1354146582 1151391924
-654207847 -766826980 719880701 594018798 -1387701789
-1868891747 1342622689 1549863125 -1599292641 -1345652552
-1046492415 -421391956 1261077507 261261150 1392077645
-1067470345 -2073533529 394085821 1035688244 1792857173
1618478340 -670834769 -1515428022 2100559661 -974805091
505887948 792846803 984534982 718021768 246363811
901289573 -721489618 1148837807 -1068062226 -1730724631
-1269836315 534196418 -1441371876 324620937 -1681856460
-358482479 392191122 234120582 1720187324 -739470256
960523637 -2042323418 836066772 1808864222 -1569969279
-520793113 488244695 1564998583 -288321398 393583515
-451694299 -1809714723 -2065158428 438164149 642384747
86729219 -883223299 -1601916947 1392657820 147781042
375231686 767856950 629546121 -271992721 218880742
977740961 -1142695658 -100649852 1110590479 294628943
420042192 1486800581 -897204383 1980714585 -420684334
-527781632 1703554583 14255340 -810307278 -1924954477
-1994338217 -1204679770 -422542751 1585486680 2138822167
1802895859 -520011285 420153932 2061637778 -855903768
-1957640457 425336472 -175425258 -1254112920 1057621203
849391816 651250683 -164315903 1695607488 363998074
-2014787546 -1804768185 783691995 634952579 1649401238
86469787 -913863485 104112585 -1427250683 -1723198557
-513196523 1748943490 1477234821 -1491376625 -1103222445
1985615844 -268037924 1903688702 907464924 -2066772554
-1503598991 -1777121479 -1791744302 1777187253 2005622415
1767563068 1248328126 1908275985 1325924009 -2074898553
-831552556 -895866309 1184270509 -19377526 1588340882
-445851673 -1191403209 -468891110 -1543095744 1137572656
-1121694095 -1258985156 -1341288047 -1526347050 2018146163
-1007569768 813739273 643890656 -2030857891 648751577
-535253991 -2085270760 -1052456250 -1274482703 1933313459
-516290215 1961870176 -1804868666 -1021192582 1707057823
10120496 2001347799 -253008057 773925241 -245621735
-2134700913 1897915518 -1616120261 1315056175 -1437526680
194990730 -1963274800 -1848531132 1181268818 1778287972
1310046029 -1820764690 1003788940 598553458 -957000615
1013498708 1707454979 -1814345531 -1179310894 1699065534
-878715395 140085886 -40798302 -543093904 2060818998
-2022059302 -2044521710 1005736833 -684029546 -2057443749
-1046180283 240923928 1342901046 792238944 -1802301554
-1138748408 844687602 -660791741 1327102425 1142195943
-824749612 1454963085 985550258 1560159366 1219457474
-403342611 1101312334 -1005804687 -1601868425 163462075
1628243343 755156669 -2089285482 -1515464263 -1624376168
-429314041 -937145863 -1306732390 1078398307 -1681773481
-1654644105 1443604482 1184333433 -1617067230 -90088465
-76450332 540313301 1806080178 -1898792846 -50776842
1998496964 -1350140857 -2012880250 528107288 -362958916
1289330118 -541255191 1555710639 1269068118 2013021743
28032286 1697163668 -886370219 -1069084802 373390731
-786050290 1971913634 -192511997 1015032718 1560236847
169585329 -1047730669 -894973681 1877757371 1332988197
-2129322884 1180297194 2110786703 1581233583 -815288
1046341087 1096498391 -1923965828 -923641654 1987236899
253513446 158054535 629469274 -920386614 1828460901
-469905580 -114023569 1422528137 1132023241 -46932026
1749851312 2000529391 169080203 -1662034655 637237703
1617409699 1900109893 903878638 469885341 1579520583
-970342786 -660705189 741072614 836634159 959801152
784816750 686955948 682505983 -961183919 -884145383
57824746 943980549 274798056 -108925611 1615897928
-1508434303 447900373 740468202 1332835647 -1625905227
514667191 -901033797 -1525890001 -128749614 -1299919495
-301841463 -1346855777 -1917232816 -914402251 -507026371
-1278981164 1327001249 -689263306 -1856460136 2072127087
466921121 1018442030 -1268562397 573496342 -1839881837
157853061 1396208429 1609844994 -692191866 1995233046
1306178257 -726091687 1912033743 1204105005 393752976
-1123859747 -1582477604 1957484068 -1896907124 1338969287
319552938 152960325 1224025457 -133706648 556511521
1584533392 886035766 1832462306 1466872137 -242485624
1291828026 -807147174 -630673492 1290294634 1733750962
1249745776
