10403 312 148988547 783887170 -266054278
-1317986515 283447034 -1481297700 904637066 1586115170
1946517371 82988781 1241793087 1325394641 -222698673
1801542192 -85384458 1163592368 -56727838 1071703916
1915709924 1911333836 -635452120 -149752689 153135462
-1296944255 -1037350766 795129143 -1399996752 684749189
1106814690 500296704 1514737273 -1019607550 -78662568
1784384605 -616757066 1558099458 895244133 -207910824
1803415513 184298940 -60255059 -1027135133 690326979
-1999378091 -1944756080 867602743 -575995584 -1069241305
1895672828 729932237 -43580905 2126310292 -1976872722
-267446087 2063750487 1633050628 -134754564 282313515
-1975919800 1268317423 -403456853 886718949 -1155991522
-1680109010 -1864226756 1526151801 1918302973 520791330
1912963331 -806124568 1405352648 1039827971 -1552783883
-633068729 -1947587826 -438747966 -2060157814 -1997867759
257004880 898780866 -761287931 -231767910 1426080496
818580252 -1657140943 1176081998 617998630 -1772411809
-628992413 -233646826 -1333074321 261593116 498421764
-34473707 1277379998 -338566389 994177410 -405376558
1482527647 1291121883 -1817808173 1816734217 -1613880614
1044671878 -314316077 -1819772055 373887479 -144259458
-595577628 1247346687 265601358 -1113905634 -623196856
-1003235879 -1788380401 1866359108 476676894 -1029762257
-1680820949 2083974673 1006806421 1658440679 324848669
628898275 -1489868960 538819191 -203514342 26067358
732953457 -1385573543 2011140171 -1265073293 1883626230
206962757 963590291 -1110165421 1309061088 -1906795482
775965664 -1569902042 1823702702 -692148841 1906528852
921690637 -1369984903 -391815230 1662175219 918306404
-1942454630 -58837640 -1838245464 555909969 -221480299
-344849221 496910789 -585850070 -560251520 1597216837
-1453611093 -2047830171 729567044 -1698535292 301592566
518938798 -762751173 -1151162353 -811814888 1121638029
691458286 -2079616468 -581481352 1536437621 -671882422
-1356804261 -1351503536 -1171276283 -1438721875 906141259
676092910 1114392914 395495933 345634462 1772535400
2084193991 1258182491 -1127287335 -168360829 2041159901
-35243248 -99341573 -1914711282 1255155303 -528982864
237269458 138446808 -1268568913 1369448649 -398785751
2104196654 1154616802 888947747 -1080151389 2105226112
-6869570 1386201344 -791447683 -1862434144 1534775283
-1405842606 -732220684 -1234496940 1763884463 28672387
1241054434 -315061753 325729639 1135331023 -1581952641
-1898957843 -1325622068 1176979904 596098958 -563579620
-858419366 76866401 -1746831319 -862182004 1966218215
-1617671896 -1313565626 1725708568 806962633 1503581447
2030441002 1628723031 -376603711 1090071346 -1507867551
-409304331 -1981478378 -225802272 -112925279 1459781597
916374221 -1489020266 -228434314 1824660753 -759419336
-1540635095 1335769965 -1111261481 -1875605983 1383496472
-1320587678 -1323574526 2097613106 1517754222 -1030815495
-1819194977 -870028065 -1279916265 -2064606656 -188859664
1112341104 -1354718744 -328203009 -751808472 949820331
-190186566 -1326054444 121696993 1541118947 -252145545
142232831 -1219875662 1675276098 1567264875 -204986515
-959992958 -666654678 603031590 -2024612695 -1680100529
-1674264082 539955106 -1898079722 379143074 -1360430833
-1097956925 145335078 760779468 -1284474194 2064592388
333797323 2136487713 1934454339 -624794996 -1670032959
-728891871 -501489800 -750683571 1035457369 729865282
-1053061973 -1561536463 1673265532 -1315202075 -126866198
-888719187 714752861 -1863690896 1405105266 -213875565
893677055 -652533416 -728796969 1829161016 511594127
-362577256 1520173950 -30924686 -979759145 -644733097
-778175897 2016759282 -1284826240 -1340235470 1391896791
-2034421474 1555327279 1007368556 2128397568 -1519554676
1526588606 734562479 809295585 969078388 -664631003
-595704633 -208133852 -393293232 -2002064318 -1684841241
-1755076809 -774356373 630069531 -344884391 -358741025
-1103099501 1724247957 -1717968380 1800485686 -6340145
-1606262294 1683776298 -1805070378 1599256413 421226347
902888127 -781058622 2002095456 654939859 -670967380
-539542381 1859451157 -1292008836 -676171904 488972532
-2027965776 1558661796 779079223 503384919 165244141
666393670 2122522165 1740940806 -973073890 1727976555
491145977 1493156518 -368730934 -326391312 2114027565
1623509141 1799306571 -1955937645 -1638581029 1561486541
800936333 1878759079 -980470514 32916733 1887046373
1063132807 -1944118067 -1228501914 -2116957999 -100823458
1351024110 1057297905 -45917879 -1375319610 791728096
-622311252 -1157894264 -1286559743 -233250822 -2045844526
106417174 1351399506 269707569 457719553 1262724599
1565075497 -692217921 1196032765 -390850235 576641989
-1297777988 -282462887 2065300377 2034880523 -1110948050
1733568430 -842229361 1050588801 -221961808 -1607118790
199686969 -1744152431 1556789683 -634674472 -892509352
1070085395 179517021 315552727 -364613169 575927667
989233655 -265530300 1700667865 -1597816588 1955099795
519514298 -1150065765 1996891121 -1308793587 1572242047
-1219137849 -1353676469 -1362980884 -1721373525 764228204
-859130978 -2134098398 -1795494093 1005168905 780124203
31583591 1708982467 -2030992613 1428212456 -1203274406
-1998944854 1775373994 -926329010 -31257395 975034894
1483586496 -1110258086 1590629330 991040867 -355457310
1666953231 1850088108 1948465330 -146576005 412594731
55574910 -1879216347 -1788487582 -569148416 1036504614
1817492663 -857768566 1564755985 -140587188 177025487
-1928816246 -626560317 -1974213318 1635079948 1683213790
-1340838744 883015732 1887573892 -1667930549 -375179456
-1624270848 121330400 -1109802947 -620521901 -359373943
-305528899 1727139298 409938556 191046 828606115
1858839775 1395615937 1208663381 -2117973679 256562754
1304010997 1560113095 1673653774 2083840465 1609938283
1868857514 -1521976550 1163766073 465057277 1503261670
-1760934295 -1017867676 -1170127032 1195511216 -2055062880
-2126033457 1188659599 1450739106 -2032522804 1451439772
-634608625 -105084530 -1246485325 1076066974 1986323046
1812849220 1025940294 -947276456 -1723802426 1829160320
1222022232 -1380812716 1258197944 100177920 1026668832
-365171945 368387623 -1794206599 1755339956 1567801222
740303962 1233236000 -593279349 1934196169 1264352435
614261674 2091455908 -1286899141 -544333142 -243819108
934590429 -2037478786 -639780044 222018751 121812366
1842802952 -543495018 1768611484 -1483687240 2064603403
52829317 1641194913 1142537153 -1944206700 212302884
-1393662507 -95515370 682245480 -33133069 -715448229
-1473175115 -250128131 556052297 233527110 1287806598
1956880215 738612208 1767264894 1287958510 -1199792008
908629397 -370413637 1456511604 -1711668341 852987844
1741559462 -795583267 -1915645304 -116222012 -1488820415
873309685 -142350699 -402480675 682067325 1502020457
606544732 1738706363 -284755916 1748329302 -1573007160
1138810619 1349991361 1042613214 -759248504 786043060
-1189667766 -594406145 -1452497047 1970062828 -389120398
480889167
