10403 336 -1031188554 -1838575059 -254829383
2114060506 -1033001727 448815126 -2096151415 1913509149
959019294 -1078273525 1887785251 -567075866 -1914132790
-1949478128 -1943404255 1100271809 -1986007483 -2136724927
-694415366 -1782218908 872339625 1418263835 765484048
1870154877 -1952363727 -365943710 426664184 -2077862374
1816808937 745210903 -1697693461 -742620049 -1323843520
-198852139 -1238966499 371256511 606503652 -1361023536
37746732 1760155439 216809372 -1327927140 2066276292
-977713012 1821977621 265247071 -1612091134 -271292737
1524674887 -2048747196 233547993 -1529908279 -2043380478
724233436 15444848 -2015022662 -461772134 -373481078
-915202172 -2021897101 944562977 428615512 -11708227
-1644905482 -123088636 -1272433387 -266995266 -1273885360
1783580705 -171121835 337294228 -460197919 -1288420567
-1982060468 1917396023 -279110591 -1766862228 -1218295132
2125790917 -1110597466 -1101665355 2031231617 -1250210571
1385598782 866301516 1893885547 990214230 -508869241
-672661557 410173590 778889544 -324021386 1400258603
-1394514007 -452271815 -458038581 -1981377503 -1813743706
1905972671 -978212641 -715826961 1364021776 2089530691
261122549 210553468 2081671366 -2017564670 -476353663
1670572943 1949995713 -848657245 1557500739 -365133514
-82683366 220234320 -1176003928 1240306245 -481687156
-1594950802 2044254496 -1298295478 -1497119177 -1588535067
-1885540117 -1438397888 66600752 1908721166 -1309920252
762861149 -1633137559 859628270 708814820 427622841
-329418548 2130758057 1777701837 -1246757465 -1968748026
-1773824475 1116542244 -975789698 93494662 2024561780
-1611629023 -684403273 1156725257 1146922750 -1465229348
-1928570552 -468253900 -450946848 -2065845801 1388126280
-547441297 -2134741245 691896432 2029271981 -335085361
-1314024774 1659255151 -1252020983 -1030915593 -1658652042
243834208 -976815779 1338640465 783010203 -1988531455
-626006845 853848270 1112000337 1339312565 -1352185595
-1687144017 -760432740 -998751114 -936799400 -1243921983
340580386 -1457913431 -919235584 125630822 -1778681223
974427756 -1409688216 -339995243 1038776712 1475695830
1146854975 493302061 941927679 1825879062 -1812915599
784455056 286431207 -1029043067 1359811129 -465988831
743389816 1785873031 -492687109 1609553405 435644422
1341238594 -1306482414 1988322790 -619069614 1047087093
-755397656 -719852113 -1202437259 1978602681 311609618
-794109986 493211230 551883608 -298397052 1166630409
1927756071 -315012630 -1468670212 -1692947121 1398406684
1343620335 1612580477 -170213861 -957414975 -866429265
1834070760 -1336066574 499261821 165410288 567056530
-1995063609 -953210149 1560299338 38057034 -1579618884
1519569566 -397953972 -168933481 -1351243549 -2095537213
1357205149 1542518663 638546977 -951254153 793353192
539515982 -406122610 -427082526 276524259 631534291
-914429917 699322718 1647554522 4918107 -2048752203
2123871005 1041793474 -52938992 -540056631 1168659631
-2120269883 1303709129 -420992490 -1196332275 142329829
-1905421732 -2115205051 1769402737 420938609 895269747
104688860 -438689571 -1810188163 125327231 -417081805
-569488097 1613181745 -1246951814 1820678756 -1555074095
-1358666001 1897505228 1214809312 -2077789735 178952829
-952073333 -1474025891 -827909861 -288127610 1846423848
-1902273977 -962853669 75969833 719884721 297647597
-583975275 -1701643312 1775562524 1511751681 -711151386
431353467 878932296 923451588 -1651383170 1221124404
1611619141 1308075747 1789923795 -1171717422 -542342418
322681157 1723415196 -1953686111 -165178089 1143323509
-688743594 -2072381332 283392954 -580508334 1174533916
439994559 -1597561295 197914630 -1815650657 2013162053
-1805930394 -370388500 -2052336375 -402097841 -988660014
-2126823524 -934521897 1840137726 -188461208 -902429188
-298165697 786637167 1832181606 -1277007032 1412485917
42277100 1023608791 1584602783 -1683129832 2138329983
1034629024 1935406966 -1788487581 645800267 -617973336
-864049527 288289428 154544410 1153028205 321199556
1787103727 -291193608 847169920 5931497 -630373107
1315714238 -1237897423 -1301399535 -230044716 -806294343
1642920149 744860393 988290506 1536132742 -1343747544
105374001 293629940 1212440000 -1522469880 746449388
1451677796 -1124965816 1444606487 1170847569 831604208
-1848345185 1780368200 -675911718 496459844 165211869
-2144592494 1757420376 1512963675 413810733 -1113411750
1454296624 997243686 -964936852 -822875208 -1357868947
1730274095 -756775970 1389073167 -1322920526 1481888688
437388221 420200090 2136755349 1814549131 1742720152
-1747852123 569643108 420150242 775901212 -935144112
257613343 -1483477785 -631616140 612335466 1217112303
643359574 -1960211839 1561561910 -597627830 1779470776
-1167005373 1321262503 1611843365 1607133384 -1209489943
2074672909 -1705890080 530993842 413141304 401441375
292148838 1984918193 1158612258 1305305231 -769538355
-985812121 105153342 -1860583903 1623261938 -516822359
1353905530 -757972156 1073848661 253260579 1108369524
-874866391 772725419 934294174 -699169143 -1492541535
782212721 147962898 -2111759442 -959362058 1370069867
376859980 606572009 -1967886013 -343512981 1595384146
-1835425545 -1708494033 -705715238 -2039878408 95986064
-513957308 -1290729070 944558203 470368938 1861249674
-1429592719 -1663403592 1856513226 -1196089838 1785808767
650408769 -1948498032 866257977 453068040 451452631
1519141595 -1890097258 -1516622190 -1035651404 1725254105
1065886954 1787117463 -1656213650 1513825160 -429103337
-132067806 -723202396 -1646728987 -1693807012 506728917
191285498 1970157242 990244005 1056960598 -14773393
-501040775 775994916 -1406457079 -751320670 778536942
1028675581 -887609771 -2073164152 1431180979 -1339204342
-889417095 -737900613 -2013554887 406337648 469660040
-1297585143 -1264789486 -467851603 544263425 -2079546183
1311071797 -762540727 1996525700 1070208099 -1994784749
-1074646470 246798617 -1274186530 1323267569 1814233655
2036453830 -231516227 -1001271489 1098380312 -486466874
642166559 -1307042006 1916389027 1602554698 -619765095
-785485265 -1191148420 -2140445790 -1626554982 1508508616
1775790028 1985236114 -926393613 -896335625 -669853020
-514892702 148828781 -2043281870 63001711 -1418348639
-216632678 -384510119 321835443 -1013604106 1726701631
-690053256 -1676776867 1327623281 -418560591 -120162084
511049493 1293676794 -1737377022 1206007135 1295839725
469910707 -666979871 258825255 -1093206215 263338241
-581724046 146947632 540974759 1300491423 -1711111826
7080787 1993798721 -1978839206 -1960744923 -1220991894
-2072697334 -1937563031 -819304429 357042691 200092128
-1246035000 -1720056050 436702754 -2084071980 1099031985
-494992761 -856059228 -81424531 -2014560272 -1075490459
-743911999 1799747694 -473647039 953963843 -54730687
1555233720 -1166810466 1100226967 1629832938 -661614289
1194852304 -209824216 77161169 -1275530117 1715452645
-548674941 -1654475156 1962546203 231639752 -871760853
-1346941853
