10403 408 2051825869 -1726897467 -1661405966
-848232076 847792047 -539804316 -330097104 -231418857
1992407513 -1514438187 -833425031 -2043003567 -1640785683
324462939 -513252749 -298960132 857953501 -708709151
762993894 642190646 -705376873 -915823228 666358208
726200053 -1369167806 -1093426289 1800133002 -1937455206
1646927740 1429825040 -942695622 -1624712845 -577792595
-1069439417 79456620 -1070771387 600546336 -1250909038
342005839 1827887355 1719941424 -522541091 2140114179
1373258405 -433804814 -1390025982 670669014 -671103683
-1934407868 777095250 -2022483754 578701233 -2079546045
-1685796927 2144952972 -1338378076 1062295190 -519677040
1406623843 -1197650624 349847058 1382228314 -624424935
-1396446165 -1450207443 2001207610 734089969 583866901
-1986482930 -352245849 1548444637 1030003174 -272129503
-666621169 472834157 -2145677527 -337171872 2078645990
389487827 -1794264247 -1650750611 1587555707 -738130821
513517607 465902358 -2010311220 -659137762 768937008
1760746908 -1609678178 -1798650389 -344516666 -1704863533
-1776256135 265264610 -998632423 -1128759870 -474951589
319966240 -2043251378 659099531 761991046 1311268190
-31112773 549065740 -1217867970 -1922346015 798835382
-859937608 -759898907 -267378146 1231347834 -1864666655
-1373183282 1988450437 -1663171547 812386199 -912768211
-376679236 446994685 342808299 -2020159779 -791073031
239885318 1941434201 -2091006279 -19443674 446994237
1133106210 -1971081278 -1614440050 -226849262 -625084215
1656884439 -1294403834 -140308532 -480875528 464441935
1070336637 -1719445703 -175643050 -1504804759 -1249858102
-1174488812 -1657869304 696816881 2071317640 -1356287730
-1280855243 -1232879147 -1414601138 -638112170 -2032606435
1612105105 -794193318 2088635896 -609660331 -589828186
510605194 -817537850 -369255107 1845144660 840373997
-473045379 -1043319758 1066889814 -2051668229 739659155
-1243670433 583171801 451423823 -1030368096 -1275178631
-670765725 -655256929 1478678891 1908013235 423731052
-2047281103 694762539 -1736117220 2118945996 1146398270
1179922400 -389224728 1403232860 -494090547 -915736286
-1173222473 -1127064725 -1463275312 -5788425 238409684
-983061844 -2134643216 -1271845433 -794112319 36015265
1834834119 -2043242615 -608911688 1204363318 -198127589
1642580746 -730528025 1368696436 2102338954 81789069
1343365449 966901189 884953118 -754943097 -1576975736
-1291852545 -1366559698 1648165415 -1508069897 -1711563190
166797753 -1279523985 813292472 -5928286 393791263
1367080636 -1682772441 1557590008 -1334711980 -1822577641
584180029 -526130075 -1494300502 175644195 891530713
-1877550570 -1829408556 775641121 -1233465557 1454960056
1242890606 -1064826504 1401538016 427625864 1411173280
117364326 249972526 -1875031442 -196190289 174419828
2011784778 -541887569 -102386151 -690421080 -1435997082
-488758201 -1779748587 -1787418132 386077338 -1098390357
507430497 -339912940 -516919034 488786769 -1782535808
607316610 -656239541 -748206227 995347095 992866089
687276114 -808923253 -292330696 -1808042942 -1991049035
-1153201654 1634633482 1560978756 846387557 -1674740515
-2140640628 -1922873220 -437541296 -481752686 1890461722
1320196362 -1963221306 297619271 139720962 1546244631
-1386121877 1481543461 -1266293192 1802316799 -1577333933
2052857039 306732102 1953777682 -812444635 -53507304
130358435 989155994 -1219418516 -1567136971 -328825395
-1126235641 1940464099 -40824013 1054118359 -331435229
129832628 1466946260 1491415667 -1494508528 585897802
-507492125 -1634546840 -788778161 -1961617737 -33613687
-1636074634 485301973 1951557775 446233283 -352583837
273803160 600037953 921674957 950559731 -1215596038
827676936 -1934355649 -256936723 774243024 -1849289401
-1699440607 -1270785287 154739751 -1612210746 580857151
-1317238765 481589587 1373491796 607877025 171503032
-1499423557 334993231 287473374 -2039225113 1718730200
-973832853 -1373397651 -1393547008 -35772850 188733111
1465966352 1832864309 -878879206 777336113 1808890208
1082101568 114699745 -448800332 1105260871 1442760476
1485546135 110454303 -454120693 1061347080 949636497
247362360 -1683740588 1499460547 1634716537 551194482
1259891544 149918975 1978398638 1361751657 -2062705368
484768499 714178451 -1002585024 -534824393 -128274654
-1416743508 189473101 -1096752179 -743323667 -377508553
1203470882 -954386791 -1452021005 1018925108 -644917571
918699957 1849771658 -1045503902 530373008 -1891817779
-1105477467 301525559 583946365 -557887791 380246745
-1044655270 -87621849 584179316 -275374174 -457550143
-1369956332 674338159 1183356072 -139332024 -1028255758
-2100613091 -755194841 -1641544210 293118642 -1908432091
1962850132 -1380745266 1542627575 2044297584 -1153163234
-375993932 547188579 1523409080 723239248 1086993665
-1426605047 1541477459 -1313398193 -1044350030 -413718311
1852566225 -1693783863 -1345869943 2030581653 -2056481083
86507159 -753398577 -1466413152 -1652070677 -1544923497
-1623914607 531974584 -1642650298 266800622 -646907459
1928025971 -1796103584 2007716988 -50399104 1345267693
-648618726 2097102682 115823913 -960923520 -532074227
1935421571 -12007641 -2074819231 258088607 -1033416072
837190785 -1149587130 2147019276 1457744784 -378149468
-552626106 -601452106 -1111265245 -404735657 1348416066
-1267927838 740801312 1639532758 -1659307006 1281566277
-202322813 1458959366 -1485278554 -1624161570 1908048531
-936248153 -1899212420 138866206 1127868795 111613832
-1876579812 -1328622783 844293724 -1871183533 1743516649
1819306882 481865204 -1338303946 745655513 -866218544
-102088579 -1624799665 15876077 -16276030 1261662453
1188713143 -481982278 204451604 -1536534794 1565634699
-112564495 509509985 -1651166376 -1536729962 -527777014
542269594 788935495 1101560344 -1338460124 743173967
1405946472 1959366015 -1299332269 -212024719 -1375339395
-20615851 1981175976 -333560603 1296708755 884172080
79412250 1644498449 1280333697 402399646 -587881945
-1812751673 611994840 1326988650 -1814401322 791068938
1083292814 -766093073 1479962062 1777848042 945958740
147074576 1075643059 1931587117 1647472450 647817824
-609986952 163354931 -656628040 -1480414822 1946483181
-1811185472 -766338288 557347167 -831539886 1940774070
-913118524 -672218607 384496271 137015035 1109433592
-28089729 -1497001177 -1798772870 -1851560174 -865707311
383141879 1885238390 227318768 1340939508 -189295371
490776825 856832761 1333481338 1253665714 -810317567
-576075602 1203162759 -1163938585 -1529474717 2026017233
-1837659142 1037942224 1259415890 -210758678 -297338445
970655070 174165121 -1258151316 -778104020 807703454
-458061134 1832731056 -995179948 -92580550 -762793169
-681497357 1413212828 70634448 605226714 -1899295645
463178142 1098877496 -511273390 1744760871 -88215886
-64781600 -935261698 -985279848 1593776797 -1735171780
1003885365 -1304619829 1555654592 1840847240 1041897330
-1689695074 1430536133 -1689761607 -1089608957 -20732281
-72197847
