10403 312 2133649828 -2041668180 -1377467469
-352980656 -62528071 -1059274453 -98805268 94306837
-108424881 -1922184507 1220952427 -786057280 1678948844
-971551827 -671250269 1434817197 -704611360 -857871590
-1866927418 -460807199 -70818115 814271838 631053408
-1043620239 -1451688325 648520132 -1201421746 -1578284148
-282069519 -878315422 1195267841 589504301 2034794197
-574779933 -893857864 100582189 102359182 928026279
-395092374 1270579009 -900891005 -1196827515 613951352
2120063220 -30531966 -289058264 -1102022918 648719160
1123085815 -790292592 -914396849 -2000640088 2073799877
935716646 -710861228 -717919508 1514213044 1818768336
1486327112 67078841 1567590599 -1327992371 1792921618
-153052735 681230910 656235917 -930044321 1980065760
1979802287 -865815246 -1359419713 567227151 -134275660
-664735041 -1297122219 631735228 -243597277 2055779845
1884222617 2123848471 -1880037664 -1519295004 -493420529
712202015 -1166489886 124396284 -212774713 2108434604
-375173415 -713866736 1350738018 -818170848 -436388708
1992683309 -1318395342 999792088 -1311574543 891360420
638094421 1755878132 1989327069 -1406426492 -340872545
1027836315 16127029 -54417554 182959206 -964592836
255775414 1820996396 -653918576 139335526 -1232008360
-1023522912 1237179367 1305683191 -78014785 -2072774132
-82314327 24572629 -778624436 2064166052 1784287416
-1321417843 1636618905 -1125201986 1456686135 490215096
-514062737 1716806932 -1677339679 709100089 949708159
1384489173 -483586872 -268678085 1009939653 538520688
-1525201491 1671210151 -1580706811 437289253 619221221
-2136269657 -1527470447 -115248666 -981770815 -7952168
-228531656 -310169110 -2104726532 8845288 -1057773830
295820717 -1643265841 2103474093 1313107162 1342716720
1850626650 -2140786124 1396423557 -1115222111 -1370449431
-1463476798 1031279617 -390712275 1265277479 1750149347
374584342 1596331718 1177873625 -1865487544 -1716822798
-249044788 635311972 690501697 -538487668 -1843864080
-2098664404 -632539847 1275872690 1319540113 1439200518
901935123 -1588242806 -990397014 731291960 -839677055
498493203 238784133 -2125234591 344267757 -605828959
1588302655 -1391084386 -94171101 514816647 -815949262
-1237966914 731790710 -1216430192 -293292412 -352238587
-499786780 -55735037 -1838575924 362077924 1111047578
273153609 -33635290 524540610 1442553649 -1842968207
254199480 1901580102 -276039571 -1124343797 1392867940
839239204 -406709499 -1296245603 -1226367603 744555716
-570578950 -1372887782 913755156 1351768043 159658192
-1637874859 2047615954 -300414040 -324818448 1566486167
8617054 1797202352 -122958998 -1652442085 630137892
-452563482 -2014500104 145043203 259615133 -1526758084
1659941116 1188225493 706134946 -1288933867 -338474854
57494169 1457029649 285120735 581072845 -1693424374
-323704095 -1863017375 1979891843 1348209255 -1585627568
1009737676 1193567581 726830296 828658992 -1673925616
-104082763 69508012 757291827 -1769067412 -847530067
1633101944 -919867617 -337729133 2106127332 -304356282
364238411 -173062183 -1740343657 2054966358 1064369951
1641778927 1632448504 1099385364 1561204579 465561924
583917138 1214017952 -1014200965 -543000744 -406357539
2109919804 -1803097024 -2121704702 1604180650 -1185210255
852890861 -1387377237 -92431704 1572002587 426297642
1820741351 -2095748550 1818591840 -1738464218 -260717474
-347424633 1628296807 2122712742 452144013 654310301
444728906 1321711673 929551990 -709982315 -671134079
-1072837239 -513665373 196621453 778645365 2080107977
-1928902634 -1383128767 1484193156 -764798532 -1350317736
951703094 1891953831 -1226599483 -1973479671 2092916974
-656569742 812902596 -800127517 1652493148 -1134806880
-137812654 -1336518205 895284482 160510418 923820880
-969459954 -2146736917 -619744764 -1163066698 1284614273
2094048651 843236764 -155105627 -406557771 -817711716
1118131999 -102740906 2064344055 1276767821 1138336805
507788669 430113333 1510497926 1875307510 810543049
488004677 1638138303 -878685954 1460870801 -2000005532
-1105112190 -534347609 -600596409 -1653841372 1211537584
-1792351090 966565376 -1385373724 -1291803771 587870625
-843355589 -609974728 -524249028 -1145191140 -1446049842
520079052 855011118 -1437747494 -2033884617 -326960707
994790782 2077427933 545645176 495121797 1395504460
-907607539 441374235 1033407755 598295468 -2082385099
1456654260 1265579349 1898594762 -1851331025 -1397969519
-1178817881 1774593450 -374011371 1240989372 -1121351360
-748516415 884886373 770946486 -375139467 -554956993
509386147 1498220791 584964125 -2055979998 441606778
-1588074604 -1596019397 1334433958 -1284052435 -1837166646
-2011599246 -1251340998 1889264922 -669125566 2119423069
-523787125 1717324159 -1714197542 -1453138083 1403154633
-475160076 -1529713316 -295313544 1850998003 -1696766465
-1212426397 1623113483 -1347813679 1306957727 -455756882
383377070 61007550 2135312321 -658011443 -2016247088
-1785544279 -1441981935 -1400811670 -959829185 240722134
2028519431 934878603 1876743265 1688672789 -130960397
1425705442 143965447 -49764690 -1949278536 -450675442
1740169179 -1056168215 -330762060 76869913 1760537550
1234974035 1333327305 -1506632806 -986613200 940310049
1458695508 1641111006 1827934633 1907020944 -1501863483
-46050615 -1668850945 523748752 -1159163535 -1701572192
659313669 1539953609 -516683675 76047317 -1035185871
1475852716 -206558951 1561183382 -1387892370 882286253
-1657898460 -1835140185 -1797897359 -1374021384 1362312226
-50574530 446657280 751988566 523851562 -294793746
1195370681 1766957771 181022304 1395179185 1885182708
761008964 -1334977980 138440254 914287631 -970469067
-511003498 1502145024 -782080556 1347084069 1073380504
749241434 1026687646 836685316 -1720068988 30793177
97760931 1381827576 -68762958 910208808 73893229
-302240416 1659404648 -362023927 512809708 865901437
1177778293 -361529807 355316384 -837490781 1110896197
-1159581556 -572543779 2050620486 2135373146 -45338330
-861763584 938155279 -271628244 1441609520 -98058939
1927900491 1003379736 -1031727397 -1048960859 1822084706
-381665291 317674750 -990321006 483230197 -968606220
1463344864 2141560823 3510426 -1128168501 -1446757202
-1879191505 1824776358 -704383703 1512790275 506706622
-560024541 -913824329 1824072969 -60794747 222117201
-1675560245 1084847360 -2044129285 -1915482699 1640551459
1389593498 301771600 -993617828 657580041 1436725198
142143829 -892445783 -1584563219 346178178 -2093552656
-844816119 893993060 -1047635832 976786314 -1986345989
-2007351430 1985467058 1838016092 -439348137 -957472349
-774807133 87383969 -1798754716 -1068180473 89910904
-713266473 -946846008 -1907526205 492740181 270290435
-836814549 19262257 -610706254 -1784631343 -1005270266
-1677945992 356538793 198831627 -829165419 1126047120
608034449 -2006338309 1226033391 -262554698 -1959408491
1830295706 1620371943 1345684176 -194806881 -1074178268
-298804483
