10403 552 663998660 2088236798 -459813357
967773083 1354435817 -1114896214 -1000560033 1662344031
-1143997570 -1391624805 -497259521 -145093866 946858786
-1462524008 1573423812 -2000492390 1518216832 1095581508
-145152727 1207136674 -526130583 1417118489 1780888027
-2107890458 -858101499 199279584 1829901824 833574621
1643467463 1520412297 235725238 429671050 119025955
-347590552 1624277526 395188037 786683057 -882420764
-2073700159 -291784442 1810267187 -802937973 -1585078627
-2138636745 502373343 -174898470 394239602 863380217
1434962908 -245553639 1750429219 -1855896229 -866196234
1299088798 -499992934 -1719308872 -121955170 -1961283619
-1128475335 -986028135 -1697149441 -1697428878 187855603
-845250860 -2027148955 -1835337623 -1920822089 1981573733
-1755768001 220377055 1610097986 -426410090 1432972450
933272412 357516022 -809148429 1335618683 -2023239483
-1726715774 -1165461284 -634827306 -998323614 -1470367683
90482976 -258149781 404059827 1804652697 1218215319
-609220135 -2105986747 -143473442 -1338854916 122524294
-700692573 2120383130 341705782 287819964 600466287
1196429177 -1616184316 755719126 676285247 1728844541
-1154642425 -1005247435 1151485727 1683193868 -1182605001
-61141237 1559267118 -1047662613 -1256927148 -1162012592
-546568238 -1750496855 1468954375 187327442 -300552093
227676368 -1978314626 -1167011359 567113579 -204841413
-1892376695 -487016575 592978720 -1608961795 -1026618355
385032241 858032596 2018725652 -622328047 653740389
1511853976 1190311998 -1760096808 1802856840 -1495642655
286860691 -1639234901 1556558594 1489299916 -978064682
-1199314061 2100230774 -419889437 -1030578556 -1508730386
232659410 1262752080 12515940 836194831 -448559664
-715270138 -2057430572 1748217897 524819268 -134784953
1490197852 2010035414 674526320 806892776 852247428
672726134 699212767 -2139099442 2021799665 -2043506087
-1164680322 243336110 -1005995591 -747161169 -1897538053
1509862174 -265776500 -1040933907 1829983830 836735171
-1395478950 -1979987109 -1563310216 1225644578 -286169054
2083272667 285410682 -822661622 1586731118 -573917998
1898558772 452028966 -445474065 -1818089697 1124320375
994483915 -642964040 -1043271453 -1531653969 510887968
-775770317 1084428550 1515266308 823038475 1331373653
1630534866 -923132521 -530361918 1323731278 1505545551
640205184 -536368548 1209878018 -818952587 -1710063677
131272914 1521587800 -1493227305 649201001 -1705922859
127109838 -114431269 1820228244 219225993 914286590
-57514385 -257355681 453849770 -1926547972 1953358931
1419982498 2109535917 -959065177 343917307 923160009
526007700 1510272191 -939693435 1349902763 -67913508
278232168 -276782268 -459982724 -1904042410 279449422
-542607090 950137328 -1755577168 -1472310888 -1093271239
646651377 1249813346 1441465495 -414917293 -40129686
1815436610 -231535316 1733556746 -1947549160 -760435608
-1054673691 1308953476 -273231466 885482732 1758651820
687840663 -1133455355 1943351953 479071190 -1080730852
-344131075 -61240462 545668950 -1972177388 754242795
-520240197 -1326886202 1736833535 1004748967 -1271078641
-1975871469 1638200129 1373831359 -1735608823 -842210905
-745596947 796115808 -482521570 -554524033 -1382560961
713910066 -839180150 1998826089 -1058246774 1319444211
-2138617511 2131537348 -375723094 -341979799 -952972085
1716089225 -228438208 -1523022398 -1670383078 -726748829
-931272716 -204088989 -576545206 -1118008735 -397577125
-1720770758 -671352188 932629734 -1682781755 -712331449
1898048662 -1501842273 1832074056 -2102599964 531240275
1851300971 733790735 407350286 -1488176755 -1845518568
1778203905 -334095784 2054686857 605914215 1057067322
-1923128276 1652022809 526144115 771111221 669747176
599030817 -1637094734 -370292584 -186624210 2024730660
343128431 -1226931604 2032259304 1262802471 1439267898
-600246863 622378954 -2008804786 2094554131 -1592717223
1845404038 699942609 -1915988028 -240616131 -29913386
904612099 -661303399 -723245834 899029591 -88057836
1501201628 1431927772 1029502469 -428688106 537713063
-1767024031 -1413999001 -643998670 -752283153 119276583
1135002081 2053571182 323201620 -1175510186 444798645
-1137947075 -844278870 -597462459 -2054963968 -1223742658
43723930 -398036946 1563006534 -268589766 1457966607
1080420204 -1205327881 1497986657 -1183350314 -868070145
188947020 1634423506 -1089190434 1271626713 453550843
-633910435 -331486976 199394417 -1340615985 -1547483578
41668491 -216885793 2083437125 -815747889 300785349
-519926560 582445740 674166608 -898084075 -1906362303
-654695494 42899095 1175553637 819926542 -1403201071
-1177056425 -299468696 -1197530137 1857418540 39534264
122666473 -1545270779 -1044775661 1139133823 -1328312541
-1462993357 2099644365 -401356652 -822155243 1888560018
-768818635 -522518034 2032231464 -1473200599 755538249
303288809 1861862476 1140355825 572828922 -157967229
74858513 272009853 751270403 492275338 712667529
1783566553 -2563041 1447543533 -2058281049 1438320154
2119079115 -894613424 -1911391513 1123105058 -567032951
778359559 1198398273 -442907267 -1570581705 -28404571
-1706008772 1021318374 658486673 349610476 -1277886807
-643230830 -477000882 -971297559 1869437449 1899079878
1214884224 -1435774469 -993996149 -2131530263 -801485102
-1281277037 -162711742 257129086 837133810 755854832
749176995 -1609750792 342494478 1271774600 1956071844
1586201865 -139786130 -405866324 -693465021 452942383
190863496 1511899601 505588148 1745132373 656727136
490910204 -46682509 -81022938 -1717494593 1204778408
-1123139879 781734840 1657938301 480844598 1085417749
-1821305545 -1870961653 -1955398912 -2132932759 957239593
-1846408605 1675755519 1327313451 -1774624750 2031636197
-1353780083 1417583306 -2100828224 -1118762316 985065505
-1381123861 1085208194 -1151647976 602085205 -1078962369
425171569 501859941 -1429568078 185329761 413842808
-498557201 -25043941 81385159 1351330555 1235893755
1298264866 1316275889 1750113056 1162895509 -1477285941
2050169458 1718873929 -1395208423 977713709 679814565
1612652371 -384611709 1497421590 1456746524 -627932981
2022400415 -654560932 -1412340680 -309625228 -909730910
1385821617 1597178769 1395886202 -994662899 909333528
-1727635865 -555705432 -1899372299 -156660276 -775140494
-714803010 -2032222268 -2063146822 -622299975 -1821729938
-2115245138 1996501724 -1080182003 -35766934 2004239742
362790888 1430567075 1569227066 -497911023 -30343160
-1614869747 1084846818 -1277129994 2120368711 -627169188
965588547 -1527435705 565314082 1825180824 -2089108362
-396338422 544675898 166626769 -943667139 1740631375
1395304723 -70566796 -1699166314 -484147819 1215594055
-1185739841 -257748511 -1161867070 -2010631294 -276887634
-1143193140 -214267420 -1640237695 -1339116512 -1113447915
1421500238 -1294745777 -1838184355 -1929945336 1813363368
-1828948225 -315621173 56820906 1978418091 1134727019
-374026510 1663965020 -434391444 816750153 1468794793
-471975251
