10403 552 1279015243 -1668132294 1247260696
-1747438077 -1705408934 -87899725 663480358 1425709448
1512715589 -633807914 -888745473 -1800009711 1438262720
-523670415 -2024145628 -1671207224 550876597 738422311
-674357494 -1430998024 691564897 -745166543 -446583059
1351321851 173802343 -1623986356 631025794 -1321008114
-198856806 -548425393 -214063233 1318348415 -1391968345
1463624629 -1927703532 1302063426 -1163315005 -1323276714
-164902233 -845024336 -1330997125 1210514923 -725564233
434343236 1572953149 -956403880 -785051331 -1748766907
-2143414461 193403420 1264780626 -1108667638 -1196964758
240862856 -679086107 -721516474 -614991622 664323697
547219114 -1745714530 -1164033426 280788282 2085008681
1250146041 560068238 -563821830 -1187413343 593843418
-1373640809 529652867 -1825899261 -930345219 427187127
2022912979 968113008 194614956 1217654514 1729192327
1656892240 2031112437 -2089264731 620521404 -377377176
1043624611 -161521680 -38810359 -479870919 -17692677
-1439692915 181738580 -374618755 -212856262 -262756723
-1295679650 33629743 -1609133377 -1355050235 306243224
-1921148641 1092095686 1097711199 -458337597 -291294384
-1145425220 91602344 3058647 424429798 140119114
-1761728449 -1195538289 -1004482230 254797178 143231050
205201316 1067080021 -1774519717 -534482994 -262102845
-2075869304 -554909058 287995483 993933894 1006021948
-1551120091 1935161845 -1241568385 -1798593609 1719547244
661823962 2085111101 -1518171813 -466153697 550072595
808524978 1906070082 283239725 1310540177 1690459476
1127615009 1997566643 -1789058394 82067627 893246419
1155524739 -920626171 -1856279521 -481887196 338846095
231739391 -1708214308 987949091 898941379 1772377604
-860991313 -449215041 97737760 -1163814176 1198654742
-474073230 -269770646 -1311510363 -313538672 -81121299
-1832487693 1418093047 853815971 -409420520 -1457338551
1428417325 -444407817 386923463 1554085177 1427299678
820221548 577137174 41134714 2140828134 -569273271
913990951 407040922 -1415869783 -659452218 1792077018
-1753240987 -1834263951 1655010724 637493347 -322340887
-1287208375 -1095258823 2069802723 513907519 -1699911607
-430910657 -296053127 -112148391 -448466227 1946756409
2022108455 1644238329 -1977432874 883279343 -2083762375
-1508389513 1382313559 -526197375 -1818955622 1735029149
463035766 -909390437 -1941132406 -2033911528 -1181509389
896468670 -853314377 394588157 227362326 -2026048329
1206358000 -1396695748 -1366194894 728924623 -473790548
-989102680 460691349 281465734 -1391119755 -1325917255
-438423331 -2037629688 1469451993 75641504 -1142906541
1795278372 -1895467753 -1341947158 657635220 -446050186
2133181683 1493122456 1337333747 2067016431 1416866612
1374151077 664018664 -1399412505 804230185 -378363319
862088473 -2736776 -1463057158 -357542352 -1833816826
1450776792 598693315 501292749 646202297 2002067991
164404383 -1025565989 245429891 -283504833 -2101877044
-1304149265 -377914879 736195104 1834923440 -608597854
28422019 211786688 562901995 -1457313252 1508607637
1479171228 -1155662143 1336841239 -449280301 1438376680
-2097930999 763764079 242100108 2091307559 207333489
1735297709 1918358669 -282331817 -237221099 -1639218954
1211704579 1857984372 643935226 1807926794 621006442
-1242832673 1276721879 1688892716 1896913939 -1053737055
-2066812132 -835447137 -1732981488 -34610388 -448431263
974544904 -2141897902 -421977125 -628078469 1998834728
382536894 -1328981081 2038949406 -459953663 -1921941954
2109250699 -1417447933 117278132 1469502427 -817052013
630439206 176466130 -1195593087 -383959906 1601377998
1551600790 -1857382510 721763309 1984896819 -1362048087
1083637379 601863634 190849621 1396930647 1014740202
-590619564 1882518159 -657428364 -454417522 761388752
1925773305 -768717219 1286348709 1988618097 1946746441
2072055740 -1732885218 -2068759267 -802918103 1831938344
105397059 -290651221 -1189145881 155580771 -1205545598
1077725606 1471006690 828782103 -338423724 1602466638
-2080737923 -984898167 397782081 -1614264852 1384706072
-1061959572 -1574873599 -1079046918 114944288 -578111637
519325904 -1982870456 -1277186862 1558482957 -1111249449
-896279948 -473672472 968543144 703968834 -225471816
-1878076061 -212014307 -1008108802 1587541577 -417765910
2011305410 390875716 -1108691369 -1129562800 -1273327812
1312807119 1736390468 258509443 908827005 -1891236450
-44086576 1981905035 -336035323 -1640424908 1877385772
-1250662418 -1389649875 -130671337 -1994540686 -355551119
71930236 -1504283124 915000508 1784330575 1325624920
845510252 -1495850653 -1708734983 1067349226 1520996912
2079599227 248663738 -17557030 -426689078 -1865557028
1296118111 -1002399636 1613690025 2135460127 1933395026
722035966 846049609 -215336209 602071089 -1855983874
-466903025 -2022231181 -1454382717 1677275157 -657806924
477578769 123967386 1069779606 29621024 -743243524
-1375912836 -372484041 1337412025 236005217 -1699697277
2008339024 -411676562 427084857 -882918518 -1747296464
684819653 528999454 -2002980062 519197600 -1851218024
1215294589 -2131088399 -1321110589 -1347257543 -196134075
391377992 -250812565 -1146643686 2079497354 -273367130
-1063533527 759973689 -919113273 101708213 1089190562
1358880407 307519286 -1409885926 -1603086292 1051689862
775648148 1302164051 -1115783248 -1314474015 -1907895836
-745885283 601223570 1113051044 -2074275744 329274708
717240246 -811058104 81835269 -959156395 -1145603734
154182458 -1821099691 -2004535721 -805553361 1269433250
239134019 706119352 -300941303 -385389178 512117306
-1496804285 -517931362 -878544174 1040005355 39696777
1882051288 -2138920488 -1399825682 1640340466 387017965
1355012928 1038613318 -230424585 -354876819 -2064181603
-2041087247 1287059538 185069982 -1421035723 375707410
1598839970 -1457812997 2137626712 1663046597 109129394
207718351 -937342969 -1754206929 979729071 608281737
2061540463 -1599229887 2039153557 -1109474591 1813814558
-1451631556 138013064 -1974498987 -1317085763 217915927
383857890 956135115 622954263 -991878953 -1149553127
1154857305 991754885 -1767205852 -1530195126 2065289215
-697199861 848953960 -197742597 -624805416 -1210163866
-1290122848 1100900283 -1427961069 2082100500 -1316571689
64645240 -1005642573 -32251760 -242341393 224641166
-56242699 1338786479 2000407592 -1803507878 -14979679
-308657936 -1990000773 846016147 -1689275391 -632146999
-1154766054 -164225680 -2112626264 -704981634 -991840659
272002977 304879298 2033619464 177153945 -2127015230
-1325769041 -2116770819 -699146517 -206524405 -434855898
1879104421 -513613065 1175220634 -1827365755 -2106261926
-1176121300 435875096 -1604860495 -1278763049 -2072170971
-1176907751 1428606820 -1499926464 -1895933560 1706777672
-1492811179 962148224 182672029 -1267852879 1533396814
579347539 1540534074 124231192 284067570 2005234400
1840077133 830780487 -1322436046 1360884220 406208122
1646021148 -1730767066 1732620779 -1145200235 1266678476
1630516814
