10403 72 971811228 311127125 -971129850
1844651550 260620552 -1868476831 133343404 -367107367
1456326136 -1496479138 476795032 840764251 576744143
-1227973891 -1421406388 1106517922 78778650 1931186049
2061263199 1008769150 -512895291 1066827134 -1816793281
-1084223871 -113070938 -1226073575 810139842 647695
-1129879855 -505905652 -1107034236 942269774 369385519
-226298465 -1531467441 623199774 -1008711031 1246707495
458918015 455235458 1401383497 61833287 156233734
638327984 1922560276 -1544974350 -1000096448 -1747038397
-831454488 1211406838 -48326206 273582750 291334001
192133002 235443465 147424114 -202628286 -1575622480
860569339 -190231405 366045471 1925343389 -1231870875
1199726143 -965992016 1801307894 1543051513 2083470443
-109851872 1158181124 -1414880095 1778623999 1875913533
-508793001 -2057676999 -378025708 1007604816 -1537243758
654370435 620022281 -1834451443 -867203386 -77003294
-1046295693 2060487833 1284534183 674598772 -583263793
96509090 2046580654 -480513439 1304403576 389631547
-919120964 173807753 971159246 -681455814 -115607007
706671918 943043432 968458472 1730904748 -626582864
889129217 1705534644 947059283 1474938633 910036663
-709727052 1566979302 1957448413 836040112 1221115903
-126466955 2093837953 -1020755914 1499748174 -463654509
-1326016980 881601573 -2056004603 -758258120 265018965
-1644216609 1540246956 -1745238968 -1536302226 -926451648
76669558 -1682309397 -419877538 176585114 -350976860
1590745790 -1728175949 2039365325 2121560859 534739662
-1903176677 -333963030 841121141 461135925 -404832923
94890543 -1304602216 334901766 549678371 -1976020977
-1124078496 999525188 1684035306 1531869626 927154419
621547897 1404934908 -890663424 -1711858155 1864077985
-1114538707 760684540 -687762386 1738111088 -2030391323
1148155067 -409866109 1631922750 350174302 1250958544
742126059 -729951497 1203854008 762209272 2145234970
1607585779 74263076 2028026925 114962168 848197386
377877509 546616408 -1661086826 -2120819121 -1525637872
-2081030171 -597519912 -1814803745 1807559619 209483377
-1182185103 221725641 -484996775 1583211879 1374279128
-1203992712 -1255167397 1849490785 -401726233 -615654498
-565808395 -79029317 1030081825 -1437776395 1335955817
-1552911945 737120102 -1492214048 354667682 735953793
257839784 -13508905 103591637 -699950902 -630329690
-1454269309 1000891358 1502860889 -233781127 -1354782436
755528614 -1199550796 -1203278973 1384820258 1433917548
-1895925228 1190679194 -573155537 1312210562 973604223
1062338228 -1681426503 1035873185 1451719012 -1057382280
-892116541 -1290978902 2009078295 949066644 737448374
-500346450 -46482451 -1446826235 748026005 -2092708397
-807276900 1454980919 655432235 -378168363 492752564
1142081076 -780062308 -566472613 -719027093 1442031570
-958086638 18029353 1337052251 -1018333817 619310677
-1709279464 1981611483 -1248605573 -1445241019 -2029668695
-371571235 -1038334122 -1301039414 964078197 -1254414305
401821195 227979278 -290841429 -719032833 -1490707487
-653289237 -2004976311 1252546323 -171486983 -156413293
828470702 371675138 -1771101879 1602467019 -272579794
-1137130374 -1143238922 85784207 -1635210632 992251438
-594978991 2070232081 1839073995 1677587424 -1885323376
1045335337 -1299633556 -1859853877 -87593424 -647036239
570982255 2131074918 1443011436 -1424801131 1370316294
1777082951 1282775293 1832464729 1838592126 1210597431
2039661020 1142775019 491272235 -423681135 331396290
738975618 -1350505232 1219789931 1093004898 46647566
-1106707168 -982489618 -719870218 -211128468 -1067381638
2123693429 -683191738 33732921 1820465880 1787973686
534070741 -731967580 368287968 -76550070 -890191972
-1646059548 678498502 -2068851134 -1827304571 -711941422
1821760573 636366788 45987701 9044581 -2000555288
501151232 -1364689325 -2036689752 -66327525 767311509
-820445008 87417002 415127312 852198 -1932004107
-100123964 976384823 846155284 -700205185 -2146228805
815347568 2055105568 614208195 137079386 747564562
-1704129257 -347395999 1437624951 -459005973 -71701420
1741741405 -1323579888 -470577532 199564327 -1797636293
-1541339607 344915067 1704225797 -251903493 -933254951
1054665046 858553536 -1877655106 1202633617 366248161
-1154889795 -2063806939 -342619186 216653048 -617779473
-1980984220 1302768019 773695424 -1879442517 539673542
-1842547138 1734228564 1439263568 1369801474 1937716996
-1702101468 112124070 1239349845 -1518647845 -2143579746
-1852883162 -1200363535 -808204835 837810713 -1915225330
375423536 -967923455 1827780682 1296184871 787994287
255629431 -202228061 -2014322147 -86459030 -1934226850
1121679760 370263935 1280473410 -500221457 1119902024
-924687111 361129666 -998880925 1048965757 -351170640
-990286413 1272325086 -1519749025 -1861883041 -1918425933
-716602004 -2034010765 389578128 1616860046 -1193331570
2086282102 1514683759 -1322105037 -247267515 -358693092
559690569 859093170 -195851283 -397135017 -1263695662
663367402 -71955383 2062205903 -188888775 1384450409
-1162325316 2092359021 -1014533266 194139382 745716070
1242724933 680370687 -904901706 -925039495 -1919179877
-2078064580 -381847009 -1226296699 601152163 972293512
1007601589 1700656941 -80203960 -1741126372 -1426532572
443328501 1575566861 1826564754 1403048297 349706766
-1518318699 -1287507838 1900890647 -1488986818 345844171
109294588 -941988193 -68602269 -1281360588 -1779835783
2053851105 -1878175209 22947346 2146551674 2053453474
-336144092 2007667264 -137958255 467205403 -1806796405
-1669226505 691460841 -29358434 1583817529 -765742517
-1040604093 -569269496 -883948649 2136768156 -1008279455
335397786 371619873 -1393676672 545688898 -1850883440
495604593 -215055406 539373695 -1715660511 638995677
-1903396119 -517348560 -1444233355 -1651795377 -1129473086
2114876109 -888715986 -874182367 -828831129 -1492723519
1600750886 805279745 -1741563016 -1160957686 505454024
1850950314 -2015666871 900116420 -934165267 1330973629
-1589673681 -860237157 2071407056 -583035458 1856908793
-1032020272 -1309750044 2058059328 -1775755197 1816187621
1362078065 -1743816366 -1212795092 477348815 1932832387
-1373049094 426674176 -1900438507 -336463199 357320878
824437849 -1103079772 155401430 -1960127325 -495163349
1984377455 -1679852307 -2008005624 -388953076 -1198078261
-1181400911 -762424498 1015599109 1944918911 -1101974458
-1828606898 -1299354804 -288723337 -541292543 -1755893839
-1104315751 -2081120665 521402877 -1968717870 542660323
-621921188 2119844522 -994670727 1249819615 623382851
767440312 139405283 1833950856 665961278 -895784818
1026946625 853515952 262687729 -1463913064 -1639196874
1262015137 -2034951615 -1337823513 626256178 -1724122264
-456772619 1071191876 1538164055 2114855341 -1756757552
-637905520 -70443804 927715364 -1230147112 1866029866
-657493490 -2102110356 -792951199 176502823 954111931
-874664082 43889573 1298610202 539440665 -896548901
1297340364
