10403 360 852255407 916371383 -1681767343
-1311948598 -2012275135 -1897218809 1060801963 649139621
-587406258 2028718570 990010572 1865737628 -861538717
-1497726836 1997518757 1999386106 -210678763 27628262
-297764768 1026958486 -1973280459 1422000986 992027069
-1698222296 -1357724881 994582857 -121441415 -1344344964
731400957 1165394942 -529834128 1907112546 -223668379
1506507609 -353231779 1676469615 -879206167 -57727688
1051586352 587244291 -2073492226 -1035631 -912157525
1747482937 725813757 1024438256 803952029 -142401730
-512093321 -2046179220 121801793 -1815100562 -1552594043
1765032888 -477115327 -62049926 -1057172925 -225506047
1721268197 -1470191733 -2018740720 1537208546 615393931
914066269 -588332451 1185809460 -873138764 1635327953
-1763923426 1097431048 2124642332 516979290 2012721260
1969081786 2046719323 1841309834 1577656748 1630980501
1958827239 -2108204233 2027234628 -953837461 265125816
104411718 339892682 -336285538 -397221821 -2142097041
-603987079 -1182432186 -1307225648 252232814 -1899463647
-1423140215 1493368648 -1192893270 2061850556 65698411
2025933390 -1921013112 -97436209 664231145 -2038170709
-398111809 1288801663 366328207 -1469370735 1426279958
53071186 594835678 213550624 -1596432979 -1334807243
-131359800 1886538750 1641043834 -1144937340 -1189742593
189731066 -1691037091 360844667 17179553 -1373121693
-1864200236 255942200 -680885035 -1784898701 899536912
-965089174 416395986 -1315690929 176148788 -2143979209
305476120 1060589275 -1074134821 654559096 1524232076
-21396339 -799136968 -1288099230 -1089190825 1120752071
-349591369 1875890676 1581108509 -1879011686 1328483546
-1785175666 1330026290 -1307818564 460611840 1672362373
2142185189 139585311 242026562 1505828952 645991208
-240401761 -1655398955 521148480 1395261208 -2024142672
-425657882 1553123938 -1928704583 1512602950 1171899183
697307468 1381891439 -1226497054 963444400 49391623
901622692 169846296 1641696014 2044700134 1659671675
661193439 -1830412962 372798746 366782988 568562924
2097344082 770128669 1371641998 -1161479642 -1262617313
1117578338 1492902777 -197617587 1664824976 -1960084132
865523234 -248667496 -1742798149 -735598619 1769055407
-1661843523 -452296044 209334752 -819352781 61969000
-238566833 2139119652 -116760578 732431483 187048307
1449070735 -767697882 -1236417950 -137465980 -595914975
-628360149 -1909420198 -1321669579 233974988 1676938770
-1327805502 1119912550 -2100803623 -57396258 951334497
-2036609610 1891273782 -751972395 -726889200 -190544593
232591195 904237176 -1296663800 1003705075 1519229206
-132645527 -1065263333 1015820662 170505247 1693790576
1468438584 635185485 1795849083 -348406988 1378102465
-1119726872 -1947996428 -837762934 -1166893265 1054566837
-1870123663 -2083123340 -1441679922 765565002 1040556881
1918405526 1010010986 317951489 -1979703921 -1328035323
-1974315855 1813148218 781497573 -1829337758 -1159142943
922839120 -1472067648 1036016081 -1238218618 1951891047
964465327 -306099585 -1390537892 2016662005 1870613772
632053363 -1293824132 -2085500901 779776922 1998721011
-746112575 -1164973620 741105749 1156655061 -2006640162
-1168374010 24654712 -1578128541 -1319557599 -226285876
-808161118 1044337653 126570681 38266412 -1566392446
-1869682283 -1297628386 -1799994344 217220146 -1258169369
1135844874 187439077 1246704595 345420444 -804283959
-505641183 -1148161873 1352696774 1375497601 -1796431894
-861591011 -2024103376 1349214086 -1081375563 1431462493
1884131498 120389154 78046459 -2007010862 -941815304
1765339472 -2066735271 -120327532 -656217991 1621896628
782614564 -1827910752 -1723960945 -1524735510 451817339
115980776 -89922754 -1569494251 -1757171900 -983039181
1819209964 -1309626444 -1462142815 -1200806262 -1269404558
678476275 655674907 582772337 -1390221968 -1013688774
-1166581393 886649709 1052831099 -834257535 2083554155
-647898590 -1057953602 -1674451546 -2036376789 364922950
931919473 -2058397063 1263817159 29582927 -1679488712
55722466 -1785168726 -771017327 -1861824269 715929206
2076247608 895034873 1027541512 -1802103648 1706583053
-301077574 761166621 -839998781 -1208363066 -1659079406
-1505462818 507146194 820351562 1071381402 -883987759
132647477 2069918072 324856498 1237040682 -1247823077
2074099764 240487446 -1182818162 702762023 -1562517820
-1189698059 -1694741400 1709833102 399977042 -781317580
-1107314923 -278263495 2131066020 1103192759 874676870
-497539059 390622489 1012251846 -844442307 -211632792
-1973967066 -289283280 -1815421518 -281699396 -790694799
-755699844 430485934 973296464 1145128758 -1054616440
2081557733 1384838066 1050642255 732045714 1608092186
-385483341 -2002511588 -2139584512 1945346644 -618331279
-616569626 366286023 612225351 881232062 -465522510
-2142583216 733994301 1938269229 313284594 -137669061
-1762258913 -64491672 -1847423335 -1043522580 1111552932
-1622003013 -166496270 -1854461768 2122517911 -956125929
1370698908 958865835 -604737387 1086211357 1884086398
1972983969 649121359 -518966860 878255418 -372526967
-1245091962 979788709 692439945 1491669812 848786860
805795592 672342768 -1779551170 1166675242 24178972
-91762700 591839489 2128832090 921065087 1687641104
15178003 1975666960 -1154063861 1110747735 1944201154
1071136774 -1641608636 1840113632 1754790017 -1277105195
1783949605 727711662 693526667 -1328182447 2046969976
918996860 617725848 486570337 -923357525 -1038886418
-327935664 -2044832246 191813051 -1842137622 1438051896
80480446 309628136 -192571665 764257668 310205194
245465851 -1615557568 2002524460 -162274457 1899318310
-456874223 -1875912290 474259179 1191301992 2071697858
-296907355 -926245676 -1926946656 838560469 -1384525815
1948595400 -1035584027 -767001582 964221824 -2144764067
18865456 -770871730 -137996141 -2073265491 -64844218
2012616570 1814463502 -1094664279 -446765830 1882990495
1536362718 -601947082 -1112410108 -1504051160 500647810
1918085573 -273040458 528658881 612563547 -1006684619
-81394274 -293215436 -1958412734 -376377926 628246854
574283308 -552649310 -2020092806 -1597346820 787205886
-2044308349 -281398805 -1360318465 816169096 -1362248353
-1730653671 -875374615 1964818536 -1065221869 1290006899
548892031 -1517386726 1801567308 -1205843998 -1178803844
-1179399063 -258689579 512596387 -767283394 206283210
601680660 2058921389 -386539378 -327367737 -860398446
-801285054 -2070835315 -1195868154 -1461305797 -483234037
100046252 -1186645746 2067659888 223800480 434005184
-1796429060 -213463625 1172434858 1311963583 675634644
-1946675574 450890802 206459555 -1290456713 195150956
-227997343 391768397 1343905528 1612660579 -2134690514
-494919814 1093329791 1644837057 -281076788 -55250922
-1561898216 -1898934368 1390097730 -749235729 -1103301204
1633014644 -1985273414 -885155991 1188385180 -362251023
-2069415088 751211735 1844922837 -528335264 787106320
576550959 606408340 -1279880001 -666350428 1373776379
-1045437633
