10403 384 1640555228 736803390 806373439
224686231 124580947 935223562 1429410907 -492478449
-413080780 1602205553 -177517407 -1285831761 -1816105899
-740729913 -1403415536 1074330365 -926835880 1095330636
1311005697 -1602352886 -1200577497 1806837881 1646431382
983280776 -1985827089 1202674711 -1411652765 1333559397
-472066828 631395418 -1092550955 1657034038 -1786653875
1791687417 -1817195546 952590924 -211217018 505775993
-398141282 2003780813 1020656928 1192302292 1274437956
52640789 1273000065 -882630647 -287115755 -1255223795
-1644011716 -1447520246 314448955 -1250990895 1002355329
-1259562953 409601655 -650876790 1493518203 1784699382
-527847334 -1843808612 -1025614754 -1988394833 1402542122
-736255163 345807005 -1137983399 2102625234 1612376768
1450734287 23589959 -1488647784 833555696 834996391
616377146 -182318032 -667072379 419397862 -1342497530
820260080 -1136622389 337338196 -1198565854 1770932410
5192396 1795847887 -994107424 5481134 -1049380643
-1517507629 836088391 -126870259 -1818553702 -96494031
-712251083 395479809 -1011152580 403636732 -737120036
438195959 1528577823 -918976658 -1553832269 -460309941
1464777582 -142126800 1618175549 -1955421491 -18444632
-691114815 1280795089 -1344942123 964576273 -1359070023
-1372553004 1090011655 1023412580 28166208 1171956896
-1310194021 1435127120 1913190341 907688738 2024160172
-785429834 -478521192 60848232 -168038554 -1989533794
-1254581057 -1941148658 -1839447575 -1932516829 1327665895
242055897 641299059 266035490 148751274 2077794272
152940471 -1876453270 -1173255231 1059100585 -732173028
388802338 1563400116 1703525001 -492234972 356698751
1407870258 1215828596 -1072465486 1953585644 -1204055703
-1135705886 623181768 -172314068 1985937242 -330468368
-2012497885 -1014586360 -949109739 1689704843 -130853674
893770482 -53834025 622372420 -1891214443 -238641672
1054428269 1076577284 -849470943 -289775215 1225188236
-633754912 1509637077 -333174261 1997600373 -566014186
-1910124987 -94006041 -1565961684 -1103441505 1471643308
709021882 505658181 -384410050 1440106681 229884399
1508248460 -1784169657 -1725424019 1660544944 1265438538
-809729309 336340203 242710243 2134766991 1916040794
-82944027 1081334725 1449726814 -1612704889 719653330
-527079521 -143188396 940201717 1378069754 37176056
-1265810897 -1999579803 -1029299153 444048473 204407217
694078085 -137038995 976519358 1081257538 1471883364
383451782 -1107723082 -2144004467 -328644718 -415776645
-1789901687 -1909970131 1481742020 1220798561 -1596641565
1052815039 1988587992 1851705837 116815748 -710280997
-1696650851 -1135902661 -26086205 -219100209 -444269590
1072618360 -245040312 -522002461 695244369 175732893
-904908170 476462586 647862683 1084322260 1016600269
-614207297 981810665 1140800557 1638741452 930600821
177931312 656773217 365670291 -220755464 -1392747171
-1585894678 1173208089 -1889293567 -289431688 -267832706
-2145818461 -886869811 697976304 115043778 -1737181515
-764570483 1057497539 -926827096 -1199721099 -1495158768
618776056 -1802627108 -1966759804 1167570648 -487188909
-524220572 9565534 -1275771758 170936282 -51595625
-397389496 -180245878 -704701107 1023334579 -1307638956
1784586680 445014335 891482876 -471746616 -1891423907
-100133165 -1225508798 363649057 -2066359284 -1690830732
-1521211831 -1161312096 2042056466 -31064878 1523683214
1234043705 -843436891 123474891 -926699966 -1790505773
1784812771 385967340 -1556161873 749001600 1703074625
1331479609 36667501 -1125318875 212037307 -474617048
-342839216 1281387132 -1808742672 671010874 -1311682595
-2105347197 679554864 -1814232535 1911494205 -792488252
1940866263 -1023555070 -130010838 -1804844716 -2060114487
-1821764409 -1172644539 2079761147 1710230105 69459223
1137227035 591440131 -1663559709 -2025940275 145767587
1989763903 57510870 696838299 -350225662 -1427775560
-748348384 -2099342663 1571715002 430363876 -1582470247
927266969 1983888315 1404331373 675943141 841328954
1424121582 307962284 -1420162246 846032557 1852988911
-1732440859 -1182432640 -553544470 -1256424267 -1987023056
-1626079903 -1573691430 1596347828 -846326552 -2105709093
877793697 -326502776 573228560 -118847945 -516236976
1921408730 960026218 -1315139078 -639133522 64270954
1173620493 1153614040 -777449860 296272930 1535033947
-913642313 1718604901 994871728 -1266457233 -1769226144
-1194815718 2109666585 -411634285 757783504 658063280
-1214373001 75025605 728992316 -1815073084 1031505909
-1755280013 1426154559 709594921 -615063707 -72938044
-1076075671 1010953055 -258585980 -1912374780 1397553238
-1814693453 -1077998535 -25199387 -133773734 1723041238
1708344593 644675577 119457920 1439555067 -1213374425
108266388 -1640987130 2034852048 -1022473141 -1861650965
-496737509 516348614 1344052906 -1231966853 1515745196
495063946 -928167561 -602735223 1030380947 -1478389868
-636812749 1362672254 -724504154 -1745245914 -747215835
-327908796 -1199427424 -1247387790 1449031342 -2063757578
1461202673 537638721 -1140199332 -820643836 164045336
-171114824 -1026829012 798272683 -919500380 1511589528
844332279 -1750578186 -448956468 1542689454 940033501
-67534636 -749889943 258466018 1389100228 645201508
-1623568682 1705584113 1338821538 -1930927674 566225145
1240772399 960815085 -202791331 -933563235 1687326293
-1276986314 267051742 -1430996482 907925050 -1411554871
1373867250 1268569177 438143621 481638943 -69674851
-350241879 2097494116 2045603798 2027912150 -186489772
1357737938 -672276017 -867703522 -1444714177 847822409
-858263277 -316365284 -746134745 -1512010050 -1989912522
-686265915 -1486042967 -66400923 -1382666261 -921889545
783282990 -412600993 23005716 1861373772 1627829082
-1725106476 954811501 1636447826 993532256 244257002
1028996727 -2035255752 -513825896 1318150668 -308841626
-785804100 -167172464 -2141200787 -923327751 1861519233
-186242920 504067204 -1742652418 953876042 -1147870962
451905672 -950040440 -156612424 341726727 1973539177
-1791380775 156959318 -977378451 -1006388113 1869170319
1135172474 1725578819 -1314625356 1867459563 -936056502
-1637803669 1032419828 758995201 848084489 1967290351
1877449120 -74684442 -1872195429 1743450880 -196885414
1865438579 -570890807 1103957586 236886336 329371820
583742394 -2084710970 159757134 -302366560 1487971317
1575980918 804093303 -1068988783 -1526398014 -2091220757
1459487341 -1124678778 -1017939853 -1011698616 -802312950
2114393434 885193905 -350518481 426513410 -1574826995
622094862 -1739654951 -783840994 -1922605936 -2059113579
1183691061 905809138 -526879608 1864280374 1049184419
-314729272 -838976638 1707285120 -834794693 -1702721284
-1705300006 -1426878088 -1971565211 -1165100159 -803501693
716416263 -2006437701 -1958753566 711360238 1652465809
1758551939 1373428412 2020160834 -752169211 -1862157548
640661758 1754894161 -1373112935 -1680688641 -184753136
369582908 -350968582 1485269247 479348564 1849985850
1573825214
