10403 240 279402975 -1240661001 -2140824647
1098359936 235530174 -1210986049 -2034367478 1319255437
-1222715841 1610221300 -1601321242 -1448486630 -1067838032
198209393 1223498171 1383205950 -538859647 -875510471
947310548 1895420031 -1545394740 283257933 715758569
-797313058 1407381509 1957050717 363981178 2109959537
82857 665699056 -1766832876 -1682751716 965289510
571899110 909756151 -1406015543 -930018006 741317014
175947347 -1630659203 1455093683 1742808435 -1476702610
-1241405511 -548935114 303923897 -1317600242 1037256631
-1487420322 -648843585 1080906903 -63931117 1953398406
844409959 53413393 -1792842991 -674526145 1746722771
-1442451025 1937598436 171675319 -982436825 -943589130
-204908326 1303824691 981628883 1535390233 2130022149
812265907 -178776763 1720777278 677791362 -205984273
1707703886 1515893265 868133950 1370265511 1680757231
-978449605 -2094260805 2025304377 913026725 1965065672
-1603655098 -652974908 -898474161 -1864600257 -632355809
-804793331 253614095 621373915 1760201620 -973198991
-1608477906 854216765 233294119 -165685006 563711543
39575904 879656393 -95033127 -79930000 2098667417
-353643808 -97269505 196559858 1280316274 -1101384432
1880485913 1559429587 -995555923 -1864450618 -122387641
218141758 1266402020 1630890118 -909747326 1650448763
1950529115 1477858918 -1127424453 -1854963524 -1726135048
1311322310 -1798029113 -1598363900 -966224010 -758625050
-1982500046 -719769572 -1776927219 1220841163 713096953
1927264265 -459991616 1164693520 -1834631011 1221299756
-2144574871 1614698998 492147976 1388372690 349902985
-845839637 980580198 1911884804 -1950395623 259576567
-270666651 -1450467305 934087105 -384545938 1747837950
919809183 -811642104 -1684319142 1751341062 1644364970
-1301282033 648379569 -666933929 -2031746958 1260693785
-267411031 -1779203187 1943048357 -1748740850 643050601
-1925216051 -699335445 -1503402879 1356967714 -1443855546
-970741430 835388145 -355237543 -960401372 -619230194
-1616022705 521831111 1034316340 -1792976711 -1543955034
-323988428 -705255946 1006480052 314504411 -1827842557
-751906003 -1692829282 -709251508 2117936790 -787497397
-207590721 465378604 -766963617 845866645 2107589405
-1713196796 -2109942516 -1014303963 -695971592 1988340524
-2028204149 1105720165 -673575847 -504679498 -338957781
-695681010 -843387107 -260329 -1966210088 1012070303
-1244763173 2030814350 -240331672 758578976 1994401036
347489931 -1159468432 616869022 1135952267 -712519745
-1017371750 -913127253 -1925969782 -354607375 -1771582650
2019925583 1553608456 579707281 1546339877 -670774086
-1334535056 -310125461 -325125340 -924793185 625639511
2066282361 -49610165 -746676476 -254630571 -14293552
-772978261 1286746612 395190047 -964550577 -189404076
39041619 -1211916575 -1261621778 -287342500 -620731960
-1986853353 1605582188 -1693115083 -1654638532 -971721763
-1119643655 -526414362 1475305313 180152461 1979003929
-450249447 839416291 -613734864 -806362846 -242174903
-77275339 2092983390 707165970 1240039658 1737461606
-517395003 817142810 -1228971246 -1016866200 -1918148741
-2120883278 -1741900363 2142074267 -514917243 -1597445651
1991045817 -1065449755 -114489152 2027985794 1775421660
-920132356 1611671856 -1006768200 1652342502 2039499037
763500221 935410391 -549659088 843448230 285793951
-1991584439 -1007365831 87842739 -657963066 -209900422
-273450674 -2057789726 -1037610813 -1075936406 1271542807
-46036788 -2129258540 584544944 -267094705 -1072786886
-1979570785 1407383394 1188857076 518266856 -1292874261
-335489327 419745831 997755116 -1868910526 -1720952164
-1372067559 -255288719 912956499 6371881 895667373
-1068153176 -917103598 -2027265208 -573908379 1667564455
1377334525 -1343864139 -165775389 -761549679 -2007237491
-1653853878 1762576667 623835006 -1173979170 -668133528
-19103943 -2001999153 1467819069 498796603 1839958432
1061007381 -928471110 -74066352 -575549015 1698024108
-1101195424 1458121066 -776005403 -1305813815 -2007035858
-787309571 -1244556271 -840216408 2145463281 -1041802208
1681412908 -1348066116 242437072 -87681815 -1167387747
-1049825307 1061907475 1748700771 -1259047618 -890303640
320878311 2047891501 -918364622 1042730379 1221798678
1912556779 927986547 366636102 -1648492728 -1921691023
-769930531 1916694587 219732633 1301720740 -78800829
-1661802987 -2063118171 -1678281921 -803400776 1865269382
-1265298095 -2106283302 540126755 -1802413507 12849291
-1547269830 1668568186 -1617735935 409837177 -1398863134
-771288984 1557085190 2112339458 -1284115097 90553591
-302342878 994812421 -1687020325 -1357703689 662731178
2054099397 1863720610 -1077947040 288578302 1911579610
264396666 1761736225 1835744725 937439199 1081011196
-531174410 -1522747077 -2000562020 1685049329 -547730786
607151565 1211492675 2137887469 -1988749287 1732321017
539492857 -904390107 198363495 -470051700 -652699956
571196280 2120677483 -1323441375 148938129 768555612
77013272 -1001849696 739415544 -1591667520 -1181686332
-334392146 1406615261 -408743764 1236945378 350840897
-1426805475 -1822170885 -225733888 709323195 543384863
2065139574 -587101949 -332753586 -1450947681 392894327
-1187507192 -221264942 -791671152 1280896793 478288097
965638050 1335697747 -1013377513 588511641 -700852092
-490562852 37842131 1863590538 -1624524559 -648974640
1373992911 -1785478387 -376816002 -1331078625 -278451310
1369948094 -347097634 1711055880 -1703005354 -1328997521
-1951123946 1969023907 -1115413052 2095254324 464416250
-1880142489 -1159637750 -2089987905 -893296002 -1189707121
531241126 1632091232 -970217813 -1054774198 1529094147
737469319 1095354413 94987095 -634708602 -529684766
576193435 1616160322 -1328208236 -485284142 -2045524214
913771784 347014382 -159665157 -1008471265 550374646
-1044484020 1482630412 -566028271 -1227357999 -171572241
1210569484 848545874 -137603529 2003624729 1093697296
-1326298445 -1274541615 1899361966 -1585280201 -1414374226
-1139170952 -1585440955 -913903339 686641939 -1419033434
-208681025 2060669187 321752239 -2058725819 -612900148
964116777 -1977227220 642873247 -1843161297 -954707756
-746805892 -123911820 -246096868 1491522309 391701782
-1664158619 -1466395023 -123463825 -1445324952 542629209
234091406 -1767182734 603376254 -839889595 -1701930992
-935198048 865893044 2095892592 496237439 76030134
1844130286 -1666139668 1991320556 904170442 -933991978
624277514 1117884396 149245223 1203675268 -1847765682
-68268695 -1244994203 -1095570479 524592139 -1754428068
-1728769816 454160203 -1253442769 -2073861404 1701294051
-1634701581 -357564602 13056951 1518547224 323722161
-314701542 -160296085 -1104633399 341121443 1820809493
-1364384054 1494430133 659665916 11337318 701211391
-378720483 -1356395401 21251109 -1061141092 517658144
-688358177 213923534 -161632293 -449567807 -1980933957
-1201791358 -1597860107 248582233 370178782 -1737434919
-1359106441 1982256632 -193443743 -501183858 1553916943
1170884109
