10403 144 -1075452551 -1433324696 1232432556
229775362 651146646 1126141042 -1837297414 812574330
-1228795215 897554931 -2069322803 -478806840 -1033209751
-1763704426 1627365840 1009211218 2030377606 1656259734
499469035 -241863298 1863357013 1409284709 1595236030
243146516 -1085147603 804050927 -1337396595 -492552815
1252393305 466101244 -601516717 -227173054 368364929
-1438632070 -1382293346 -421017477 961127538 75910922
1537434003 645678212 1179861118 639459608 1264296372
1193297674 1185566672 -192136057 -1441064833 1065722653
-849316826 1375235784 -1304366012 -1550588383 -512491497
-802100190 1508602786 1531578710 1031047943 -1858768711
-1600520764 1890265690 -1464991305 160846885 2027406851
1920596680 258964072 551335221 -265107229 -854567220
2041582580 819142674 1286847656 1920360957 1826209855
793544176 -238796613 -159327764 -1069974383 528622465
-1239437878 1286563193 183040191 563181452 344638625
2097056145 98113174 -1066719201 -13462809 -558662448
-1506989754 1862386302 -1929374919 -1157718304 1519682030
609211502 -1022055887 -1395755081 -1137697161 1184835374
-964161318 -263190164 -507790386 2039098905 923470780
971740264 -250104188 904164647 -1983415193 289473900
-841017940 82713564 331829855 -1808489844 -530105997
310855310 2123443894 -2028346933 394774067 -126180352
1404681080 -1201802373 -607679337 575161579 970729545
1818052741 -1231930180 -1374448336 180420074 -325112698
1383033079 -1236469323 94478270 -808320572 -1796951166
-305230191 -1955530565 890564322 723763812 1522446784
679987026 -615464027 -1186373196 -1399137259 -1517160352
1372921280 -1456817681 -2073633077 660863127 19554773
1053048953 -196506751 428438370 -2091583125 -2117654014
-352641162 16075491 -1809996870 817799113 824852165
-446674546 -1095944819 1493583832 -1595261513 -572580873
-333798603 839322316 1476174339 -1176981012 799562618
741140690 -669306037 -1643164492 -1670089206 1870190121
-1934614739 -1848310666 1637252039 506117884 1788703547
1275289060 1714348270 -1948246848 -238178272 -1998816387
1390910825 1803943615 914205222 -1023720765 488006889
-269126747 -1443755138 -1045673254 2112100500 -588003180
1520327335 890821471 -10715699 1300423050 -2144418460
-1952019764 -1380778016 -829141792 1756271251 -1365219348
1828335419 -151356753 7224674 -1062550166 1179511685
-1952108979 -118687726 905204940 593507357 1911973432
-1359629258 -317463040 1605172824 2023366388 1325252034
-1590922331 -1096872105 -1294143067 -50395401 -1061741219
1896030157 -1015186409 -1108561007 -1816282326 -578739203
862243355 1008736488 -1069029777 189612340 877623805
1870673786 -1632181536 512557845 1175795665 -762290688
1898749399 1997190020 -1719858819 -1002562036 -324527784
1397484158 -1569937851 -376729764 1060464485 -69118235
682457593 1581737045 -1825312855 -1747822001 1759632602
-420147551 982910333 479260268 -282978189 1249918408
212411462 -397933166 1837780445 -1758256020 2094788933
-49136568 702456588 -257524092 -1945418269 364987240
851470869 1121854138 1803037679 -2043343383 -1903466254
-2024164467 -54433509 -818791644 -1282100920 -400020423
1707915321 -66780680 -170217461 617098830 -1611687231
1482288553 -1963843722 -969728301 -747586930 707531108
-463097814 1473054160 -1796934010 -1735240507 -553173837
1778984458 1729788208 -1284987794 1406522675 534576622
-1948778943 1365792924 623281786 -777907635 111251906
-672968315 1331125723 1230093152 -653244931 1958237799
-853779421 -208322180 -1254123120 -1651358609 -1620070930
789738596 606266821 -51413670 -1787841876 -927672667
8744895 -730434867 2083973330 2099769394 522404075
686448324 1505963483 597328542 711802984 -312884565
681787147 741817657 632812038 -1137799498 1547288182
1582829812 -897253356 942649145 -1143301256 1894835969
64119683 969221702 -600609070 532502424 411049751
244174278 -297394624 1617774442 76886906 -2069444985
347686141 605897998 1583398350 1145448685 -16421775
1594028448 1856624155 1247042332 -498832059 636697534
-1893975631 1415385603 -640962606 714452051 1849471032
-94014789 -843508907 -1318511026 -231377632 -1851529157
-59278779 151952939 1769021722 2010412180 -1587157728
-2142007328 1930019100 1107609202 653648098 1931561394
-490010297 -2051421233 1752550618 -1374766623 -661609210
642520315 1801947444 -1435093919 524069461 1475330330
-984948795 -605103319 -217783294 -195952557 429453983
2053193863 -1391389342 -28680500 1022228024 1641976053
1863721371 1529294742 -1259645864 -1548563749 -1292360404
-515155303 -1157962302 -1714868728 11905515 -481151733
-2051132086 2079009030 1617446177 880479205 -1812298344
-1937246277 -492706749 -1036120492 -674425200 -1935869091
1850258945 -939785456 53722366 1247756295 1164733808
-1195491135 -1487028701 -106762349 226304049 548762210
1309568578 1466525823 1980507824 -660893653 37204692
254993502 1133430576 1285557899 -30186109 2092657039
-279207149 -1798987920 1947209059 -1976028928 -527217833
-1815549842 1057451233 -1921819313 -79723942 32449636
747455870 2087836441 -1368470510 1119003029 1486176043
290881417 -69730232 -1041550735 1774017110 734740298
1919104622 82318487 1909043024 191130173 -546042581
-544817477 599127151 928428744 -1983571076 1755976568
-183688521 -1186295597 504330740 1170808593 -1324640465
1628370987 124469440 -1289347016 -1611544316 1882654300
959475832 -1109236154 1997546426 -220026764 -1260075804
-604675168 -553694795 -1106518249 -2047276627 -205191999
1560872333 354665185 -62655369 533163403 60798625
-1321885789 563508136 -1745527967 1312146383 1112659539
1346474199 852422079 -526170917 151042525 -1020737463
-2013410610 -1946707674 -2054427819 1812131787 -371384460
1232280160 921090157 542562574 2045579664 467051554
79490942 -1036691997 1761294170 -1685921047 -793816769
1972787354 2141670868 -1419769302 461389795 -1351827624
582001776 1417321658 1092201319 -1027379878 -1421970468
-932911091 24121041 1081817401 -1020856316 -287738982
-1151783014 784179126 411237281 -2095802859 245457298
-599204325 1435102854 -1874077561 310450115 -1923538976
1180007946 -1998888031 -410998698 918592586 1527295087
-728153230 -342694442 468839642 -632015844 -1531897979
-1076567748 630592787 -216267915 -548231843 -1069646174
-1557283227 941413785 437367071 -1325002184 -1238787754
-1314012308 444505335 -425989213 -1180044919 1808452266
-1315629271 236142745 637241023 -1358843391 920797857
782848194 1843456387 -728234519 -480040844 -486554024
1536441559 914546582 951906004 -1770494997 722754578
10578509 623868381 -717986808 1927901331 -554470867
-1411130945 79157410 -1253600394 1592139864 -901692834
757895660 487226606 -588406726 -59341027 1632196844
-1276313459 -666639577 1432321595 1312167621 1944180494
252391011 -1449519569 779900451 -4197905 251361047
-1248408583 -268730278 47693508 -487757759 -1360537264
-1614895782 -1765928663 1053954396 -1739141426 -337923523
-1278787390 -1742557844 721264788 1337730375 -442673576
-99109797
