10403 240 2113792497 -1564680271 -1485675565
-996274450 -1443869504 -31452785 -1862131550 1760434331
-1345190070 1963038831 1424963933 -4398 -150127121
-1263233929 1617732069 -10236823 1036018779 -979921605
-1716380578 1031214976 1535522453 1677313602 1345863676
666953751 -970189139 -1623211788 225050675 -1626699884
-1830994045 -1996236704 1426628828 -783501374 -300758865
-1359083715 1340739207 716047787 -1007248603 1530299268
-721380578 -838613896 1065857884 -1609374199 -1783310573
349954188 1836100872 -54503723 1037361572 97297992
-1942244478 2046270109 -1670185871 -364522912 816011905
-1359504111 -1752327795 -304604378 -626605434 965017161
-472592016 14442536 -709288176 -1203867650 -1620582764
1540362817 -1802590407 1319747361 1808269333 -201027241
-1526779037 -162108456 -122537967 -363801408 99415075
-1574856750 -1444299150 1236358133 -712074142 212879402
-823163848 -1420757216 1813047755 463145037 -231310968
1998944389 1205654915 -1998839815 -1509209971 -1481182996
-694206176 140998983 -2095427024 1606331391 1707549387
-1643712939 -595940117 1060951848 -2081830440 -985865502
1862448267 1314459547 201239024 976026536 242247589
-497896733 1728741529 -724350945 -1965303747 -2080814256
1636084699 -568414177 -794639386 1858868791 1917001502
1460495947 1970352296 -1344947 933641483 -554564110
280632936 1188724563 465928091 -663926353 -1420824309
-190574838 -339037801 -707805397 -27703234 1670250071
1760558969 -1985172246 729176682 -345620024 1610318578
-1528870279 445310762 179768989 773900364 1950681223
755010038 -1574676886 670910031 772613574 -870140263
1497454893 1422913282 -84204958 -1324133080 294686819
-490103288 -700338071 -1254250905 1361789608 -550252586
405835645 -1256183807 -344886729 -1893846942 -1586174287
722886939 1654202398 -1705107147 -1878484688 174615038
-1117893842 1703754158 -1387167760 740890360 -579553633
906821323 -823566378 -1821111212 -1021805662 966405285
-971002138 -1962411933 113189889 2041624926 335221903
1778445428 -1529505487 -395428100 38908188 -1232154811
636316678 1791460211 2005138781 -1482924211 -1185266471
272345467 -4891985 144152931 1882033995 1330194159
113294784 989546204 -586226840 -462371173 639489771
-320322909 1357446677 -800324879 -1804935755 1817879187
-533364618 1379826502 -469356048 -2052848519 -367309835
1377908167 -1459479177 -412631848 465938131 1601056019
-1370017576 -278490410 -642212112 -402574177 1782522514
1982220384 -1269013758 893051277 -1895576957 1023518532
1487682716 969696586 1981045975 1360252313 1384176976
504313557 -874462626 1018025724 1899558744 621762329
657705492 1053642916 -2073496225 2049565380 -1284968924
-241201505 586388555 1513843865 -960745803 -2043370837
1148194988 2145652010 -1457767788 920502921 -395640753
-410946304 -1441357932 276177173 -903009554 -2125063121
-871961090 1819920389 142197346 -576101434 1339268629
-695965736 309639970 1226615144 -472780963 786265776
-931287391 -448834426 1670057772 1386092059 669407062
-1430449863 -76755822 1603132859 1023442501 1642675652
416063441 1423008828 673546979 790285616 -24448481
-1389987574 -975975509 1288389011 -1168560897 910002037
-2020335548 -851674826 1333762229 -1805596484 1845381795
-587262801 -1105592416 1165145279 2144676807 -224025020
-1924630597 701073554 -114744047 -1011653026 -1390720429
1268989351 -859276296 -667091336 -1991964801 -299025653
1251586366 -799583818 -1331758336 1670529481 203980562
2076648300 -175522764 -53427077 -1042427076 -34206096
-439008895 732779044 159450777 1057584619 829039909
-1046398103 -419366422 377454392 1619044923 150346279
221752296 -1953752220 -1013969400 -1641145868 -1293554723
-1861475828 1439229980 667796658 460375205 -1565232028
-1090723917 -449529585 -417764854 -1779105986 1365089690
603729045 -289747900 203060312 1850290717 933618310
-1874716627 -829402195 -1832491227 -199117110 -1056857189
-1386756495 682125685 -499900328 -1037608695 87820047
1056078334 384022954 -948265264 -1286380175 1445376693
354583866 392642595 1983143497 26908124 -1482029005
418362507 649964104 -1006318958 1775493682 151473335
-1109199958 -1736355353 -227605420 1852962685 -1127343614
1209029683 -617408290 766990980 808882896 -796613270
854193495 -1926991004 833545627 649429179 110937616
-1003805214 -869052885 -392375208 -2057539188 -432531555
44783194 -1824299625 933293250 -227350650 -1223496316
406378999 -834077416 1894653251 -1455545018 -660178108
525375476 -606332796 -1511179937 67102453 44430622
2000681679 867099684 1353334231 -99982075 36289479
815558859 -104371005 872968658 -972377977 -301664185
-848015169 -471238896 276120642 1733052349 1286765921
1621994451 160007374 -231319133 -404002491 -806091659
-1584920255 1352333516 462087186 1677225299 -1933110363
762737657 1355845484 -1959436831 1528207620 -1236578237
879306812 453958386 -579250586 494429500 -1560286176
1010841990 1507999784 -1949849340 -574318487 874371575
-1350604112 -737141921 -1262585372 173531634 107047708
-868628028 -919440948 -983617467 1691574561 -1348777065
1489516598 -1848918013 -1397962799 358522396 -417247390
974426497 487078552 -103505381 -799490580 -1402055973
232113088 -1365368810 1802095812 102600148 1584233337
650131612 -585921146 -1717331235 -649087737 -1195914363
652025019 1766014110 -438775373 -1745054929 -235803329
1343132324 808375975 -6275377 -323849950 -75020895
-2081702710 1666300258 1770985349 -1202348962 -1284963565
-127305617 1031891526 367082414 -1341877170 -1170216680
-1458904228 -1844111834 -2033350689 1144547029 -1189583967
2057635046 206579391 404712228 -1854931621 1942341036
164299379 1728461587 -1548459569 854450459 1665339363
-1474110207 -544757380 -140173478 -213202105 1136677681
-1876535585 2005365135 1944841779 1652174303 2028665261
2139171179 -599090260 806637133 1408106317 -1835637832
1448887056 -1785265492 -1646751467 -997521204 1893684783
-1972378482 1703169118 372367893 782600391 -1662063480
1928232009 -1631635004 318870947 -394174924 646003902
-597631315 661422956 -1594834810 1745015493 -836542856
-975238358 -1460357334 -12161656 649655815 -1651401720
162273251 -1459805608 544291937 -1423082171 993782567
-944690753 1760589937 -600327012 489180149 -1358348475
2025827871 -669763425 -1155640201 -51375773 -1331910489
-536476495 -1472412925 -1343668435 -1819193124 -201180490
-494117478 594365396 1439896833 384633631 -1732772520
883561175 410069260 -76601464 2059832163 1809156119
2118672655 987351019 1470805834 -544292229 -1503009828
2011968040 1121473549 2121732305 -1726738450 904198369
-215685447 1951890588 -1656383082 -1406278185 734189704
-493668988 724609824 -567132307 -477905198 1606903421
1469106938 1458128391 -353425573 -1758693793 -1552984902
945128755 -1411624825 1212509 -1273997484 -27861660
152527999 -1197551586 -1729790676 146298391 -2007463153
-1061495151 -71131035 467242362 -1862768501 1841908978
-1182347145 1560138313 1482187910 -1412023764 -944742743
248013153
