10403 192 -1658723453 907161165 1142985109
1317286643 1143465544 988519377 -1418383398 813465542
-1210481018 -1245706596 -1896807410 1379835835 -814905280
1320303634 -391912230 1121267792 1330846709 -52536239
173325938 -309899728 695988365 -129007726 -1876353224
-1076786073 -449821379 -785277737 -1784678877 154842628
821695707 306726819 1406409940 -1040738381 -50567603
1197901224 1729904623 -789746625 282336212 -743357370
-2005010909 1133423523 -1333754354 1424717325 1710543926
364696380 -214920809 520943588 51380201 914366934
1433065185 -2102121435 1848129115 -1850576110 -429492774
940872707 -875944996 -2037347624 323293270 -1501860757
-68278541 1057136400 1020488666 1174473381 -289972111
-1971501147 -2085875858 -287901033 -755870580 778385461
-343517263 -1844239154 1884800405 -1795096153 -496914690
1772545817 -1040892918 -147058387 -1080700640 -509827120
2018812866 -2101803867 1332625826 2018283054 1508580054
-2041197080 1810687294 1860405359 -561862464 -99587854
384779971 129846169 -422353145 -300431880 204830538
879242927 949261756 -1894763486 -404380824 796619532
1374861701 -1176943901 1881683627 1557685527 -1155842267
-1835535534 -956459749 675505356 10549414 -1802270582
-2120803400 -888575294 1169671865 1648191784 -1936046096
-1916611155 1261401899 -163373805 -1639269382 1120975763
24914692 -182059014 1772820977 84706234 253404586
-1726975644 -1658701899 1545979014 -965918022 972414629
858252439 -1330973337 -848390867 762891593 573904142
-758238379 1379548857 -207354107 -1935591490 -1587690777
142333668 1763441685 -1517720283 152473637 -1095275291
848435622 -1956985555 -1043405102 718756309 -995288854
-1631878272 -1820054767 799984817 1372805007 -1388802416
-1595901497 -215134657 1206984443 165011916 -794353121
358153317 -1489786256 -1393163299 514203587 1729708670
-1783359468 251315758 -119666290 1630601512 1225301480
487918062 -1835519757 -167159735 -1342048008 -897082312
1416712278 -1468461249 -347341621 1030495383 -971651925
-645071644 1597060893 458330496 2139901123 816003284
1228190043 -1379002114 -351652211 -544878239 823177133
-702696234 471734123 2091631037 -44087781 685404580
1653605288 197334648 719508075 1144830505 -365538301
-758584173 149034940 -205917333 506223017 -43811669
612298561 -2054301920 1723351052 1082831594 1200449587
790525403 1035789116 551081196 2023254976 -610028865
269747201 1260800556 267058310 313532282 1848198839
-690337598 1170957653 -1561303634 -565113500 -1693087471
-259871975 -1987532720 1940346130 -1793064365 1952420468
-1804336370 -634844537 675491067 522943239 -2043207223
2063869694 635025657 -1775876194 -862504136 1316000006
-1790520269 -981985495 1752517635 -2059438589 288346065
-1563134400 -1206277487 214122065 185235882 -629481412
-1399941241 1709553080 -1098937937 2138750826 -107587555
-66450236 1340341617 -1745978478 -981153216 -463186306
-264449380 -821984005 -1936340265 -256950328 1004843998
-1091294093 2059224760 1721296725 -1870391933 -157372180
1733815358 -1096104501 1263002769 297076103 -1348286442
156779497 -882678038 -1669164360 2001584544 -1982689643
-790424475 205255469 1164236456 661181671 1161573121
665466956 -169869546 -1621600262 256044551 1722878621
-1801506419 135374235 153976827 -303218800 317373066
1123843159 763226531 1666232790 930927589 1475117393
673194514 -1048680734 -2136630969 -2063975400 -1872623715
-1493598656 -278182296 -95121808 -1490307630 -1213701675
205809894 2124573935 873954834 817602056 -1422143157
-1551844259 1048262825 -1609337071 -2047476420 1169312046
209692796 1005931124 -262524277 -1514042354 791528813
-19790706 -1554951859 -396387170 -1373267395 -1106291770
2133067385 -588160135 1757286640 -835500968 -481710248
650216352 1423462581 1691829969 -149217381 -338980827
-490715597 717496310 -1690983097 -1993791674 2029782661
321456238 959663511 1223520545 -2001113309 -588993641
1848096296 2023117999 877799616 16365491 1413852453
1853162439 2082856397 -1875807686 1024689824 -326254380
727680280 32015581 1839235115 -1446076673 523807068
-2103658415 -1368467165 -866040415 -2116814021 -1557348636
2087054971 -759212202 667671278 -1384911135 -469771361
-2056701614 1946103618 997235051 507931659 -88409752
-1767461701 1022971659 1938125768 832511714 -1696297836
1635649053 2122627626 -1708452526 -1981537781 2004329296
-1135056115 -1830916275 527167248 1554046809 -591175678
-734149893 1524986179 1711309994 -1557016036 1788003674
1692295956 2051882906 -285128928 1050702259 -1214360891
-1807917945 1001514934 -664938900 439647861 1062059926
-1879045384 2142944025 -522139115 -1894642551 2086478398
813808624 -1759760686 -699256255 -1389030586 -1075259906
689972968 587559847 -4300959 163637641 -1287218230
-826117030 2027298622 -180079121 618869896 -1512985090
1184338390 1059976469 942626917 642201157 -2096184859
772246055 166386209 -2110379636 -36631487 1402373064
1244012548 -1268527264 -1138670201 356161459 -1961172368
1870909050 -1397799894 -404078328 851488870 -1808188679
869780376 -1439453579 -141940598 -2046953428 1797460504
543275416 -47877061 398537028 -689222791 -1548391943
-1863958488 1995008369 -193184291 -1369416367 1254714646
-1594526958 1667480964 1024805582 1386784302 78480126
86288364 1627806942 -1013357878 648373302 1505852087
-730021262 -1210709128 -2063049990 -1547917627 -1752198415
158141537 -1111827959 -1029742879 436707860 -1602066644
-334210677 90158980 -2423937 -1644116400 -1187301440
-1744286624 1177463314 247966204 910837591 -1508319346
-1915459092 -1778674972 1260838357 1146598353 857260633
-217261702 464226146 154747450 -1876667242 -446488292
549921333 -665945881 -1913049206 1699800029 1845728058
-326285337 -1152240332 149131642 522946777 -58245546
1520272908 -402346622 1349138357 340700661 -2106574039
-246140955 -1691689777 -1663344778 -1123840081 384393869
1350156508 -1138542113 594751817 555984611 -1639187445
-168954702 1809823352 -2098472757 1839902872 -623232470
1745057284 332959790 -454851197 -1140756854 2031759454
876390234 -883973493 1418734173 1962150903 2014468336
589188280 10495964 -1802986441 -1375852534 -1386349118
-2030494427 -679874721 -1104451152 1151263442 -962766962
-105706850 -441277555 323222157 -820274315 -1236363489
-929571692 -200032979 -1514733694 1451896448 -1801359331
-1087978021 1626652784 -888230133 -1144617143 -2057529546
1472458492 395510903 -337205775 571679066 2119269919
-1351375738 316484701 -638551503 371549209 -1662232166
2020174888 -1974015646 -149093509 -1533257013 2140359125
1935459626 150561498 -1919510349 747570957 -2144836593
-109511133 1211571593 1709396357 560585004 1905491553
-1139228868 -1510021332 1424317226 2135018941 269968828
-1474108652 -1916386369 329946997 91044470 1835936876
162130681 1758600610 -1904276998 -726856526 -90212343
1496730232 -1466212686 -1046873763 -1466504137 -46942588
985900510 1036188241 -1125913654 1440506737 445158083
777187459 1214918997 -1035963143 1984982529 2066061858
1957270274
