10403 504 -1547737702 -12387769 -965551009
-1645566822 -833855233 867352031 833632523 -550547581
2087568607 -1369958317 -781053176 -1432650200 472895571
-1540092500 545240599 -578176662 85955453 -1879379377
1132423820 -1933970988 -1575813969 416030787 -335326069
-148098069 1878135552 1556743042 1156931323 1058961336
-1883746585 -386959733 311808915 682407010 96714787
1070236468 -1655264830 2109816459 -1947808064 -463173404
-137320970 -1540310412 1351112880 389213736 -957419781
2045973353 -471409618 -1998148317 -222451884 1609182293
-1219041298 -1124142752 1182563643 1754968957 861423176
502936924 -1422464902 1671441600 -148232691 -1030748389
-1315506778 -581312019 -79513434 -1785568602 1205938856
-34097311 -930407924 2062859137 -1277452791 -1737747044
210345169 687707501 -1454494587 779586149 -1524025495
-214903711 -1454577254 -1209348210 -1151559447 -926028158
-1467578931 1015705020 -529744941 -498422839 994833170
1186035746 -1861352211 -1582065559 -1986200335 941919637
792068930 -1755100232 -757718195 -762341426 -1965358199
-1101753499 502821717 -258439524 -1021159119 351016978
115035320 384338257 62303390 770911366 -1807777620
1702273354 -1387490170 667747130 82123385 207956595
417581232 108151637 956131422 -1229482037 -1384088008
-226817970 924510437 1943378871 -421693598 1392648590
491862860 -373812930 -1204558853 2070911933 1085972116
62295295 338698324 -1772769340 612539782 285354831
2062798454 -1331866869 699978579 1423229294 2061743051
613781747 -1408084545 816082215 -711538157 -319911033
-301266156 1121475244 -1527208393 -1384219800 1995153707
1192315206 511188353 -1003922037 194430808 -1546847472
1735210739 -1801409369 -1999233697 -1777393009 731933012
-1374066242 -383875233 642957196 878643107 417230215
-1828415657 -2032262322 77772023 -1366242408 1665668966
-667651265 -339729924 -1104333592 354900858 -121263760
-1348563804 -1108913684 942559327 2142011309 -1218650262
995652391 1862173024 -453740391 -704135110 -1198581740
2106671159 696148089 68585228 1163711656 588508718
1753177476 -15288215 -1453427601 -944962790 -1531078599
-1131496182 1102107258 -887269132 943958669 755840416
-1514897715 -582672811 -1185875448 -1005677611 2120323369
-630278559 269971873 -1111705227 -848581731 580324318
-937390422 -2014912763 -216910922 1559282329 141675920
-1254394705 -192408403 273769014 -1382426586 1606478601
1189765333 -1454373731 722725729 -1340334258 684769052
-1263336311 -1098117958 46929597 -1174193927 -156390287
1211519086 1876599389 -639869537 88486838 1711468315
-668075863 1057088820 686278369 1605476873 1884922207
-430139718 1171414324 82236294 232690060 943619176
-94947968 454368081 -1340940911 689807276 1067023274
238326967 1075352488 1206640740 -1049228350 -982343390
-325704575 -1299275046 -1278996130 -1662385598 1331399980
751589379 -406330367 389896422 689349083 -628200844
2088474959 -448848925 293083393 1094422354 -721212563
1041185457 -1507801345 1020339364 185894300 805617680
-348218590 1651217532 760118630 -498178349 -1125559483
-40076024 -1903837066 -110212947 658832000 339126840
1340613462 377550298 -1451522557 250819318 1618357328
675673852 1787462211 857413412 1063637037 1082689250
-541806611 -539916284 394448822 -691002443 361240294
2056713770 -349347999 1347856090 825728734 -1285278359
-2102382259 -1352195557 -1885863956 -409547404 -509456789
-1041599240 784891204 -1948027845 251691822 2051002720
1027945642 973898829 -1530559567 752630566 1260348517
1802444544 2018857080 -403855762 181896649 479644730
1324639465 1729633906 -1935962003 -2090997712 1876027660
-2022554033 851200376 -832467114 1791543811 293653716
1739655468 -390349679 -915594669 -2070054769 1093584472
417779582 287558231 947649896 -1759511038 1980574745
-1338344116 115394836 1657609108 976658691 -1698277641
335347852 -1080592599 -1944649230 -557202288 1250315188
-163587709 -460057936 -1507490111 -1483758106 -873535859
-833934516 -718741326 561427429 -1970544910 -1466320030
1224757393 1267951038 1956128350 -2115286447 -1813351219
-342851485 -155622764 -162348836 1617209835 -500633856
1158926112 1819569843 2026074946 -1226751520 1340942986
1443719477 1735471973 -953847730 1139540581 1869824552
-2088307096 -123208574 966250741 689431378 -1928139467
-1965750218 548315517 1403247040 1539695084 993748251
-2027878000 -336064786 -1483915353 -1852471244 -842148560
587195809 1847952247 -1081184705 -1234560960 54695155
-510620201 1567604504 -2046269265 1373028359 1714657859
-332088805 1529142750 2112328512 707135085 473306854
-2124738422 -1432671226 -1806253215 -1358389599 269532935
1727197801 -814819303 -147223962 725754292 845094746
1248194733 -1126405994 -2007669204 546815049 1000589335
1586901560 857794057 -595594915 293364448 25246322
-557433340 1710701181 862711107 1234730968 968794881
1410624145 -47887663 -74457241 231111948 753570962
-735223645 2030673896 -382466954 1713081016 -141425559
-1334227437 -181155715 1932143879 -376390883 1426529526
-1477585404 1666951214 666770537 -507589868 -1156778925
-1162319513 -1832933685 743883501 843702653 1002146668
1575567473 -641790805 -1401042660 1487224518 -623064602
-1026476576 -1548369906 -1679852239 -1459908075 -710772722
-1831656036 2014253271 392202273 1179316084 -1656730404
939820336 765621337 -754008073 2125702148 1694934907
-503542980 1001927174 119716135 1020851193 102321764
-1553683281 -1939629381 -1234680295 379168614 -548967374
1318750828 -454091605 492821770 942020706 1120736867
146804713 -3597245 2018624649 -1715018459 1875297472
1805780004 -46371497 1363412803 -80756776 -2130364354
1396182279 -1255852907 -292286075 -2095464624 -1042746500
744793561 -584076772 2139395447 -1602930915 -717888912
-707091094 1086127597 -475416670 -945485224 1660163804
-503392323 -1887192697 1264183763 1015613878 -1400176889
-727456675 402055630 -2124326664 681494828 -1437497834
-502913040 -1356457529 416735875 -1134024356 104675614
-1555108415 -602797645 500081810 -98563386 -130643978
96864623 1662071937 141798338 -1987288067 -1966412034
-421685756 -1687997707 -1035950789 141848426 -623314699
-2053497307 1861812835 -583045928 -470252372 -52321998
-2100721059 -1307355760 -766495460 392017557 -862061069
798142369 1087783919 1641179207 174476742 -1287267318
1756363933 -2112642035 579410442 506716983 502969805
-1442573389 881260426 1865571511 433969666 1108171067
552470601 -1503150211 765390446 1448807813 -906697902
-1427466969 1372072487 1717206715 -585198508 -867571066
1636744859 -1407080285 914284223 -725462862 1540170225
-296204534 -568307817 -117306756 -1129527709 -15698197
-1995622263 493726267 1460700635 71301895 -1844796557
-1662651898 400011124 -1986545544 -592166871 -107789624
-379528309 -413185552 1342832868 769881672 -858142165
-397213468 -800806049 -1445637064 -886255440 -13015534
1977960939 -1971681121 1802982064 -413830170 -1933474108
2000039717 -839127437 1619713417 -1559349597 -1485316692
-1481266547
