10403 576 500983627 1280658261 -1954046787
119250860 1705918857 1139956151 1418221774 1801439710
-1658876895 -1321337572 222083854 1645455687 -1634921070
1375533677 -862734031 707275802 -136928388 -1601390619
756786813 -1869704767 -656262047 -889212036 953404639
-20178234 1474428341 -1838865923 1367438464 -1217679812
-1267275143 1364046716 -661518259 1990438251 390712519
684363945 -750246792 -457928308 1054443458 -1282766680
501491153 1783333715 -1329777703 -914319630 1383903193
-1680913960 1236796402 -24441263 -1519214004 538033287
-822140936 -957077005 -2034089305 -1184851066 -1016758808
1568583858 1620998951 -1942050270 -1294029544 -1318599607
138980213 1312813067 1970167634 -609999070 1335954551
-745846427 686920441 -1483997142 -899452699 -1148486921
751334175 -1225158943 405281284 -1123261726 -606664377
-415431767 -2093919410 -538253233 1211551577 -184354501
990248989 1832597853 767536853 -430053496 1409602124
932212298 1198008723 1007893543 928136579 204018511
267629104 -584806340 1689118283 138422205 -151789662
166690509 397070270 1101771179 748909013 413829884
-765345254 -1643202664 1509697384 1828825992 -1361982240
342315212 627496842 -1367806237 1230104911 -521811444
105397290 -2005058253 842616016 1740107289 -194510493
-99196004 -1966523386 1841098556 3976535 228171923
-453618986 -411951260 -2127566199 151195469 -480963436
92006630 -101032291 -839837127 -210373338 -1343606717
1871885779 677738582 327118389 -922844945 -1253173782
-2121252404 -330911857 -298859375 -1809289033 40279340
-352780770 -1062287897 700341713 1800870817 -195121028
-101028681 1816691964 -888717208 1429395672 -1425446918
640556912 -445513606 -1671633875 -1176160890 -657854676
462466804 931042259 -2104931726 39752920 718666597
1684802657 -1363907096 -50199621 1536800758 439877796
1749841414 737750996 1890137382 -345037296 -17112820
-851476104 1583406002 682145995 1370736653 1748511511
-891857994 -1626004242 2117324277 647133761 -1801199599
388520171 1615096275 647079851 -1382654881 1014781541
220042590 1907434827 -1190425547 -83068958 504317003
940404049 -1990064487 -2097495234 -187099066 322710085
-1170480381 1579679844 2030536745 -925840020 170815974
-129236533 833017354 2035538541 1334980085 373345482
1111843382 174394673 941002772 652990230 -1497807001
411981358 2054707884 -1388337420 -1752431739 -45496516
1586249821 1470132991 -658497076 -105949359 879364004
-1163042335 -1450908127 -900464954 495103281 -255436880
584076757 -1328246554 -203553553 444705263 852642407
-1352308174 695943703 -138454807 -882525808 1386201620
-470555638 -1398436314 657819059 -1714967454 -1176930287
970257367 283474594 290109705 -973295861 758971803
886267491 420460284 649813932 -1013220749 -1711908380
1730554062 -237686413 236171936 -1263569368 1486632467
312676262 1367806130 455399123 951798210 91458730
-128758964 1856580196 -1874653949 -696118110 -1629930917
1004231587 -532377604 -860474995 1698804704 1474972085
2074000442 -1790873854 -1903220291 -430388658 -55596402
137507503 1449173667 -1431910247 1304750414 -386850742
-263233689 1112344123 462458319 905036842 -935972030
1326280172 -1660887256 -488818601 529994292 -175424154
331009474 -955763025 -1937881102 1427955229 -1877732337
1493418769 -1522075055 982249314 1594170394 -1234113389
263009106 -1101149188 2103272637 -1641168950 1801263418
2062221477 1914631151 739688565 -2104591343 -1557200347
1322143173 -1105805586 1306243913 -1382652315 -166643162
-1496180150 -1191652796 2129023730 1037205481 -1979613823
763527478 -294332720 602976199 2015619332 1625256963
-985526139 618761808 -1150397381 -456401314 -1369399182
1915599860 -974098384 -1905076266 -1436267769 627620894
809699639 814155066 1992899315 -1522441559 -513124351
667129944 1005440673 -2010950256 2121007128 -1994367537
872992923 -372115248 -798703121 -672141710 -820895442
-1310256132 1598290346 -20995104 1108256064 -632518727
2042679223 2138707479 -993338910 -1527349383 1578801073
-1532568913 -204658108 1108501702 1905136719 -2053807629
-678468185 -1618519914 1445753582 1266798832 33744828
-399140644 -1349088182 -2111066168 888063241 -1190656255
-870851123 -1669567231 -954862371 -1165047522 1983236180
-1289908862 -224182994 -153342923 228064109 2054355065
-1470976483 435767930 2092883500 -1715705616 111095335
1725680466 -1280609701 -232138360 2031056846 959526711
-1695806725 -1219172125 952907825 1720515705 -1258932515
-1516925414 65113888 -1407080879 664028107 -1344828697
550733333 -1370381244 1218935946 173440715 -1079197496
1658053824 1342010821 -1830399266 -1456042966 -540691456
-1111770222 1502781421 110009401 598020786 -688334130
766622842 -2036612318 -2075197430 2094170107 472581707
-648782252 1824411150 1864662991 -1252006726 1106274947
-145581169 1052185027 1127856771 650677274 341852652
-1721400658 -1620885548 609422796 407586867 -2103782247
-592434438 757557527 -1523557596 2114593627 -2033772533
-561380196 -1142282921 -868402250 2066736109 1921669386
1893138692 1482959539 1922506841 1646004807 1358888112
715478221 695807910 985555121 -130380871 -613412393
1101763590 -290987619 -86980133 -1742037287 531188714
-1350294589 132819455 -759405280 1277835368 -1341727552
1523480956 763915338 -1026062240 -1182594785 -837311020
-666455737 -1021616866 -558610049 1539931402 1764868430
1937828863 2023845975 -1091291543 -1644850729 278889512
1140922215 1295017649 -1728590707 158485994 -82808175
1337726387 49203722 -1690616730 1921168139 -2017678178
-294311052 359330562 295910677 1136913078 -354905894
1275842348 124800214 859301190 1068284186 345386192
1015616240 -45833602 -1607879043 1278143112 -973309364
-1370868959 -339213247 -1106396354 1382510825 -890981914
1207379455 460034486 1833595142 -168302362 1478662393
-840256045 1541565216 884419326 2016004162 2098909667
681435776 209566565 653280612 -1168801508 374060181
-990895486 -734227680 1800916101 150820136 1330296071
-1666161629 -785484562 1506300657 -1422195688 -1535993073
885366368 1274008910 1915165845 -1673051496 118858753
1641771587 61869565 2017777958 -328508759 1044217225
-1835811746 1722827968 2032378247 235940411 123973857
-381952878 -2095885249 -1930941168 -1173463582 727624320
538605648 -1331209867 1357462351 1174230106 -563114635
-814015739 -289671106 -1229540359 301474182 -66128532
-988188677 -138674127 -1063859936 -141245347 -1421650053
507182248 80365909 503116300 1808581652 358361071
1903217997 1689369318 1890342999 -1714903347 1361473847
-895218241 -2134452494 166728605 -169503681 1598534481
1196426567 312021343 -1660126917 1759663540 -2068615207
1972901054 -807071747 -1046490738 1187020409 914761590
-376823484 1158763018 207272000 745533572 1901057650
988933387 1016182717 1309645674 -2115364666 411823250
-51449302 -1688677809 -156225189 -1109253690 -5662003
997734184 79466337 -1090755027 -888344669 1515732439
1344325030 -1031431488 575804545 2076789746 400143828
-1318420733
