10403 528 -1699566038 164310340 1580257592
-748382891 -575720300 -1562535892 531150791 -1172723016
244443174 -175368928 1144278180 397770891 -1533577547
587121140 28342487 -1861251185 -496951702 -731407291
2013120422 -970516097 127636522 1367152340 922273756
588110278 -1190560673 -1392385312 -2011267485 513331992
451203112 -1840410459 -1055806963 1024723899 820111887
-1454527900 -2032506463 1859690451 38805411 650126353
-1433398662 2082299615 1800838857 -994458686 -965676387
-834235425 -119629389 1056356084 854782724 -1109664419
503475492 1500874494 -1119320854 -971705715 507955795
-532724059 -1214688740 2051328094 -963303294 1131229916
817415748 1834673482 1562440176 927204396 1272633483
-1815800516 1414566916 2126303975 -291869901 176023176
65918425 -1175585776 -1407171587 -537396113 -1635049892
1124886973 1657473212 2126548929 1634400280 248918512
-1747861079 -1486655757 1507967368 -1925030079 1625582035
-1448962443 2051508052 1414602284 1096514202 -2000057024
654670332 -177258935 -982981159 889314861 1393269811
-1402194687 1768816959 -1124857867 -1502595748 -65639397
274297746 -439385320 -1183560510 -2096556584 -1723931240
-1565988775 1847483396 143956404 765746577 -1047651194
-2050629882 779786212 -1867114697 1050533392 -710024428
-554610067 280532237 -2071948998 947723977 -2036079746
-1338500232 -275120790 -1661785460 -1564971278 -1645515513
101862830 1880496776 1479821565 -177338649 977771218
542153667 2114168724 2013449095 448024841 -1595100762
902802873 -518162072 -1980281710 -1623743446 -1730196063
-110452118 1406468177 -694370931 1392959818 -1169881556
-1784637657 16130278 -1571888487 1471121363 -1330798134
-245088079 -527376591 -1697786640 1155332706 -1307058003
1778010977 -1737347589 -1275584609 -1264958829 -287079522
1247791557 -443264391 -349168650 1614253541 1658918681
-1852143363 114776137 -1995890189 -809488287 -1839302784
-1893293411 1395820020 -757762149 1922891133 775124708
1188799180 67247829 -1516201671 581956543 -1983028123
-691932471 1642168795 181803750 -373763318 -241111735
-1692665321 655528069 -759759023 124309050 -139202397
503823685 1371764587 -1796181180 1059759926 420691862
428706884 -579862067 1054098435 1970975212 -911577293
-755392944 694675427 467930973 -1244546655 93994408
-311630876 982978030 311473186 -1082369762 1709127456
-1930871582 2037472558 1527079959 155892550 -1845405300
2140486833 -1114263390 -92885387 484932580 -1978513942
1179074206 1333382478 1705214638 1157701192 -1432666311
1121416825 661562961 871946805 -855208738 969928274
-509725771 790013049 1903770344 512929289 1514306055
-1090365602 1836855421 -1827713228 -1666472992 919053576
-1720837521 917973643 -500409551 840402431 876509872
-524011641 -2082101067 -471417042 1059430955 1661138300
-149967485 -645919346 802857920 -2016124493 18371254
1285383825 326586960 464984867 75855069 290207442
745399344 806337400 -1472798989 1478891263 916053841
1505035614 1538225844 1718147111 -924905730 944088045
-67225793 -1626280608 71713781 627169598 741339955
2056637464 210081817 345840646 -1476938765 -907197709
-1759956764 2127752659 423351553 -2137858951 1217133711
293890886 -2829637 -711693366 -1410471994 534738245
-1570349065 -255762560 -558758090 1599872268 1322099503
-1535409988 1977133257 48933927 -850999780 -190736510
-1884564593 -1733828275 509888768 1769449897 -1976802040
623077005 -479595325 -644787184 743672951 447033183
437057690 622977306 -648247439 -1008425982 -1897329299
461779442 -1878292324 -2128623324 1947944467 -459854500
-1476788299 -595788943 1148775729 1892159268 -455322780
1661616613 -1435064096 -1252583472 -144126102 -977681312
524083882 921262248 1245071579 437383794 -1681910818
-1163221592 -623521698 1653245894 -384475166 -1804436137
-285466260 243974483 459877909 1489490573 1810234725
-849307028 1697191783 -1782004339 -1053430187 -721171670
1756428668 1019293247 1609158383 1085433010 945729576
-721250250 1184833988 1310926124 -1221010543 -757946894
-113106684 1799211467 -1839784278 1331254896 -2133389331
-661275295 1132218668 328525389 1303426406 1661259119
1686184797 -637845388 1384910593 162655180 1794306486
45949865 -76480768 -783286636 1144586027 1445504
-1185214462 -532911551 -448767410 -37444779 -416643586
-1079835536 -447376304 163556435 -1620338672 -35806450
519916220 1042816184 881773284 -536035975 693356218
1886243484 850579262 432382212 1555576488 1596146139
-982275924 -1781226739 1231606054 -381977950 1905106632
2074953314 -575170395 -370372236 -1928194885 -679050121
-601948263 -212634795 -490176749 -2027623459 -435974297
1219189017 745985239 -922926599 -1322109165 129852174
1434406708 -894995364 -1379977767 1111499312 1572618662
-832923316 -2007250088 -1615770281 -1524864743 -1869610995
42651193 1142446509 -1337544744 231961529 -1273875397
-301738952 1456498269 1383695530 1803549015 1039003367
915246288 440100247 979483212 -2029227688 -391191246
-158219663 1489897296 -1795190685 361029831 186591058
273811531 -477869122 461354488 -645663956 555967659
-1054996539 1362158708 1939042654 -1219328794 1564575106
-1348510067 1364973354 -515222046 -1115882969 1676614198
-1591538584 2000601790 464795579 -1843074838 -1332450759
285579983 -1276439129 -1847265505 -286103429 -1640783810
-49392817 -396264521 -767961512 647800140 1906433468
1664653685 -956768518 -331767959 52219566 -601611980
1107069750 977635752 -1235419217 1334490892 1895737401
421271143 1593600894 -625507237 492662476 381820517
-302417622 -1565600581 1191663403 -177077930 1452421173
1830539325 -1475008403 936867888 -1292264991 -1738803868
-453835823 -834453944 -680793058 -1604800981 255962885
1091734540 -615383852 220509220 2115281868 -278228234
-285161004 -648692970 -1799337310 337915280 -448950284
-1066013084 -104984536 -44529884 1079680552 -1786883152
-263066295 -1565187142 1877604858 1455400483 1979927925
-846064851 1023400587 2117864758 1165914263 2056449101
77435647 321847438 -1462066707 232066635 575788025
-213735231 323014282 -183305430 -600110657 -228224461
846641375 1274993603 -821925377 -1901607941 -1782569935
2074259761 -202091244 1914974676 1062218720 1008336626
-2030729124 251620197 -1445019784 -1858569332 990762676
379603640 -1058833283 -1347201412 668742391 1734578646
-1772366934 1841344393 564028235 -395321211 915585745
1620911941 753485981 1579783032 -517120940 612786589
-1461272087 -2046813303 -1419034778 1413199588 -969501752
1622758642 -1949660674 -1918647611 1684718034 -647389536
-906802237 704640743 -118925971 -37951336 2112729473
-1428537527 -204482049 194484076 2092038225 2132740389
-1162197779 1923107491 -2018518968 -1608020355 1038906234
65048310 -1454039368 -755711344 -1298824473 734840302
706447668 62906910 -67718759 874835192 1135093661
-379946558 1166550833 519883920 -2143449516 -553909587
1067950914 -1787332495 438688511 -1344170321 -2126778803
-1144048167 1324598224 -902406892 -1837060049 -304895369
1373725117
