10403 48 1708869318 1984997580 1166236267
-1998722218 -2081386120 1069324223 -193909703 -792977807
-410638051 1135182615 1247661286 -1836219184 1783686583
-856191358 399971614 -1715414553 2239999 1892058804
-1800982273 1263623867 1121220208 1751168130 1608451084
-171748996 -1583090701 18402215 -1616631587 480042056
-949275113 985146165 -1824141594 -450659440 -393887250
-94708066 -44061312 -909879022 -245222741 410101275
-1612617797 1882392212 1790997615 -1788607280 1633584091
-2139196835 699698330 1071883451 1148762310 1585904036
75460018 547924980 1542075038 -1331168139 2070123173
537230279 381323830 700837027 -250338945 903807116
-94073053 -351368286 -988793257 -179536304 1674190687
1365188508 -2048560282 2021346368 7659181 -1480438266
511790735 -411552993 1360720542 -2108698711 -2035905935
372772407 -1632155824 1337224549 -807238559 155286414
-289676808 1704604255 2113329072 -1580124501 -2093334381
1478013941 -126823075 -401912566 1004997701 -113288216
405604387 542169566 970585397 366215937 1590329663
322300993 1626220110 -686597958 -267031388 1847658764
527007508 -819016544 1389933423 517163145 -1659460223
49904268 1234380782 -1214402013 1273034225 -1382071045
-626150357 -2094010954 -1432321955 1040554997 412524835
-2097736889 1244716301 -2069286002 1615854749 1427467147
1665480852 623082584 1167153820 -1925184410 1059371187
115649546 -484862774 1346602790 1327348444 -1924498027
371864093 2025550654 382329070 -749597403 1488711905
-556474399 -1246581948 -1807407960 -942572546 43338981
-799028759 -1218745384 -2121102286 -1184836518 1871346357
939425886 -677396103 -1231578473 -328469524 1680714998
-1037239972 1441214973 301519855 -2043267448 180183604
-1740913513 -186745969 220810102 844414593 894925955
786374636 1634117937 -402196197 -1131319504 -1760680177
-497503099 -310031569 -1367338027 -449734713 202724323
805583737 865212589 164123660 6817689 907997165
395027433 -336176797 -2007367762 -413128361 -1596130543
1087403308 -440152295 -250013380 1820044854 1627224753
-208143250 -1567414731 -43498681 1054006569 2074386057
-61803167 -272246614 68342316 1222226839 447835768
643226155 1250212717 -1597277509 -1751690943 1678297564
2048552018 -2015647209 845455698 522056552 -121492050
1000161153 -483453995 -1706548097 -679172936 1871172331
331451359 -16203257 599054038 -2012739614 1285634172
388446138 -1466574033 1315875057 -1788273765 -110502207
-1513883220 -2008069412 -891456155 -699565678 1438230272
-1798804953 1729887934 2052223556 -368448692 2041167731
-743681078 82281231 880162239 -542626502 -1237594772
-394714001 -37373008 -186231672 -2117535603 -520212535
-1254300174 443916990 -1947989401 -1598345147 -321717321
2086210702 196861583 -860676380 -939377062 -1912445430
1633702431 -300762936 -78249745 509860985 1017273571
-1632594425 80280554 -2026436772 370294252 879342888
1597845686 -2051632133 1479376681 1535779426 -326606301
-1097868976 2129909700 1493301751 1088775289 -1666641414
-1845094531 215280774 -1289821820 1909289896 1407441949
499681065 542711375 937387419 1964550424 898174771
-93845010 -1383997725 1473968619 -927083258 -724978371
1741981983 1201480922 -196683445 1121381779 110932355
-259701865 397115592 2050530044 783682574 2123574653
280004290 2070661547 -1703136749 -55476465 -764546716
-1126950984 -1320574601 -1533169818 440468899 1711581630
-193265538 -1403347048 -999803991 -863482006 -1512532641
-1485582309 -476175494 89015761 -1272272190 -1710846854
-1702216009 -966406641 -1390910762 348470297 -709873854
112123433 861159398 371533133 -614805556 2065024998
333925048 1410841999 1496614620 -1184883215 -1509405810
780132348 -1548488401 -1522098000 -343453395 1434067187
396222331 -1286072702 985243772 1478292625 -1135354266
-523834428 -277950050 -405064570 -1292660866 1027269280
886696013 1249548634 -1625057128 1472143828 -1518915912
1212591647 2014490671 1011618178 -1595786771 1818958292
1433542991 990455200 1239667516 454570405 -1284688019
1287198160 843080899 -730890154 -1342540383 594664799
1885773953 1964148309 352996740 -574577967 1675917026
-1106382217 1318327142 -1505204425 1078332976 672703011
-980104119 697172359 -354323215 1172433262 2019395330
-640304783 -306037710 358730387 -1706028901 -796754702
1351510869 661854896 568350553 -1646880924 212288732
876358641 1445182490 -1811067388 -1874114133 -1391524823
-492498387 666499096 -643175721 -948354752 110373501
-1606581451 -103060181 1400550075 -948821 -1910047390
-378216453 -1109947411 -609826777 1032811893 -1233790174
-1681210841 -730945761 -728728571 117729915 1047790518
1218940908 -188318050 -1234617409 -1439874455 -1743184635
-1343327125 1895942635 1447364281 -1531946847 -1821752923
1561624177 1306042400 219115226 -229592004 183517500
959326949 1868988061 1272705209 -1398100024 -1899136688
-1044896063 -958485831 248441071 985553993 -158996688
1888593800 1400044704 980966806 1926447440 1449162643
2087434106 -337641175 49579855 1713783245 60496600
-248988462 1213077812 -369869106 -1683798391 -371143595
-1557272592 664484036 -571843525 -634145907 61672796
-790094212 1070153483 146791688 1613543064 -782517900
-689340826 546479981 409059092 1985157056 313926542
1899371067 329411464 1829752670 232709294 -890758142
1687885335 -871255456 -1181606253 -1912073249 -447040959
-1739292008 1778843254 -1574150057 2085769244 515987543
-1222242664 -1221161098 1942413199 -89675411 -1443709931
1963534397 -269381077 1354621777 2023499871 18447140
-1801111051 2017267761 1641087251 -1989566381 -386771002
-575201554 -521457429 -1839630334 597107141 549800126
366993819 1184187719 1159660997 543618567 126165901
1562975073 -1204639952 -1067639536 -942913282 -1423298523
1515609875 1239723421 654618595 -1037747918 918145108
-1688851564 -2045664498 1560438008 495491769 1874240166
-266920156 -1618572446 808773792 -796314707 -283426969
1155259993 -1771387361 1257991711 -592064077 1062470848
-1345261453 -1181707818 -320537734 -1598653642 -1147302241
1654855157 1392224208 -1707291670 -1380893062 1829184987
1367429694 1334463217 1835631673 867226533 -1948423334
1784510420 926746330 688353721 -27649558 -1920495095
1933856221 1009692849 -212721588 1973676809 2120768938
-1399830642 -396208333 2117271870 68056811 -809144987
1961706 -695423885 -737700340 1042178197 868813605
-1257783703 -1510183682 -1654285682 -413745660 1520810183
2127744471 1664564875 107021863 1698195619 -809237238
-1401430304 315152266 -246929038 1734386807 59082260
-264154876 -428425792 1486614460 19047144 1778989788
-912773895 -1586467604 763563150 -1341521957 562445811
-2118403432 1919050579 604551223 965004437 839538295
-967919195 -1544330399 2078796050 -1783971584 -1021887984
-115143387 -905033720 -1740715008 -1445030962 -1522631850
2075209121 -369691330 381564648 -1724580447 -1066381640
-111157211 -383282837 1078094868 -1636510915 573161381
1083562058 -1986604504 1630268679 -571620971 320513030
-1248533981
