10403 192 1422151593 -1411743234 473975017
-1915197731 -1758552949 -497993899 -2136607436 -1964871827
-239890964 1014978514 899050002 -1125620173 -189677610
-405687299 -518787338 962616225 -1266820532 1102379235
-860917905 205253965 840893088 -1190722344 104893556
1203540040 193249788 -1522043706 -1023951555 1126218436
1044576541 -802225379 -1326007912 2069676028 785065109
-588211055 1351169338 -654639299 1946542089 -568310849
951492063 -1146938668 547994474 -808446880 1779129936
-363552946 -336252132 -1902405843 1199285981 358484122
1492126786 -639539447 1193796692 1977673125 -483078363
-710207861 912484056 1496820960 1115572382 696061679
-955675195 977006009 -311371651 -265620360 1900851388
-1783539794 -818997893 1581335718 1747261667 -644143595
-1863953934 -2011961385 1632980535 -1464626581 -1764491548
422592964 -1442723012 -1579587941 -780262707 2106803117
755937617 -1769850786 -1714881082 -1363736395 -1539050495
-1148355851 -1632771332 -1872593797 633451761 2135755781
504390713 700955135 601740246 1500246979 189452962
-1097170586 701015868 1431660372 -731244225 -1013070025
725993092 1203768348 -348216599 18732551 -455691848
851509421 -6758573 -494200583 201010907 -828657453
1949612551 -112199687 -187508271 1427824795 -576666108
696224178 1365820801 -2058061552 -1278514566 863261396
58121479 621986871 1143278193 -1775024626 -447284356
1827882233 -647941102 -125547080 -497906700 -166762918
-1017865327 974395427 -1175201284 103611555 -406990916
-346770839 -423639244 345726772 1401523283 695520076
-289408480 1543395671 1581300274 907187273 -524545228
1156185988 689681108 -1545014518 -1525260438 -560617303
-876158617 -537321968 1238925659 -38156047 -667691550
650667253 -1472183447 943875478 -450546437 -1897593942
1797276751 -1482676495 648741171 -1856339228 1564216201
-675632119 2072615090 269785195 817403631 283780465
-172338591 1286302085 -1820667791 2035516939 507966878
-672805287 -1535177197 -791233880 2132940927 -939082729
669864819 -465592088 609252662 -719438727 177477861
-683841625 -2083238755 790800282 1063408667 1567483188
-161002022 1718439589 1558852085 -1248523180 -1118523088
-1979848313 1136005719 -25577321 -1244818283 207362408
-969907949 2126932401 -1977298038 -37404113 -341139162
1023085000 -79650036 -849172212 1034817769 1316885682
-1269321730 -1327475980 -1135578887 1624398510 456947167
1511644780 -544468632 294127248 -1909624552 -1519709939
-613603568 895252714 1772064908 1800429794 383724108
31746360 -1482708621 321249407 63131329 1348949754
1806170835 1106616664 1466297988 853835610 -960347566
1817475090 -467962430 -908756931 141902183 -175863658
-172952785 -787497801 1360491127 -1468937891 770313784
1470140414 -495133256 1074476234 2103436902 880723606
-2111159679 -520467963 -160426684 -874946238 -2132827526
-784694914 -515671735 1740201185 1564097585 -114951745
-1261134201 543841127 -974123084 -1968595793 124111724
-1614677291 -1483659779 -1092725773 -1261622809 470814287
-916539256 -1494555975 -1098390450 757740623 870849190
-1488593321 2084927371 1327245240 1599317969 413376618
-213050263 1527355182 -1822289668 -1279939707 -201312708
-150025934 -2015657752 -1684573377 1399924936 1400703043
434280597 2134066062 1235370492 1973092291 1868115803
-375827367 -1327577320 -1606219711 2135426862 -128657999
998902611 -1217634539 -1601856434 -1527355910 943845260
1260170182 -1784547056 -293294243 -168439242 -712531464
-1279053590 1754424448 1617566069 -960693969 -603063882
-974801010 1335884455 1437765655 455635293 -1581905640
1819970812 596042754 1479059654 1299333056 -1095758356
220951668 -1880199138 1319789552 637741168 1465606508
-444067136 -658068283 -1432531267 1653422111 -1911583476
-1636286794 -896026790 -1747188043 -965580199 -746112350
1098059998 -277285707 -448790946 967344939 1183174559
1014760213 780972350 -582324111 -2005542896 517072623
854719709 1260460009 -1919213604 -1162217973 822923255
-808882778 -21812743 549234192 -878140688 910641410
1817241329 -722381932 237013206 -1269973960 -1123411646
1763947363 -454759271 -459692187 -110300012 339196048
1407374970 -498530529 2098962812 -731424179 981208152
-357236459 -2105922140 -179878023 1431386413 -67687051
-1330927662 461825099 472281764 1755364821 1136907347
-439450091 522569306 -1157829077 1413153862 -1849826089
-1546963771 -1823642271 -1228703209 2088290659 -282803270
711811890 -1531934188 -1809895939 -1351627435 1009405363
-422714420 1026329758 -992026803 669353395 -78710999
1968439427 -1882215550 -1888461722 -196277357 -597691011
-1790040424 27322087 -1141180310 -1227459523 -1123723877
1948887042 -1462896577 1619137276 559219647 1771671767
-562107934 -143292652 1501001592 1042303442 532164306
301237042 1058558984 536393626 -1927780197 1640671707
-1398956575 1904812703 -1796529801 2117907587 -1708182745
-931869588 1453302571 -539483648 2142337128 -408687476
1978941539 806805782 -582765427 -2046031976 102944469
2070359367 -244635918 340252693 373196620 -2086318828
-446608100 1116193343 697427689 -1752396299 -2060817002
-1561666951 -731247656 -1521228872 793067224 -1294129402
-1594647132 -2123162656 1383427732 210053634 799013861
1052719143 1892381946 945945531 750410814 -679964291
-644330564 -1174092856 651103439 -37239435 647636107
542796612 1230778531 1024795803 -858595121 2135591598
1865076493 -2054999333 552190540 -1801048486 531900832
-536780081 -495993155 -1125255702 -731344247 -1855535832
-952919197 419577358 770292130 -730760977 65879207
-200836835 1302384124 -335265217 518349897 1697022331
-1400721057 119224370 -1545325806 -320166285 1271699120
-922285429 -2107371819 1153108075 -335990511 168889857
193741145 361425421 -2027176147 1015089250 1489530068
650813313 838876938 1117751725 -1975940636 689359090
1154883190 -630491164 -1487374014 -1185932722 -1968396972
212279966 -4959942 -2001303541 -906191230 263149373
-1353560527 -999037424 1927267264 -812063158 110002046
-37107466 1435556228 689952567 -1840818668 1088685497
-1153504053 184524860 524613249 81051360 -1924519562
-1369974132 1706736317 -1615163797 -1943201021 2020481387
-146685529 -2105107646 61495368 820849248 1501397983
-794133366 -2061200800 -319796157 937127575 -628838166
1407430970 1317721071 -414062885 1228968314 185756206
-657270510 1597122568 -708015210 -1234427650 -1427876669
-1177133696 1645753941 -405536171 -299692720 499134705
-1184291085 396673545 -4611914 -1213466814 -2103461124
-626252924 1123208862 -731504842 -1231113222 758280471
-1266031112 -46129325 -1767272869 1660778144 790226985
1592776242 -1840873534 -1882712858 1464921546 -1435113948
-2136443160 -460842987 -1648909425 -2125342191 1964933232
22525268 1599014709 -682976996 526945823 -1342964686
848133687 586748281 30658704 1847353703 1481341629
490844942 -1224453297 612987196 -1051630950 -184581648
1455062445 131403894 -1923460403 70341260 25001006
1302750216 -7390859 -1452882118 -2033296043 -259577614
1543854686
