10403 384 161772729 -1627192973 1717843699
1743016859 1093413035 -2105178732 -2000625168 1941204511
1235853288 1975566184 -1099880187 -1967526757 -1031753014
-715390190 -101331652 -192044255 878126303 1764221986
-1355230927 878053567 -2065666246 1352889211 -1867855642
796466490 -1798241368 1880658356 -766560902 1921600345
534069228 -670147148 1875455852 -213975536 1345051173
-411514227 -1079031577 1019760398 1817934311 291321449
-1702187036 165120632 -1958713419 -1884316384 401021532
1306099885 2033316416 365405232 429094332 -225658037
1262290152 1015570828 -1751831721 -1168953728 933852227
163717199 -1285966801 -655006584 1024358503 -333777551
780509971 1625513617 1632491367 -1401573096 865412125
771895961 -1091452607 -108623559 -465357663 -1309496168
-1221740903 -974151669 1501831999 141156823 422615326
-1251165827 -701742412 -918036893 -1668828639 495351927
375460244 536438985 1230652381 1379108912 880481817
-476674048 -244782585 -1700803342 105584916 -410507920
-1613041472 -1314992451 -255690979 1087848244 -1147318669
1968241648 1723213170 1273142618 1906567952 -231461721
1231112104 -752739403 -489384652 1667347836 -1357866442
254788138 -330379373 1792980660 -2033770429 -1004547210
2002767333 1392400672 1953438958 -490635574 457590569
-1425121858 -1347989754 1226537776 -277976344 -1127461715
-717326985 1103260065 -1499904281 1029769114 1899864616
1706085578 915482500 353830151 -279095433 -5082138
-713936122 -1829502286 -1429714173 -510388027 1475735217
1391215187 660678484 827008201 2122719583 -1816603178
1300079701 443445095 -209180511 654137806 -850661003
1701830863 -726125981 701602094 -887686011 -1255328575
605432425 710358075 39401398 -257479569 846693765
-549756346 -1986878856 1149582982 59079873 1506692614
1735025085 1436029949 700135675 -345345808 -533219999
-1581455489 1322800253 142156387 1192467194 -510532620
-884320796 1013278065 -2039989451 -1030050587 1438054607
-198055305 -1310815337 2033077335 602401415 736945660
773686699 -1937401800 -164046884 91991391 -1729517286
-902127144 -28887232 -728462797 1851470874 -1232058647
65650393 1193031044 1971536594 -1501948371 -1071022647
-600211963 -484079355 968344701 -770600536 168417490
-446088892 -1163395450 -2077473626 1544127045 -924470150
-1623601584 -1369408494 -881823358 -1132832434 -1926614299
-1906089996 -1524038411 2057650307 1020271719 224213481
-1309070170 -1740570213 -1243868473 1959824916 -1623649062
-2012946160 -307252868 -1311711743 -1811978945 -964299652
2070203739 174421618 2138730086 -1068489556 -648913559
2099444348 429000688 -1515678461 -1261911385 -13365166
-188438787 460944184 1063166575 -1593349690 217105357
901036014 -2098566558 -414381573 -2012120406 -374052215
-1056502654 238133550 -597476260 -1401601947 1633482319
1934406585 601341785 -739576967 494741241 -285665865
995984834 -1253601064 444313127 890312788 1935904474
-774724037 140387603 -501545637 1749692727 -1809970125
-1717521446 1557297105 -1088773277 -81691975 -1095515898
1897308134 2035110569 1009370737 525417433 1732990938
1073012989 -596227118 -568854012 1328478470 -188469343
1861704978 -977074056 1363158911 1355205941 -1139983280
-1120552025 1997819416 713594476 -1718329715 -1685888427
-1857263081 1224375061 444407266 198180437 -1007194763
-1033721530 1567805728 2096823069 -2098294087 1300766780
1312762073 1403449706 1043745936 2133424390 1128017286
2064733685 1774152432 -149098891 -1884973905 1825788946
-1336593305 1791125903 -1347733760 36071068 -948450967
-1843106278 -639645513 1543819197 1289660016 -913701341
1219968728 137343271 -235570093 229375125 -1997875561
-988564783 611774072 -1998091894 126988732 -2087580436
75828597 -554026211 1028286073 876551144 1931082002
2079622987 926062675 -590502176 1907546159 1371869890
639159918 -1373001899 788062880 -788125174 -998723577
1895329126 609047885 -463607454 1424007325 551277006
-1890611570 -782829290 1108467237 1251103454 -78328033
-1444962046 -977695667 1341583847 -2030602994 -183195724
-1187064193 1244942090 268870 -577051452 -354120005
-1060530418 -1908125629 919431073 -517262023 838996366
1973790909 233998333 -2105656064 -862068239 1646680694
1413252247 -163469808 790568123 443303278 1683999434
1173279998 1013852865 -1602501697 -94578606 217429741
-1629721831 1892082318 299705744 -669263434 -1006658218
-1289989775 207581231 544260553 2079339464 142652724
-1169950928 2121696929 -1300007049 -1423454503 -871279674
2069338732 -314096775 -69781616 -1185379923 -2106109180
-612905148 -1236870528 -231246492 286427596 258187352
1889498325 995292900 -206799161 1926942170 1696593781
-998070979 541156966 -2002157986 954296940 1961302087
970493314 234882388 -82221836 -141561249 -248744377
1473647042 -907048909 1603259847 1386648765 -801209774
308376871 1794566320 134045267 1553497291 807808105
1104597244 1923263841 1422424370 944744013 771528856
-411933609 -980293906 -308208978 -758617168 -517528393
-78508853 187442549 -305151871 508424624 -1653160960
129766057 -1715241420 1341669716 -43870049 1488978888
500918717 -839568758 1071898941 1296109038 -1054726644
-663003844 213847931 -1269964214 2074064892 653055784
-1340254439 -1728356048 -2036561329 1318996814 796057840
772090056 -270243647 -2016416725 -1372215758 594426758
-1768464174 -2053941570 -63084460 -659536070 1753442116
813157238 -1809568760 -475577599 -2018406456 724677380
-1431310711 -392549049 1537022768 -462291893 -359937461
1296817104 803267406 -259502819 -224965472 -1282861847
-2057397343 1970061202 353879797 -2080307298 -2045312933
1455088801 -1207515227 -1376849405 -360333420 1166136413
-1601398566 -1043649951 -1627356940 246176756 293601983
1410265728 -1791644472 1157534603 -2115682813 -2141212600
-1509982683 1466461063 -2079188585 1426280726 -1343397051
2046246986 1310231353 671544372 47428636 1344502860
-2017942651 -584224482 966088513 2121938954 711409386
1474010710 822722755 -522192139 -478030306 -1197737097
47595050 2018415223 1149396801 -1315246048 -1556343751
-1274011446 578589854 1702954227 1574586309 -1527579692
479983690 28447991 1095764378 -1954408943 17015535
-405253115 806310650 1466489002 497621925 917134071
-438444732 -1039991022 569029451 538773705 -1949232567
-47479632 -979051631 440934630 809417986 -1235212870
3878364 -1780076864 1571001381 1167309816 1339161800
885461532 252742424 -12282709 96603017 -1571658142
-996978291 -511997747 -1518659597 -1433627988 1117301566
2115534704 -695696023 1547782344 519660991 -168295653
-1784831726 969514930 757251625 -1750574404 1693016454
524420273 -545254617 -1142678451 -1008114607 1779848912
463455082 -1601085995 183236977 1924307392 -867881169
1000113217 -1645957826 1429167296 -1005821494 -1715051214
-1122402128 -878436172 1593785300 -279437063 -1368045593
-1450847188 1033385223 367038866 -1457829690 1702914280
-491079083 -1527509420 626424643 714509627 -59592730
-1988535925 584883732 1478823623 479287861 1766290944
1996309594
