10403 120 882248001 195860301 1576936343
-1483960685 -2109928222 -1144607407 -1183045212 949181509
1518228014 -1679210286 -1830237329 2105784737 815475149
269981129 711499852 -1351087909 -1109674512 1967911401
-84626197 961408869 1013692080 1103239518 -1060959078
-2053900489 -2069783761 -1002396439 1357180630 1527123536
-196673939 -1167631801 1502592195 -1644382115 1112110018
549574399 853591241 1586716909 225559515 -145242330
1604201673 -585448004 1874188547 -889818167 -1219117835
1464150667 695639964 748058551 1426229567 431445746
-443586005 -501221256 -919705685 -985664086 342469896
-1029999165 1863820606 -551040393 -2134608118 -1416298838
-1178687652 -454890926 -167205497 -687839824 1037363699
1987973732 -2113765256 2120604037 -1190226467 1601043861
792666817 -1348680408 -929459367 1516860023 -1360211413
-1075451530 1049195495 1210030520 -1211672268 476354085
1283007067 59573636 1627372954 -1434606857 446009937
1979492593 1272941732 1383415112 -1263739448 -1914053354
-913621464 443658478 -1363522639 809715066 117713110
1153503664 -794237297 -997258939 -763753420 47348677
-270704681 1055399464 -1482919552 1271141641 775628683
-668426343 -889572463 1589888677 -815970184 -1390930960
-939727173 -51775941 -473477582 -1605880314 2141526826
522079829 -479637078 -920782876 948026750 -1410758561
-304251336 1869190269 411288469 -261030815 -796829367
-1339485068 1284109691 -368262739 352268851 -1538942946
-1019779230 -2146196859 -1932037314 -2112441908 -291505850
-1664354885 -1716744331 -79129944 -1777961094 989756447
-1407046996 -542103857 -1041973433 -1904205269 1029922918
500577455 -910505863 1205883764 -540475841 246543170
1152179529 2047092219 -1012244475 -1803889037 -1628476819
-1031538316 -799349311 1709631678 1044991617 388379092
893528428 -1278114127 1229181094 1422558017 -686213924
1125266553 66122726 -1429880416 -428216623 208201886
1402913497 -156346413 636547503 1596050658 -1857814576
1829831812 1187135293 972496351 -2098243200 1273055089
-410028642 -426564076 -1709629880 -2030915146 -956718595
-1804164780 -1924745480 -1822339668 -685578010 -1948421936
-2117246537 306140670 -1610514841 -2053489163 -252689106
918769158 -129978783 -1400884581 758903646 1490631048
-1976246326 -1690525331 -1944673926 -1531104389 926303333
-148180045 234948724 1404351931 -182097026 893399510
1376397866 -1522148471 -2042372666 -1922172699 -125740479
1952337348 -1925507219 -1834297814 -1195344965 522229796
-124443096 1479542467 212631961 1251245747 2041287253
-1840533952 -2008888240 -1404859443 232756602 -198386541
364682041 -455778177 -500552183 17957059 -1945717012
-1238935340 -287478512 -528713447 -1298044974 1937126747
1174855779 -1523769940 1913166543 1547480288 -958530076
904222221 26097223 1013364614 -1649019704 -248137069
-135717973 1347570577 1467116239 -254708414 1848808294
-1800971081 1431206246 1524581003 -551074653 1608199904
-1445414252 -1383799309 727205065 -712667980 1612349129
1503564381 -821757852 -2137833753 -1745198072 -270705450
-342269292 467737053 -849929056 1848847333 -164487506
-1301639827 2116963168 -1136315761 251879099 583043944
-79858346 -141802030 -1862311196 -102180735 704875644
-2051180367 1367720220 -804849125 -1309351200 -1002799726
-1125718184 933663408 -1556117287 1955180286 190925440
-1971082939 1188671394 -539133817 -1603093537 1417338022
853368377 -1132490474 238833807 2111421190 -85556827
1231308550 952912789 -101076870 -522609048 -545709228
-742981047 1074421401 -1573045735 73947731 100403066
1068834805 -1281465413 -2093160578 -417109149 2012236977
-2089759549 2032098495 2052254121 1177679397 -788912601
1737697798 320813706 -85196829 -1857269854 1791319770
-992527542 1021369992 -968894270 -1528370006 1911541471
-367015822 1745319091 -636376313 496579940 2066140972
-1129667291 1371319363 1354818969 1981935358 -832892665
262320734 -606131222 -275257467 -198031391 -875048652
-495034650 -5175378 184725725 -368839780 -2054309507
-1163695647 -2123385456 1797120287 -756400294 307355449
1899005970 -1032180049 1351193421 -1364011159 1601346346
1775390223 1649079096 -717713348 241787405 651670202
1393548769 165409003 641470181 -653772055 130651268
-1504960847 800297083 1473654072 1133805858 1808225401
1336836939 -355103744 1284248923 -1139624126 -1345826276
200968731 -1693082821 -472593255 -1742313924 -219279461
-1607115254 -1365555491 -1607236465 -701220234 251515196
-252615584 1934477304 233322949 1598664566 -1955376707
1924291369 -1959373316 -1514090186 532557227 -799408052
-544068767 117821557 1054675380 1311935566 -658111251
-83417803 1875194802 390304889 -2068057036 1277822638
1065003544 -356354054 -366220545 -847669105 1311610296
-1503380355 -1318479023 -1964744998 -621373223 701997604
-409101168 -1124008290 1434648333 -1956243364 -1424910757
369178523 204494653 1114606457 1327157534 1412286356
-723384090 -1978104244 -199546828 1108402065 686210192
-955304099 461499439 1900172612 1685717529 -615603683
2118876436 -2137946532 -2062883067 415732977 451552038
-308010016 1855779932 1780108885 1023468314 1038091478
808686942 231863668 1633826322 -248447014 -618941122
-1704019369 -1260232380 714988821 1483725658 381130395
2054368570 1759341631 1122266589 -780659696 -779699381
-1718528938 -1982185186 -1911985830 -2147267313 -706118836
-1644145496 -391730545 -1206780119 675924159 1273647859
-299874719 364544699 -1378482035 255597332 925234011
693129382 -1713999436 1915522717 1299109708 -590055728
1176296731 -952945619 -1888119737 1472435179 16859625
-953066020 2100249017 361444268 -1547615701 2088723476
-295899675 1600850972 1877107036 -961372261 -4466712
1257804328 -116535779 338997868 -1016935832 -196677676
2073244776 975757563 -1186205575 1550750477 -765948508
166131918 -1337465281 674178803 -956724496 -638278508
1264191508 517033877 1581975147 1366290446 -1903875393
-1974471294 -302073398 331147412 -371152648 -217672618
-1536619343 1137946086 1761032964 1335947864 -1537923145
-1215868493 1244720731 1261828508 123399760 353494475
1856810256 -1798218778 -268622645 -1254953909 -535406469
2051435116 70260890 -670006554 -845956521 1344161808
871924942 -1660759990 1253650440 -665910889 -1526624387
1519384052 -901517377 846649659 1560273369 245479215
1642084025 -437279089 -224607890 856930328 -2100868431
-911291456 -782005726 2037837118 609863958 -788341038
-1474232723 1169056391 -2127897727 430357093 -121417756
1539998719 2022925087 -1815098660 -1899043710 -4186519
-247292841 -1714172393 681044171 -723149927 -230300442
1500853099 952888637 -1857257340 1946888038 -1670328499
-320259272 1171346065 111238691 1198150167 -2085693238
15490170 144794279 -1271124304 2038389917 -1497219460
740391845 -194077882 408921356 373521404 -916780330
-833537302 -1510879305 -377894045 882935636 -816856968
-873498769 -291271298 -1551593756 -865699949 -1408524748
1248976503 -1383659723 -1407305363 1115565852 -103799570
-1708823360 1535312246 1311229468 1099132116 -370453705
-1677059319
