10403 264 281092937 1454856221 1781556002
1541780864 -469365210 -298080549 160693127 -2139200377
-337559694 1826794887 -1296492563 1622205397 13790089
623737986 -429996215 122500250 465630659 1269792287
546248126 1807324711 -69887004 -2099528797 -681304948
1348570151 1720858901 1000439720 470588749 1664023981
-1443483584 -5847142 431917253 -733844193 1654934379
-295400785 802470278 869755730 -1007754271 2093601081
661263581 -1201352479 -145382219 2027234645 -464130483
124695245 864450036 1285766496 -1291286698 454000021
-1772080084 -2065087666 -1649594284 385372643 434474628
-541075039 1528021699 -1124744448 -1345574944 88242893
-428389487 -1665763987 -1660639615 900303958 2053929722
544163827 1705833273 916598064 1126565916 1167851397
99141377 -1942732879 1363573789 -791840799 -973474304
1545212451 685740816 1924069345 -303135712 1604558143
-647763812 1330403829 1842748723 -1650949947 -720641204
1523691769 1334515796 1092806594 -155969520 1741573480
74972247 -1389920733 -2000555900 1251146478 -1299628692
627841374 -243421326 715509396 411552975 86165534
840544793 1844096936 -1385151314 -1130604483 943500793
811877497 -1068471915 -11816103 1534998236 -936915719
-1364932077 -1055346440 108331818 730763213 -474409554
527997051 1589761651 707173672 874339553 -575450106
518984663 1217450080 1741993495 573011380 1957349033
1709082905 1625655307 1187465096 1125032234 -530650265
1954917096 33537201 478431709 2011265028 -1552842739
861702688 54102744 -173677753 -1970816128 -310260040
763029262 -965760395 1430459991 164128033 -780178458
-290366602 -1898240789 -1894204505 2068334400 -1735587158
-1403381572 1977276141 1461599062 -1163341381 1541319505
-1463547533 -730907528 1833660313 -731415318 414267142
613747790 -397857209 1137531843 623881329 -417325374
-1443096405 -1574124529 1552964684 1034968656 877938427
-316505342 -306297716 -911986126 1380346568 811757117
-1543298008 1595799684 1684604680 -2002130508 1756789495
-202695765 1743802485 -1857505914 729191455 -955842438
-896345005 106740259 -1023582839 -1669220545 1265978026
913995287 1100851625 1613595469 -19812557 1560864137
39330443 643197506 -2021852494 1954429906 566912927
85602416 1359944474 478391945 -24979319 1212649743
220254853 1053151801 -105735699 1247852635 -434400565
1975175270 -920536006 737709945 706734448 1816751396
-2141730506 -1065026826 -1376500076 1165991534 -753724318
-1008404144 463884064 1063439163 1451792085 2007045574
1740828915 1222059213 1074487023 2052302206 461133796
1593469250 -881413257 -651869414 -1032400485 -2088757617
72346771 -562907949 742822014 1467343914 -1638861482
2099171149 -1665089382 -1712573705 1863225443 -5210337
-223421052 1935731182 1190547869 1633439124 391490066
1439370251 -1159723205 1179394415 1869451780 402815110
-1126975050 -1329022427 1425538717 -2024236419 693466956
901152146 -1886281676 -891451739 2111061269 1785111051
149349942 387345160 1308807099 1594247643 187352441
818137108 -1788875168 -575654142 -1767081362 551659162
138655645 -902759190 574325992 -97713283 -1378177190
-974119716 -1899538732 -655342613 1986582715 -609654044
-2049287911 -1167735420 1533046593 1799877173 459813015
-1029715239 1233319586 1123828328 -1119531524 1688631363
-905358475 -15626525 -1987358155 1001139428 -339076340
726852740 -235490447 -1604813303 1950012244 1096380954
2099884099 -1942013177 -1948298617 -52232592 -1550578579
-1066324558 1085822530 260017016 637147203 -1106023231
-363584750 129765912 -1440340945 204336845 1859918168
1458671509 237912211 933156861 585253733 1273326623
1872075294 -1347574305 492958476 -348908359 318721377
1076356581 -464465161 -1217323150 -1188066019 -118192008
1825470710 -397537508 1302062270 -1087708643 399810114
-1309680313 442529092 -1948072181 908993574 -1234172566
579620905 2111384563 549760190 921277221 -672730483
-2020025921 1786060732 903762243 757096100 -740568772
-1812590089 -1287192001 1792839674 1832624877 -167800010
-90058306 -828839845 -1858501214 398936543 908125676
1747676387 -308348530 -1510914658 -535173257 637405455
1576277488 -1781609113 692571900 1682824013 -176410370
-1939181376 -1072209015 -1487507259 -1393760089 -16833331
-881719782 -947556354 607091044 1396495820 -1791348533
-372635151 -1771427072 -628141772 -1258026183 -40123749
2026663248 391577451 4684141 669789799 502193647
881272040 1747164702 -1502046450 -1916418288 -810617568
-1750798816 -1971275501 -157480451 1206202226 601971859
137732670 488539938 1085006166 -178937018 -1111492504
1721658313 -442793042 512968460 600456104 1804273239
-2128647285 -707780636 895903634 10345074 -2082251877
139184132 -1593816784 -1920908222 -604198535 137445005
-1510617542 -1947099212 -317825970 1557408989 -434035060
957751976 1076378919 -116106242 1442954030 -1840135036
614122342 -779405003 1345995697 748791549 -622489303
187736560 1326137002 219732598 1260467128 -448522882
-379850831 251444318 -833678811 924910263 1309041759
-424209118 -2039216498 1517735087 -1980270579 -1170339626
17780543 -1816663202 881285913 -682196041 -1888626373
-2063052157 374918578 -267461886 -1881165407 1866119983
-804434168 1878540808 1005427812 134079753 1239167806
-2001981504 -219591187 -1236378022 162952541 2135298533
592962082 536984676 809572381 78858598 -69985930
1897855467 106303787 1356919983 1733142114 -1283058703
-705925575 1015397912 1493454574 1275560197 -430756025
1190802761 930164324 -1497875988 -1993847903 -1435008624
-2122797609 1161333553 1509417823 1491152332 -860342991
-12968565 -1890912954 1534211830 -2119702038 -1184083087
935366302 1302568582 17363879 -1658572406 1550660831
1594924256 -1527258116 -513458771 1617067580 2095932642
427792136 143473862 888305240 -331836281 181847361
2066782756 11011416 1574861776 -928443821 -196546626
1467911506 433007395 -250048002 518404315 277276264
1674981649 106285026 -1522299115 -1185896874 1341444957
1491087120 586709760 -1757418477 1368223134 -1173240832
112365621 -1149625566 -2027652217 -1974795762 -2023816766
-1118449539 1203608637 19678625 -36786750 828472933
-1513314337 1381596080 1913065793 1519202066 -1052586942
-1018778655 -1287757674 -2043001113 -1703461600 297879506
-1550281135 -945891980 1967167990 197465992 -1282846504
-1358199462 -337250530 1087626381 -1438955825 -94947024
1109523555 731627185 -1450093916 -1187808281 49008859
-1797049094 -1291441787 -2131725167 -1401830414 618513452
567423265 1255084467 -3440184 -760111768 -1597270499
-1037633000 997183245 -1442984592 1454058454 -1359479259
-2019472048 -680687755 367757537 960838533 -1489895807
1839023499 613469907 -999305426 -945710706 1980096106
1765909997 -205358322 1717557685 -135297169 406772994
799112643 -1866059834 1991371738 1710680596 -228046752
769724481 1598409096 -837464669 -1180913252 -1157148217
-1048002898 198008378 1005940720 853915200 -2022303176
-1261223840 -1746374686 -439411163 -2134803742 1262325352
1554900587
