10403 480 -1051180802 -154054190 2028950750
-308852026 1100731785 -1570815437 -1885074990 1762350970
1939758205 1480164314 776195920 -371318028 1403486832
266699220 900332000 977860124 -1881816453 -486996310
-1309799470 -476343153 801559533 932734508 -36759387
-681091091 -1806652040 570713365 31389601 -1966929646
-1344530091 1461478285 -22004327 192871099 735649170
-124961796 -137525391 -397539115 -1957124379 910717879
1209487372 1216884227 -484594135 -1622201956 -772147275
1871427964 1756550512 175481016 1563302654 2030122590
-1413239363 960070635 -928085102 -100064381 -612983628
-418366421 -1697016043 -74735441 19441413 811562993
866131631 268682503 -1349762310 1217232423 -1916503206
-1707321591 -1000732273 -2083914 555515307 -1634716159
730474953 1900751260 -591837680 -1443146942 1726703969
-380205023 2116146837 -1211527121 1392910178 -389018199
1421564543 437302847 -965936844 -1951877322 1097608202
-1648812445 -1734020997 -1763222469 2113620438 -906797003
2133034907 627166210 -948031724 -1083951608 1983369658
-1827855112 -2143764741 -1567498484 -1537026 -1573567360
878743582 536430836 -335998029 -363941438 -1222971971
-333723970 -2090581995 -69399100 1319597066 -1861233856
682739241 -1331595800 -862340400 -69442128 -83294022
-563948616 -1741349455 -932661224 1663824061 1815533365
1277618036 -2042170036 -818769336 1573413239 -1013786228
-2072452840 643999639 -696714026 603770005 -952462292
-1717584106 -680113708 -603878404 -176968162 1029210609
-374578446 -1467164575 1679465666 962886333 1115133482
1492724253 323935989 -25604279 -559674761 1216330854
-796730930 1344759903 600120111 799546125 -1809160311
940888314 -2100721375 -1771756782 1202949683 -403748873
2143024128 -779407791 -320560854 1812979654 -1805568094
-650856313 1910207461 -2132540803 1790547547 -1091762427
-409406034 462976640 -800352771 1417665292 1404957126
-1380407175 1354110215 580373085 -1055371889 -1738502274
-618017287 1988804659 -849264053 -790574783 -1262093270
1264449950 -1892817590 1290693595 -2094664585 -536289130
253552550 -195637437 -1022078112 1758602791 -972799975
1951269653 1090071247 -1236114048 -1635417370 1117501684
-747247351 -1576649159 1611532298 1671909806 -968416326
300441738 -399637439 -791178795 2050394126 792834986
-1976268179 1412698774 -467553222 1509478692 1280784021
150107437 -1208224942 75440352 643330451 1994404267
675266710 1211533143 -1775908042 853006472 397854283
564932547 1512155708 1140097946 197182626 2112527699
526340552 1978699122 -786402898 1669308408 170189128
-130534444 -115821990 -1414965390 -990164357 2145152771
-971477948 666169968 -1331487596 -1455122553 1690609555
-1396218496 -685575572 -793288251 713370695 -1829410957
98617069 1641003100 -799979506 -1520577614 -407898564
-1460227492 1034909165 608801343 312933192 642959841
1227077792 429991544 1556718174 -293146407 1782720104
-56564744 -45226634 -2005609984 -138837060 1436081872
-1081409741 -406270630 -1872440527 1428913184 999261966
-1059934371 1848250880 71272654 1325164590 -463314930
-1964608063 1616522051 -1867713481 -42366872 27932296
-712367435 780619105 317644857 109364590 1638282212
-1980543357 943394813 -1925556927 930072927 1124721870
-898244113 -1079872535 1368835767 -1416518120 622071458
-2083884460 392713088 943485132 -467753049 -1724584740
-338654767 1618109124 -812589375 -710506081 128819316
1478680504 -1023353308 1000368899 1805101432 -1979346989
-185902070 957885291 2132120916 -1073630661 -265709353
1767842100 -226491916 -1525299572 -1062723417 -399639049
-1440795205 -393643871 505769482 -696028024 -311358776
-402884429 -450937847 -1998437822 1941777714 1871291454
-1000108588 1224346343 -239982380 2131160089 1987760069
810892574 1382639505 -1062978693 2047962474 -698520536
-1491958588 -1887141048 -164265690 1196154195 1384548676
-210636229 1635364548 -851412726 1062381450 -2025654860
-2098896637 1746875727 1774450825 -246791861 -244964169
1707010716 1997299552 -722456587 -1743901950 -2068282338
1466337071 1775733932 2094506710 1369555109 1010355441
1187525532 -1542503647 1400221952 -1173672132 104807008
533199844 -911244314 960278890 1548814424 1745424626
249151754 -92185744 -1057392828 1849741694 1177954798
1910732957 2123910249 -525619240 -2117216001 880496680
998798097 196964916 -736892033 -1503411751 1225428345
252272780 -1870506633 -1864102552 -766629788 710271704
195236929 -1181164437 66741620 713082228 1889858794
-1266666181 -1598142544 188271263 1577911781 352595280
-1867529211 -1169389887 -2087129608 -841252891 2081302053
-1733013047 937177085 -921932899 -946422348 1746145091
-1868836188 1531185774 -1219787884 77236239 -1210947370
-957704175 -183463155 -1720497113 1246298204 -660362282
-601249650 528915711 -97643329 -1693523942 1959503647
970363997 1198429464 -1772440713 -326818825 1751338063
260247097 1504419624 190456301 -1713492615 1046006632
962927579 -1372547262 538135810 1901162507 608811750
4593504 547305529 -184845004 -1704693718 -640144153
-1352663782 -1832513994 849995384 -1785490881 -470875143
-7123890 1434734872 1485406317 -427529267 13176787
-1061031890 -2122046251 1851228032 1631818848 -682009587
1381029467 -205371979 1350029514 996326572 1335565522
1565826120 1299199085 1901173419 -784414186 -948826800
-1760173799 107084478 737153347 1888343624 533846156
986849810 -607394207 383254508 599038720 -1588757697
1443824649 -1923968934 -2100447227 1629110372 909808124
-303809016 -1894165658 459590092 -197223134 1815657805
902669222 659136163 1063734561 523496202 -1342039081
88542076 -1824051600 993585063 -709812710 -665624017
-1779709901 -331548553 206938354 -1959641161 -238796002
-1181697508 -468809636 -2080722073 194987396 -1661091659
-1405393040 -1970976354 1371676122 -1109851965 -1538010365
-83089338 -805923780 608430407 923313635 -634400264
-742791363 -980224009 1643604143 -1610414822 -1964169492
-1197054713 -1441639323 -1741796159 -1519177351 -1988613501
-2052393228 -1449270583 1454386040 -2010091894 1617009950
485031534 -1385314757 233207093 -1444243859 559442180
2049248786 -1470920827 1335416756 -1655466682 -806342211
-1129205106 -1387932172 1776698525 -1551358313 -2108448137
1435428650 -810087088 -997342097 -1296892141 1773138193
-393702006 -558999274 -1904795488 227645301 -2041772677
-196954795 51292737 66331572 916629979 13920559
-809535121 -802951411 -544833430 -1283223553 -1205204698
1972669002 -96698383 1279640965 1655979119 528675768
-1870217322 912981117 900115261 -104718669 -10216768
482407487 -1553026598 1602497230 -496834925 -1713648414
-899072582 -289797530 -215003068 -1722421343 685072602
1386555623 1140606054 685221494 -779145468 -623403424
1687836923 65283065 -598500695 -1632860732 -1577871198
163106295 -76802004 -1026199708 615606616 -615180932
-1774969483 -320093505 -834914339 1652584365 1239780907
467033397 -946323527 -1619294856 1167205059 -1809578662
152428997 -126885479 596601342 -1303822055 2126902551
170714379
