10403 552 -628234987 269390403 1141654701
792587753 -1042166971 616081539 991184238 1976254412
-245351214 1034796724 -952626252 655975454 -1532805952
-1698399254 358538371 -334681489 1123193499 -2122624939
1878770003 -202626149 -224884781 1260433873 -232422516
1915051542 -821691832 -477171042 -491828662 -1339531952
1416601950 1210458936 -712405711 174134097 -189904695
-100720417 -567118159 -709932931 1640312697 1530985583
-1213081078 -1653137608 1084795710 726858960 -836394352
-1226551862 857725636 828991222 1606250767 -351391429
148158159 941531073 -876247401 1625773519 1110165895
-1460794787 -1447868200 341020562 642715732 -77502742
-65183242 803911916 1204864786 -836792124 954535421
1616166269 -1910728403 1519867963 -2093010555 575430529
-586850259 -2016346165 1411534278 -1517025036 2026645882
-1729582980 1605734524 -266206714 2087426104 -1931512702
2076661083 -10941689 -1425433885 1318040797 -942916485
-1669670093 -1883528933 1350186809 -2047859596 1818606062
706659632 1127991638 -798849102 -80459896 1624839862
1068142224 1450385049 557106841 -958903583 -498005225
-890025367 887601973 1228559649 -1047172521 110502850
304595552 966333990 -1247447528 -868450056 942418034
1649480700 -1071402162 1137245031 -1874006605 -14590889
1621484009 -2040985411 -681826888 1867555552 1977000799
-950055068 666759035 -1251787987 -1812664866 1762598000
-1002352881 637539673 -1860330566 -2065832843 1130162424
-185358784 944345371 143562503 -2010132242 -1867438686
-530973935 2038246178 1981935141 1475303371 989375568
693527682 -102827955 283352715 -1151854764 734544795
-1975946054 -1722269834 -682303163 1879657905 -1825859260
-1597787396 415332491 670443144 -888550169 -751386983
-1436135166 -1813448572 -1199948485 -792116147 1340782110
-1965283903 -2105824116 1570856716 -75972137 1153061771
-151489750 663617198 33309997 725413046 1152413761
-498228585 -1606497916 -1378167850 365015369 -1041752225
-1287330152 100684583 -1986469090 1050607474 1762489185
1280897317 -642593504 732808280 -1255180457 -110363668
-1010834413 264614165 671481638 1649594632 -25466601
346833457 643877970 -448294499 -395852272 670290040
-747471133 1777158223 -1597607450 1627711914 -506527111
-1227435414 978484317 -316018301 1266016824 -970040726
487382165 -1262343373 -1226570660 1096249027 -977155854
1575385614 97805421 2008091961 2121201036 -1858297708
-263828093 -1223882064 -1140854305 1332103905 199952682
-1928360068 835194403 -130990203 -744693290 1355199113
365332260 -2011431036 1071533944 868097555 -65575994
-1483818049 -1000214260 -537721670 328606525 977379048
1543754392 171307003 -1557526086 -1864300775 1182852788
-1261642360 1210818751 -1470604976 70240936 -161906617
1767754778 1283832151 -1159622816 653951162 386277969
1482789992 -1034085640 35538999 -1087727338 1609337077
480300544 465478316 -553904201 60758416 -1224811880
650239795 -2059145050 1784060487 160482116 448997986
-1060960707 1874603424 -451024512 -306759165 1971842330
-1882920207 1109773236 1227217320 -166005657 57823888
1066350760 -206709889 1041877474 -1959990641 1122443072
-1916935182 -1106462951 -2114396416 -1250647936 1879760311
1973406303 -326246603 -1215130224 -877724743 -135252435
605713879 -629974913 839086365 -1145925359 256406853
-295128934 -341252407 100478869 1253997273 -2089722779
-91398321 682653895 -243905779 732749584 1423902361
-2100792415 101433075 -1465888413 -289167683 -142778615
385185225 -1519372558 1568098237 1454766085 -499624619
976504697 248629527 378382767 749932157 -1462165568
1706477993 -250023683 -1333863041 -747032185 1799118149
-1044168743 -788040475 -1995813766 -2107190135 -643892227
774893929 -2061591131 948996159 400097983 -47260899
-1124878696 -2406703 -151839839 1434055899 -1826101365
-907523411 -360136695 1405221897 -1891656408 1302321586
-1292674262 -961538449 1626705069 130102046 -706929458
-839093511 228589390 392916514 -821745154 1455244337
576129519 1524410992 -1752439516 1719038701 1762258000
1351021854 835645874 941878315 -721854439 1113646950
1647238942 1155356617 1826041126 351385770 -1002274710
1409123501 -208457957 -204005704 -117430140 -179509015
1130406288 488272770 1429021482 -2017413953 -1119087747
-965655930 -1567866082 -365740127 -1333624354 188406738
303307406 -1608778167 222573127 -1963654664 441854940
-563592691 1536705200 1461721150 -604387510 -1545489765
-641680423 154774326 -26617834 -614449895 -223691298
-531358030 800178602 701294421 -1904243037 -1570689112
555868612 887956585 138782936 835343410 -1124684086
264585631 2027324941 -1614434866 627570030 505105641
1355780286 1708365906 -564771010 -68794607 1261950511
-688064608 2075153396 -2062787315 250202240 723943710
-219651422 204695131 1719589785 732452534 -1481463506
64519833 -1602582762 -2127479782 601601466 1514682429
-1595698613 -258699112 635453044 1048952841 1729799584
-2028403246 904479130 9548607 1886864941 -1438588426
1682835950 472759281 -1990753442 -1041718606 1791008190
1518735689 -2090403289 1171428104 -264888628 -914749059
357756176 688470638 -921765254 1980919035 -1704771479
-1261553674 2103868582 -1733877511 1276380846 320144162
-99940758 -856189403 -2143955085 -887141352 -988803996
-2057131047 -967190904 -1366258350 1916298634 2079132879
1895028269 -1663149506 920064238 1760657689 1260961198
786497858 747147582 -301350351 802793391 257924976
253366532 1891082445 774858896 536602590 523307666
-8848213 1409556185 722619846 10111998 215477737
-1792507546 -1336668886 -673180406 -348737267 261999419
2090872696 1490509476 -148847895 -680853040 -339459294
-147550902 -346153217 -383233187 692577734 -65517410
389301921 346676222 -110365198 505198606 -192319703
-1182424665 311189336 -1576201700 -1177896979 1492079632
1697792190 -1741929078 -1748609157 -2081445159 -2043995114
-139021354 -700568167 -1789196354 -1631455662 1484359946
1626102741 1469327459 757807528 -483174108 -669365399
-761847944 1590439986 -1691303286 -1007966145 673423277
-510843858 507329582 85169353 1856532702 -476078158
-1568572706 -1044376527 1961498447 651445984 1128057812
-594669235 305245760 95123134 497340546 -899303909
-1973301191 214529366 -1264136370 -1868282119 447653142
-374727782 1133490586 -582267299 -1367579925 350079224
-1743937836 -122949591 -1149829344 261747250 -1260850054
-1728194819 1512322418 575164313 491630836 1905200533
426676111 1331751011 1098557090 1262490535 1539692364
1771515387 -852787766 760837901 1212527949 963833163
-732938478 215691521 544044350 -1068086015 -1968668860
-290181339 1332979127 -1153881237 -567129666 4349955
1091123088 1987876419 -881374230 -1335389455 -1081583603
2034239759 810380202 1547967709 735643778 -566862271
2112023780 -1379241427 -988758769 204747523 2083932882
-1424155185 184716884 -1222148269 1014665266 538635437
-1711712739 -2098813781 684681706 1834177377 1941743582
1179005121 1406654444 -1511286363 -45478957 1688697459
1865318220
