10403 72 209354236 -63362746 1372629084
1549993127 1250893514 640943623 -1352246178 -1022414083
-1422227475 -1993281419 -1128640317 599446205 950534616
1850128468 -1651259011 -1280300144 1107181960 1510406907
945309308 -253287716 -1940592719 -1844803604 1994258273
1968354601 -985383756 -2096589394 -557786368 1909243330
1998047022 -1449669666 -1691013643 1119257823 436475687
-69893033 1309029006 -1146853408 -1618009105 46166101
-401521198 -862679809 -1505042345 359215911 439225670
1157186912 -844982667 1409667131 -218110988 1524329915
2099610546 -1025923900 197070501 1480846265 308667615
1800417354 -2050658591 -342546825 -984876316 1220573636
-46181801 -1106091739 -284874624 658705511 -2015002989
-90901594 -750365595 -555572847 -479170722 604990229
318932896 1486003440 531091160 313471172 100006792
-1352958364 898670572 -903552929 -2030251442 -1262984475
-153750295 -717712808 2127492175 2072445756 159499857
-91538980 1789128126 43152378 7165043 1949673432
547215553 -654034368 -1050710297 -1108975219 150325644
127478530 429750557 -1657378842 -1214689512 -2142711292
-613366039 2058443717 -2026741191 1702360907 -770422758
-570991397 -1376549442 1229156366 -770507823 -105365815
1478732794 -885317575 766527745 117399636 1031036530
-1320298213 68357893 1852123480 -332065550 -1121166206
-96895831 1232822511 -1032655967 187428881 -1701567533
-373297 -1175403751 1895342460 152773563 758379538
671972230 -1678144478 -1798915875 -1736381685 -2000790962
2030956437 -1440504953 -179950478 1798795772 -2022643418
-2008521298 1369407990 1089108532 -1114302229 -307476750
1392618359 -1473548950 -1377544314 -1031998214 -1131923310
-582295184 143828746 80939962 543299282 -1379993715
123176649 851831905 -1339196763 1700242873 1616284823
639466184 -485068315 -532083101 1819236816 1908140406
5338413 1425175924 -811561227 1685808496 2075318420
-901795947 -881475930 103851973 6409973 884617920
1944918918 674217428 -1490101493 -1071537830 -1897172717
-468826578 -829224875 -1056415891 379146312 -218772174
1102842089 -1347313637 -1309888544 192315858 1714261837
-1944117929 -1629576759 -1122944677 1169079540 -1105580089
753645968 -1835478949 1351526233 -2083999345 -48274594
-1174539620 841780832 -2088714672 948583784 -1961762642
1066739657 1018673524 -375320569 305195043 985731915
-936970364 -1191212713 2042384842 -686091684 894176174
-85702802 2039294459 2080088341 -1276022937 1219531724
-520724346 -1180276998 -1050179028 1658123415 -1876166946
-1943287046 -1981354507 373269269 -876109699 452734626
954594154 -102197325 46772936 -884548499 951154820
555734041 940576940 1525894018 -1497302230 919836299
1733732321 -815611324 -531984878 237439434 -590796023
-366721888 -118078750 -151342986 807951414 -1263034243
733823307 302107962 1368004663 489333542 1301364395
2071277192 36273588 -1331146940 12083862 1498693042
2085197347 -970065933 1516676138 1996366545 2142928507
-895977886 -1612982282 -855317570 1070619943 -508770854
1589881493 -1899747494 1528094394 -423549006 -1326186908
-671026868 -1285521442 2109722582 -415231918 -1419770408
-590972070 -1784681674 -1613366989 -272694184 -1910513697
1208603267 -1617940097 1686390956 474262736 -509497891
889744919 -1953334386 1757626158 1456409280 1689755503
231785082 -1584877346 188903141 1005295751 932354080
889153099 2100801570 1876841996 1465525021 1006494809
1398901174 1999833150 2015799699 1437050018 -533357611
38659169 -1924805280 -1052194862 -1163006904 -1732968642
1679524576 1892353115 2125802446 1484502101 -383005810
1791153489 -1493845424 1530756530 169972248 1165537979
-367239417 1979002247 -194156282 -1933839472 -325213534
1538297981 1633234666 2102045020 2104415687 -164000711
-136428513 955929876 -1114725134 -231126767 74929137
-1377387402 -1885896227 -572423995 -900182142 1134019929
-1053375517 690760096 -1092622942 -891543129 -449266920
-203585033 -1206110899 241963320 -179209456 133651022
2018590180 887043878 -560475691 -1080835518 1195803958
2035863225 -1916317611 1442261060 360103790 881966538
1551405649 -578889919 -284191392 -1195742875 -717778414
1996264479 249187418 1111282598 293384045 497221421
252645591 -738295990 457661154 1369119578 -1609715418
-750081574 -1077469198 2096094643 -1465549385 -585312728
-1991831881 1169533864 608750694 -1635872406 -881779435
2068978225 -1555306435 -1337305195 -324274942 2073822472
119418872 254348244 -682010634 -515194141 1539822181
515439842 -222664473 -1382390733 165814948 672119184
217974168 472509784 974578168 -2063852631 -2105010841
-1898347460 1567865245 1530321635 1309606102 -113247965
-1272324003 1827317130 -1395351151 -1804362308 198260102
-1979252755 -58790329 -681488602 -534267612 1853400615
-415074756 655835103 -744434696 -299236080 1796619350
1898561756 1281864474 -1655060519 -527589776 520845370
688568926 746128626 1621332251 -1172388256 -1183032029
-1737293197 1126310251 1067944376 -625028008 110908737
-1340227900 1611937917 622051280 -58745735 -289179747
547208901 1321962112 -1141932952 -92755502 1264587217
-1787552355 -1840768648 1013256046 -1668538398 263782587
1874227654 511731340 -1577810575 1939641201 163806191
-881075208 -1371337258 851968247 -391392141 1481468668
-2135608723 -1861536445 1290813889 581797792 214565954
213255628 -350015195 -2077775660 -2081032025 1077237294
1008297308 -1098916739 759776554 -113644384 1899321324
33415081 1886979927 883889411 -638067086 -31296212
1370417095 1560679614 -2030837744 1853167037 -1931477194
-1338964570 -1701717337 -80125399 1438600547 -1184106475
936995972 1793440563 1409333331 758292457 127696660
-1372300726 -1047621370 1714984168 1291811305 -1444990857
549434572 -1724318351 1509303322 2097301921 -1296844297
1054462684 -1325308672 -1628424132 -1659717289 -1727262133
419603792 -640602485 -1022067367 -1687829388 -842619356
1501839573 -1723023274 467072012 -1412391025 -1014946380
-1760747518 -1120552972 1389215485 -820920963 -505504682
-999747731 1186037298 -1198520046 -1758570814 105951384
-810092765 -1627250735 602617579 -2123502918 -676732694
-1305481307 176741454 -2040157479 1468970016 30005382
165805457 -803335793 407995000 1975547394 -427153035
-1686681579 643416551 -2040752191 -2008375585 -1640933901
-2075354229 237907270 -937324993 1398652042 -591552147
-655819891 -1342032650 1438573610 -377291888 -1863318615
439688953 266887726 60587267 1634305081 -397857021
958210305 -757344250 -1097776679 474959984 -1168789224
1426147503 -1725182438 2101845180 -94015035 -1194130514
-1798526384 -459038467 708253018 675673304 1724222550
-824437589 1287959216 -1240333607 -1144301538 942117539
-384245522 955658386 588000098 -2044988097 1847705574
445973311 1040191125 633791291 1324821257 1247338673
1408015810 1268033833 -692650069 -2083067166 137977848
-760348107 1909660619 -219606120 207666042 -828461155
-248425859 -921506174 -116340015 -386101302 582991857
-564624643 330056317 1228123138 -1257463829 -960949595
-1485308899
