10403 216 -2100682321 2063397945 63931962
-1734886178 -1701984647 -272627481 744406641 -565647418
303742328 -1556933100 1370574970 -1915250694 -408214174
638329049 -2044062744 -1854399819 -2037398650 858618184
516656512 12765208 -1601583837 -2086788527 1094520270
-1651313400 -1799650386 1253449537 1203760529 1010083888
-1692976668 1865936251 -1836854000 2029319902 1497290544
-42352311 107371298 50960492 1983892786 1445918163
-1648527610 296640394 1944106154 838231119 -1133601944
-557967814 -655954926 896841819 -1015664100 -672981361
-642542984 1478430292 511732626 -1775850515 -738863055
2134647675 -635221835 -435937663 1207071275 527018227
-1959452430 -1236132289 -1680650285 418872077 -1528486546
335102216 768458921 -1549680988 524968789 1945267156
1937028333 1058050566 145832864 -1722109558 1031380596
2008874944 986492806 1743201160 1239220980 -1180771951
-1215652728 2054738098 1533806941 1802843435 -2052663762
-2063594468 1285080423 1040294354 -1517777554 440725255
-1149568816 301086564 -2068029787 809734769 625779252
2113518853 -484941960 547455363 1177238179 -1144216134
5430916 1860380365 -997675977 -131520587 1412584720
574288395 -2063938125 2097949114 886700303 -1605664514
-1294445727 1635200911 -1476200447 -955583769 651488349
-1788295194 -745958767 -1561269557 -565161622 -1215893732
-630155064 1150102749 1752812712 -1926180304 1061928303
1294043309 -427461805 -1762506668 558101887 1987670475
-1656697287 -1519432512 -1134917462 1018856720 342844682
1132428366 -1019780289 1005063231 -662935954 949917358
-1181098514 642226583 -2113194545 1626012452 -988733271
1309980444 -1112485817 1201732511 -406611827 616800961
-342091957 1358799632 -208505501 -1486203773 2063362020
-694454888 355170600 1667844373 -1378912720 682108713
855513576 483202332 1663360352 -244770851 933596793
-267928729 756069832 -1855147369 39887947 -1408561651
-1899231526 -676677152 1828255527 2031317069 -6197943
-1218702773 -1719272519 -1422601788 1220419085 -1803581804
-564085605 1500353950 38095309 -1441610822 -1013788801
-733365974 1119514961 121260014 142281526 -343001598
-121288736 -289425982 444153000 790561033 175602374
1293530401 -357627416 -747218908 1257838667 -92058647
-13186225 -325529362 130380137 -705891492 -1013610833
-559220079 -1303820139 1497250596 92302039 -1000117136
-24018060 641136328 1539168204 299481039 -1892699140
-1965535844 -572372491 -545904853 -2094134268 865142127
329311585 1148333201 547539139 490142071 394839093
163159275 -1531277621 -1325868120 251241390 1743806039
1420944317 -1954421203 797617939 -1232101340 -1208334625
-1013456741 -1475896748 -278761752 1755244256 -181560551
710583808 -1911264544 -949108052 -105324288 1619398335
-522790020 -1578973672 -1534972552 2056797746 2024319189
24600062 458988345 -352504538 -113527990 -1753797483
677802791 -1464428939 -710466054 -1791687606 1428860467
146485293 -1413363617 1630471632 -1516998159 -1466567105
-1238154980 2073781963 -95778921 -261180047 -1755681809
1335252576 -1451383583 -95758769 -350147679 -1662476698
-1691583471 -860049658 -1207795892 -2017324746 1581947467
1127760360 892064291 -694948378 323980444 73062146
-20610682 1677667475 -146445005 -2101642671 -1086276179
1761570709 -2061774158 1657216635 -2012392200 745014565
-1650307359 1550582988 710298430 -1365488234 -1793269285
1638427081 -420544142 1540938787 1131559355 272539439
191974789 1099284783 -395977411 -2037024154 1707920699
738082497 -724734090 604145252 748653690 -502791230
-864422177 959098237 -1274480860 -1853710002 1806992658
-439792963 955311682 1974789412 -1347521994 -290273840
-1488468156 2045860684 -1721044145 -312807356 -459141277
-1669191236 396846260 -707317786 1816198335 -855071973
-1172150134 1112280016 1117599222 -1135451882 -424353628
713369269 876845026 -2006190071 -1080092379 1150707080
51188946 1160826333 1302703114 1918429197 -286284675
-1453030931 1115772487 -1158557530 -1809869307 -1982020636
1245143498 -944878234 1566380162 -515849001 1306228107
-10813497 1922747742 -1517856407 -473641681 1240737193
-810585040 2141664070 502425413 -495279994 2075521762
-1505231374 1745098567 1416531331 -658024973 -1757917133
1136854084 6475224 763871569 1955870363 1382376393
633675237 1880183239 -666531268 -895917873 -1821631324
1306066674 -1221788998 339037882 -1201444382 -1269489995
719458128 -480868551 -1744227653 1518753163 305039584
1130033446 1696295363 495721243 247464314 2098967482
145316464 1767930390 1650617768 -1882554680 -1036559888
651788302 -1433642603 1590884087 -2099774662 884475740
1858052711 1461940685 449348366 293227908 -1559920685
1072694375 -195961678 -1336087905 -699956177 496505621
-2104014138 -1513466637 -807333359 -895976426 -480432673
-2123369463 -1092376665 336174184 -1019873887 -858393776
1761523490 1697382150 1125729858 1491171126 -803042553
-1182476518 411219996 -814986958 1253752238 179844720
-1209894107 246018739 1470149515 -888810277 -583157849
-1593150892 1704480659 53505793 414867059 1453982356
-304752954 609832035 1835317274 935758388 1015692793
-566172916 515217367 -1734678593 45671549 302083240
17290362 -1041298312 241005963 2059051312 -201431828
301532937 -1656382383 -713137837 425580111 -609552003
1199489398 -666749589 676829039 -1963054502 -706519018
-1565509500 1327675792 -1746259623 2012425297 453459486
1794826771 -474860630 -382046473 -553319492 -1116407259
-1600987483 668269623 92547462 1789785399 620043995
1177728255 -1235753763 -935148410 1984712758 1689620987
-1390534668 1340371823 720824159 1828607353 -1247815140
-612174447 653655532 -71513548 942018520 888192592
1047414271 -979985601 1848495915 1159528786 515333364
593878973 472925256 -1890839825 553045782 -1400968265
-1997735898 494261391 -1878645051 -713239351 1108878941
-467483010 -1707001358 1606876758 -1081625116 1313186488
-1210734145 938637855 -2095667046 -965263622 -626439771
-2139189876 1755604088 -2101823295 341634936 -1234629247
1331544347 -1744370322 -427808873 -1049047771 -993143452
-922840028 1922463050 1473539362 1418812443 1908139887
-1802480296 -1584099838 1976578549 1534905896 470464410
-740240756 -1776768034 1379671577 1918708167 235223458
538839971 33076235 -932240888 -561759545 -751905247
1729465222 -1661745628 97713911 252397528 649868454
-442737588 -658340708 -1119589419 906463161 -1096916738
-1312340525 1070527614 436162871 1629157686 524251151
1393045499 1939190321 -1967402577 1248853216 1577993933
1475499112 1334642387 -1667398896 -870806584 287807734
901809069 -831047485 -1117040971 -1725846928 868736719
-1768738164 -1868625747 -487658308 -284537279 728589256
4921836 -1112993063 1969603068 -951121134 1127751398
759594486 -2070902323 1133869943 -1919964040 -2143689216
-1173421953 -1949306620 94715691 1065106135 1781597324
-1929806936 826964886 -1505075251 1792206392 1209680379
1896518215 1781868102 568996415 1986419594 1451185503
563429239 -1323688945 843756641 -1839420645 -1503557438
-1767005838
