10403 360 1519936416 -1855114806 1203624555
1112118042 -1206236313 -971561988 1000687764 -1835920012
-925422896 -1759335023 -751311158 299838896 1375532909
-1890150311 -1852527467 -1505962555 -267299028 -1361723871
1267387102 982605297 -2051141339 831384049 1505528777
-244194016 -1887192443 -670307078 -1214643023 -972744763
1938350877 625083147 -375259814 -478402326 -1069400791
-1054717185 50092876 -1627185083 -797902057 2145909395
270777358 -1528355512 1781224968 -1400772231 2054526567
-784735346 -668223064 -303128983 1528619441 1857201921
-208932793 -1936730940 -1067494592 -983558057 69918412
-816043108 -1860687141 -1622175964 -1294031910 62870492
-1768227158 -454076798 -686227840 414810093 -2101958936
842904117 -1638644801 -842662489 -387710635 1516571299
2103700117 -1152062962 -1303469884 580740167 1817871520
-321270415 1402927580 -198880695 1096608822 -1901863308
1791585519 1695929867 1100653404 -1287458651 -1511036920
35358429 -889296463 1746157454 -1720976335 -1485351641
-1705325391 85489434 -1965009455 -913454026 1430822582
-1009557596 -681180659 -1957109407 625753389 299637830
-1517388816 -177517308 -139994395 1093839290 -7264592
46212373 -1611995954 -538250077 -1031573151 594312268
-1233146780 882627971 551599578 -2136645173 -2135784937
321729544 -446135397 -1209498308 1653729452 -1526734365
2113641880 -548977990 -245505912 1097437534 2093018460
860776438 -1856993728 -24811736 -127821194 -1215010659
1894733336 -1307136684 -1012563369 -1523983919 -2122886859
-210802337 1647113381 516971271 185226433 -2013728638
-792862675 290870447 -264062754 196962479 -909913050
-690639587 154307410 410072393 -553266443 -894324452
-848092328 -1968271926 -1604811769 669722136 529720281
329353622 2146141414 -1369418680 -918881721 1757380371
-1842476438 -1379392405 -1100731855 339275487 208804081
-466830841 -1391813396 -1779832633 821287974 -264043470
-1701210558 -542173507 -1215030683 -954933596 -1409233156
1050894783 -530735747 715727870 -781900941 1870527175
-1556489233 -779028158 -1725051570 1919724541 -1282026107
593679208 -306474887 -2099930858 400372409 -516558847
246195435 -1385563179 -287516081 -430044534 680795386
1400793104 104478384 1126080004 1587228419 -1843019401
1471678002 816102291 994664146 535715452 -763868650
35611337 -1582016245 -939832939 1652828445 -1936355506
-1788671631 184692839 689305867 908326919 627352404
-1060593280 1795027322 535310306 -316264392 -520716580
1401005053 -344567068 746958246 -365190219 -966375322
1561835006 590114054 1232036950 -2091066831 604577438
-1650183630 -866049995 -2128264554 -947895474 628998237
1981411592 339080348 -665543117 1213365416 -907166403
279582849 -1152203953 -883022580 2084972814 -960539772
-1224112197 -2132533233 -2068260301 -751331831 621869094
-1183938942 -381599062 650626691 569868417 -2052772325
-1388720931 305164297 1761636151 485737574 1480597144
1046186684 1749487451 739238587 -1845760630 -741115480
655454240 -111010819 -189025907 -71383605 312482299
154136818 -43399808 1201262269 -343010747 1797021384
1965540440 28924419 -1810068284 803566539 -1222312503
-410936213 -175997524 2117598681 -1893813005 1490936360
-917207850 385554666 56123699 807819127 112622420
-439553352 -1886902247 -1361904192 648496602 -1393252092
-2040698427 -49231886 -451144938 -577701360 207193207
189668594 1933681384 -749899278 1912663839 1353009260
1971542350 740628881 -1273817497 326925314 -1061647952
1596683453 -1304759416 1124644243 1884110298 554043523
1821157557 1350402598 -1137336439 -1193949996 -289682755
1418896506 -189099968 470683953 1243339161 1893304534
2004306449 363845763 -431578322 -190690446 753790080
-146340629 943498579 417245409 -1503258553 2065172441
1074957719 218804028 1471049900 477715682 871160557
247005886 -674303161 1001267469 509373255 -812338289
-373296427 -1764682414 -1903985399 -819287459 -151377969
700640725 -2067746159 369577625 905072912 -1435846743
62254223 1231528113 1939139743 -929235314 103963063
-1070334380 -2123015146 -576578755 -1906965721 2125762688
-719270849 1167520653 2032192110 1213684840 1402526815
-1806918770 -922957146 697560378 2015471209 -1419261987
-467336707 70684574 -1069219345 -1199478609 -2102399368
-1596685401 -1767394599 1854924223 -1600524465 939970843
-1319531776 1615982043 -1104943439 -868750656 2128786006
-887101929 -2059220790 -640375837 -1454717322 -2000153761
-692047959 1879707478 1443021297 -1180188834 -901785773
1757401031 -773106380 -83389002 -1587137281 1192412252
-1975103949 375799925 -340746487 -702469778 946522107
1875234959 323705401 1510978949 1178393372 966556503
1207796106 -446607570 1390154205 236111657 -231695218
-513931232 353939072 -1313791520 -408634036 687183589
-479962171 1693095755 -404489037 414972602 -344894306
714418724 1217287648 -1252266893 548405216 -418373141
-1025650830 -1494109225 273443464 503086123 -2086372353
1424690032 1404317187 -1448307624 -2090413058 -79062696
834179677 1327050307 480729893 -439537436 -162327507
-421913425 -1583716148 -89241234 1330408674 -561356713
-1515830412 -487563553 -1157319483 -319802573 -317133816
416773164 1062941048 198585078 121872136 1498580320
70241328 329992389 2011512102 -1393839305 -597905048
-759386703 475010382 -535604062 -783073844 -1879872934
-1845609130 1527663628 -717839073 -1660882680 1056711480
736466565 1836990276 -287241415 1202235787 -446748500
-239705574 898536192 -1788099514 -2079696223 1252659027
-2046059475 1923084281 1583011440 967713110 790383746
-2130142718 -2128393634 187659069 661321074 -1244918734
1854259528 -1528588522 6626194 -93257486 -2074427223
-704096732 -123421261 -1596477039 1682623532 1412465817
-2054921577 -1549133006 1353624328 1456783566 -928026882
-1030040981 -1648900288 -1890756045 24521060 -769040923
-1734102887 -1191718114 -2026589237 -721323564 2143875595
-1291435361 -912548088 879952119 1718762909 -123683111
-208879711 -104725047 71545409 -379562763 -176682638
-1236040218 2079394511 1206258861 2058111307 419472886
561215381 -1966196187 -613860472 1107623884 -226991188
553942640 -837562768 -933552211 758378984 -1226142740
303853796 1533928579 -525633764 -1745730265 -727167604
-1784466181 -451934726 2118201424 -1529045848 1716218553
1572652368 909907882 1477301014 372948449 397665858
378162050 -1003118560 745594690 -265941725 567126019
433336011 1765689605 844515278 -2013780381 1975674128
648011492 1028594921 2089067651 -443750642 688615713
-2017549445 -1001778227 -1782452593 -359460381 962214934
-1804062377 -1985235332 -873999606 -217977643 1259055546
949926507 -1169281415 769445576 815651045 1961831387
-1055440291 -1880780744 -1391077522 2010574318 -313188411
1993601270 -1041208899 -970772200 1221967111 -1630944841
-581732107 -305106030 242230020 1486201333 978128809
1734165779 855022034 -1512820893 311548335 376834884
-1639059990 -1254015192 1197215829 -1149526215 73449465
-131823236 1037182179 1098920556 1151972438 1836868572
-1796501874
